# Title:27-mer spectra for: LAN039_12419AAC_TAGGCATG-TACTCCTT_R1_001.fastq.gz
# XLabel:27-mer frequency
# YLabel:# distinct 27-mers
# Kmer value:27
# Input 1:../../data/fastq/LAN039_12419AAC_TAGGCATG-TACTCCTT_R1_001.fastq.gz
###
1 65647465
2 7467359
3 2378652
4 1115004
5 662067
6 474415
7 368787
8 307476
9 259253
10 220869
11 199694
12 179451
13 165538
14 154914
15 143559
16 131217
17 121830
18 115335
19 107535
20 99001
21 99055
22 95585
23 89588
24 86907
25 81328
26 80908
27 76197
28 75588
29 73297
30 71469
31 68608
32 66608
33 62847
34 62071
35 60502
36 59375
37 58058
38 58143
39 56498
40 54632
41 54047
42 53932
43 50769
44 51230
45 51463
46 50366
47 49505
48 48828
49 49404
50 47553
51 48456
52 47419
53 45996
54 45005
55 44269
56 44545
57 43268
58 43684
59 43960
60 43095
61 42483
62 41695
63 41421
64 40328
65 39230
66 39327
67 39096
68 38525
69 39056
70 37471
71 36846
72 36609
73 35894
74 36000
75 35122
76 34178
77 33180
78 31701
79 31322
80 30981
81 29964
82 30345
83 29803
84 29585
85 28986
86 28710
87 27590
88 27102
89 26919
90 26545
91 25956
92 24812
93 24723
94 25053
95 24719
96 24405
97 24384
98 23893
99 22839
100 22731
101 22733
102 22466
103 23117
104 22469
105 21796
106 21608
107 22090
108 22155
109 21993
110 22320
111 21563
112 21846
113 21864
114 21383
115 21528
116 20937
117 21203
118 20989
119 20908
120 20666
121 21090
122 21622
123 21671
124 21414
125 21238
126 21431
127 21589
128 20907
129 20264
130 20468
131 21034
132 19682
133 20126
134 19818
135 20212
136 19540
137 19285
138 18584
139 18481
140 17809
141 18260
142 18885
143 18443
144 18213
145 17770
146 17270
147 17222
148 16845
149 15716
150 16025
151 14906
152 15349
153 14640
154 14341
155 14072
156 13996
157 13502
158 12871
159 12784
160 12379
161 12078
162 11519
163 11311
164 11334
165 10888
166 10343
167 9813
168 9684
169 9309
170 8901
171 8372
172 8364
173 8040
174 7821
175 7089
176 7106
177 6964
178 6430
179 6000
180 5626
181 5481
182 5529
183 5330
184 5303
185 4905
186 4615
187 4285
188 4276
189 4065
190 3677
191 3728
192 3609
193 3292
194 2935
195 3021
196 3079
197 3010
198 2806
199 2843
200 2804
201 2816
202 2698
203 2641
204 2513
205 2365
206 2277
207 2187
208 2089
209 2056
210 2146
211 2071
212 2105
213 2115
214 2036
215 2105
216 2084
217 1854
218 1738
219 1889
220 1703
221 1721
222 1719
223 1672
224 1628
225 1628
226 1602
227 1744
228 1799
229 1613
230 1707
231 1675
232 1711
233 1678
234 1723
235 1631
236 1650
237 1623
238 1647
239 1582
240 1720
241 1537
242 1490
243 1592
244 1756
245 1777
246 1734
247 1690
248 1591
249 1640
250 1657
251 1555
252 1540
253 1603
254 1511
255 1487
256 1385
257 1442
258 1416
259 1458
260 1475
261 1391
262 1383
263 1306
264 1271
265 1351
266 1355
267 1335
268 1340
269 1251
270 1341
271 1340
272 1414
273 1242
274 1283
275 1263
276 1228
277 1164
278 1198
279 1227
280 1177
281 1156
282 1113
283 1111
284 1084
285 1098
286 1059
287 997
288 1081
289 1093
290 1111
291 1181
292 1078
293 1071
294 1122
295 952
296 1026
297 931
298 982
299 964
300 1019
301 956
302 999
303 1060
304 1021
305 950
306 934
307 902
308 980
309 963
310 963
311 1002
312 985
313 957
314 977
315 891
316 925
317 842
318 782
319 806
320 778
321 840
322 809
323 962
324 860
325 806
326 800
327 773
328 798
329 803
330 835
331 741
332 718
333 681
334 725
335 679
336 671
337 639
338 626
339 671
340 659
341 612
342 592
343 575
344 599
345 584
346 548
347 525
348 532
349 569
350 601
351 607
352 565
353 526
354 507
355 527
356 571
357 546
358 483
359 450
360 444
361 424
362 475
363 471
364 457
365 490
366 453
367 453
368 442
369 400
370 401
371 399
372 343
373 394
374 434
375 441
376 440
377 381
378 360
379 405
380 410
381 391
382 375
383 395
384 392
385 346
386 389
387 407
388 350
389 331
390 323
391 378
392 352
393 361
394 280
395 334
396 320
397 358
398 335
399 381
400 303
401 330
402 289
403 296
404 314
405 315
406 341
407 307
408 282
409 337
410 329
411 340
412 347
413 313
414 317
415 324
416 351
417 352
418 311
419 298
420 292
421 321
422 250
423 312
424 236
425 259
426 308
427 290
428 276
429 274
430 273
431 277
432 235
433 261
434 285
435 243
436 233
437 261
438 240
439 231
440 236
441 232
442 274
443 225
444 245
445 239
446 268
447 245
448 232
449 260
450 269
451 229
452 230
453 235
454 235
455 264
456 268
457 265
458 258
459 243
460 236
461 224
462 201
463 249
464 244
465 242
466 255
467 240
468 225
469 242
470 234
471 198
472 196
473 234
474 230
475 187
476 245
477 230
478 207
479 202
480 231
481 211
482 192
483 184
484 196
485 200
486 232
487 185
488 172
489 200
490 193
491 207
492 182
493 222
494 194
495 182
496 164
497 208
498 200
499 211
500 187
501 183
502 173
503 206
504 220
505 208
506 226
507 209
508 192
509 167
510 172
511 156
512 148
513 181
514 145
515 153
516 143
517 141
518 159
519 161
520 166
521 188
522 166
523 169
524 177
525 215
526 174
527 174
528 140
529 169
530 168
531 155
532 157
533 180
534 155
535 143
536 183
537 141
538 152
539 168
540 144
541 184
542 147
543 152
544 132
545 132
546 170
547 139
548 154
549 163
550 135
551 153
552 138
553 125
554 123
555 126
556 154
557 125
558 123
559 131
560 111
561 133
562 112
563 112
564 120
565 119
566 137
567 126
568 116
569 134
570 121
571 142
572 138
573 127
574 128
575 125
576 128
577 127
578 136
579 115
580 128
581 120
582 140
583 127
584 150
585 121
586 123
587 121
588 137
589 148
590 121
591 135
592 144
593 124
594 144
595 115
596 153
597 144
598 122
599 113
600 107
601 128
602 147
603 127
604 122
605 129
606 120
607 131
608 127
609 127
610 127
611 114
612 130
613 115
614 112
615 110
616 107
617 86
618 98
619 103
620 118
621 117
622 96
623 102
624 89
625 103
626 96
627 113
628 108
629 99
630 86
631 90
632 125
633 102
634 100
635 119
636 123
637 115
638 117
639 113
640 105
641 139
642 105
643 125
644 94
645 104
646 107
647 98
648 115
649 113
650 101
651 112
652 113
653 106
654 94
655 102
656 75
657 79
658 71
659 88
660 79
661 73
662 80
663 80
664 76
665 86
666 83
667 98
668 81
669 87
670 83
671 90
672 84
673 92
674 88
675 79
676 74
677 82
678 110
679 99
680 96
681 107
682 99
683 81
684 69
685 72
686 85
687 79
688 88
689 68
690 74
691 74
692 81
693 102
694 86
695 73
696 84
697 103
698 76
699 80
700 84
701 73
702 71
703 82
704 97
705 56
706 73
707 74
708 78
709 91
710 86
711 66
712 68
713 67
714 81
715 65
716 74
717 73
718 62
719 69
720 62
721 70
722 55
723 68
724 69
725 68
726 76
727 69
728 90
729 65
730 62
731 71
732 74
733 77
734 72
735 71
736 64
737 74
738 59
739 65
740 76
741 68
742 55
743 50
744 78
745 69
746 78
747 70
748 58
749 58
750 63
751 69
752 77
753 63
754 73
755 85
756 82
757 73
758 65
759 89
760 68
761 61
762 64
763 72
764 69
765 66
766 66
767 72
768 71
769 85
770 87
771 66
772 69
773 66
774 70
775 68
776 52
777 55
778 65
779 66
780 77
781 55
782 47
783 67
784 62
785 69
786 68
787 54
788 74
789 71
790 56
791 71
792 61
793 58
794 56
795 78
796 64
797 58
798 58
799 82
800 61
801 76
802 88
803 80
804 63
805 73
806 68
807 65
808 66
809 63
810 60
811 66
812 70
813 61
814 79
815 80
816 64
817 78
818 49
819 61
820 48
821 54
822 71
823 81
824 37
825 55
826 50
827 46
828 50
829 55
830 71
831 59
832 61
833 54
834 61
835 60
836 42
837 52
838 58
839 45
840 49
841 51
842 54
843 37
844 53
845 52
846 55
847 44
848 50
849 58
850 46
851 25
852 33
853 38
854 40
855 51
856 46
857 56
858 44
859 47
860 45
861 58
862 55
863 51
864 35
865 32
866 33
867 36
868 36
869 46
870 43
871 62
872 54
873 63
874 65
875 56
876 41
877 48
878 45
879 48
880 37
881 33
882 30
883 51
884 47
885 53
886 51
887 40
888 62
889 56
890 47
891 34
892 39
893 43
894 43
895 51
896 48
897 50
898 39
899 52
900 37
901 47
902 41
903 39
904 43
905 48
906 38
907 57
908 44
909 38
910 45
911 41
912 49
913 41
914 57
915 35
916 45
917 31
918 32
919 39
920 33
921 52
922 33
923 42
924 49
925 59
926 46
927 57
928 36
929 37
930 58
931 39
932 38
933 46
934 39
935 37
936 49
937 42
938 52
939 53
940 44
941 46
942 38
943 40
944 40
945 45
946 47
947 40
948 42
949 45
950 47
951 47
952 63
953 47
954 39
955 45
956 50
957 40
958 35
959 36
960 36
961 40
962 32
963 38
964 46
965 51
966 33
967 46
968 25
969 40
970 31
971 27
972 35
973 48
974 45
975 41
976 58
977 45
978 43
979 32
980 34
981 37
982 30
983 41
984 41
985 30
986 31
987 40
988 35
989 29
990 24
991 30
992 28
993 33
994 48
995 38
996 38
997 35
998 32
999 45
1000 41
1001 51
1002 43
1003 39
1004 32
1005 39
1006 45
1007 38
1008 46
1009 36
1010 36
1011 40
1012 35
1013 39
1014 40
1015 25
1016 40
1017 34
1018 46
1019 30
1020 40
1021 34
1022 35
1023 40
1024 32
1025 31
1026 25
1027 34
1028 44
1029 38
1030 41
1031 38
1032 39
1033 31
1034 33
1035 35
1036 27
1037 30
1038 34
1039 29
1040 39
1041 29
1042 33
1043 32
1044 37
1045 44
1046 47
1047 42
1048 33
1049 40
1050 33
1051 21
1052 26
1053 25
1054 31
1055 30
1056 22
1057 35
1058 34
1059 34
1060 28
1061 25
1062 43
1063 34
1064 28
1065 44
1066 36
1067 33
1068 28
1069 28
1070 37
1071 27
1072 31
1073 34
1074 41
1075 16
1076 42
1077 40
1078 31
1079 20
1080 32
1081 30
1082 33
1083 18
1084 27
1085 35
1086 39
1087 41
1088 35
1089 35
1090 34
1091 27
1092 46
1093 28
1094 33
1095 31
1096 32
1097 32
1098 28
1099 25
1100 32
1101 25
1102 32
1103 32
1104 27
1105 30
1106 33
1107 30
1108 17
1109 23
1110 18
1111 16
1112 33
1113 26
1114 22
1115 29
1116 30
1117 27
1118 37
1119 29
1120 25
1121 28
1122 40
1123 27
1124 28
1125 24
1126 31
1127 22
1128 26
1129 25
1130 27
1131 30
1132 37
1133 37
1134 35
1135 37
1136 30
1137 35
1138 32
1139 34
1140 27
1141 26
1142 34
1143 30
1144 35
1145 33
1146 31
1147 33
1148 25
1149 18
1150 27
1151 27
1152 28
1153 24
1154 32
1155 20
1156 12
1157 27
1158 15
1159 25
1160 17
1161 32
1162 28
1163 36
1164 21
1165 34
1166 31
1167 28
1168 30
1169 22
1170 15
1171 24
1172 31
1173 20
1174 36
1175 17
1176 14
1177 20
1178 26
1179 21
1180 31
1181 33
1182 31
1183 27
1184 35
1185 25
1186 22
1187 30
1188 20
1189 25
1190 23
1191 28
1192 32
1193 26
1194 23
1195 25
1196 30
1197 20
1198 34
1199 32
1200 26
1201 30
1202 21
1203 23
1204 31
1205 26
1206 24
1207 30
1208 29
1209 33
1210 30
1211 25
1212 22
1213 19
1214 17
1215 34
1216 27
1217 17
1218 26
1219 35
1220 34
1221 26
1222 22
1223 25
1224 27
1225 42
1226 24
1227 29
1228 24
1229 33
1230 28
1231 23
1232 37
1233 16
1234 21
1235 33
1236 19
1237 24
1238 32
1239 33
1240 30
1241 19
1242 34
1243 19
1244 25
1245 25
1246 17
1247 18
1248 18
1249 23
1250 16
1251 19
1252 25
1253 20
1254 24
1255 25
1256 24
1257 23
1258 26
1259 29
1260 17
1261 21
1262 12
1263 18
1264 20
1265 25
1266 25
1267 16
1268 25
1269 22
1270 15
1271 31
1272 26
1273 19
1274 23
1275 25
1276 25
1277 35
1278 29
1279 29
1280 34
1281 26
1282 24
1283 13
1284 19
1285 22
1286 16
1287 19
1288 19
1289 22
1290 20
1291 18
1292 16
1293 19
1294 17
1295 23
1296 15
1297 19
1298 11
1299 6
1300 15
1301 18
1302 17
1303 18
1304 13
1305 9
1306 23
1307 25
1308 21
1309 24
1310 18
1311 11
1312 19
1313 22
1314 24
1315 21
1316 13
1317 17
1318 24
1319 18
1320 24
1321 23
1322 17
1323 20
1324 22
1325 21
1326 24
1327 22
1328 20
1329 24
1330 12
1331 19
1332 23
1333 16
1334 12
1335 18
1336 16
1337 17
1338 30
1339 27
1340 22
1341 18
1342 20
1343 21
1344 18
1345 20
1346 16
1347 22
1348 32
1349 22
1350 22
1351 25
1352 16
1353 13
1354 14
1355 14
1356 20
1357 23
1358 20
1359 24
1360 23
1361 26
1362 20
1363 22
1364 21
1365 15
1366 18
1367 22
1368 22
1369 17
1370 20
1371 17
1372 15
1373 19
1374 25
1375 21
1376 19
1377 13
1378 14
1379 11
1380 20
1381 22
1382 20
1383 24
1384 19
1385 19
1386 13
1387 16
1388 30
1389 24
1390 20
1391 19
1392 16
1393 24
1394 12
1395 14
1396 26
1397 24
1398 15
1399 17
1400 23
1401 12
1402 16
1403 20
1404 22
1405 22
1406 15
1407 11
1408 11
1409 21
1410 17
1411 15
1412 19
1413 12
1414 10
1415 17
1416 17
1417 12
1418 17
1419 15
1420 20
1421 17
1422 14
1423 25
1424 14
1425 17
1426 21
1427 16
1428 20
1429 18
1430 14
1431 19
1432 21
1433 9
1434 21
1435 15
1436 17
1437 17
1438 18
1439 12
1440 13
1441 19
1442 13
1443 20
1444 18
1445 22
1446 14
1447 26
1448 20
1449 15
1450 20
1451 16
1452 12
1453 14
1454 15
1455 24
1456 28
1457 18
1458 20
1459 18
1460 17
1461 24
1462 19
1463 19
1464 10
1465 18
1466 20
1467 17
1468 13
1469 21
1470 12
1471 17
1472 17
1473 22
1474 15
1475 25
1476 18
1477 20
1478 25
1479 10
1480 18
1481 23
1482 19
1483 20
1484 12
1485 9
1486 16
1487 20
1488 23
1489 13
1490 23
1491 13
1492 14
1493 17
1494 18
1495 15
1496 19
1497 19
1498 24
1499 22
1500 16
1501 22
1502 19
1503 13
1504 14
1505 10
1506 18
1507 16
1508 17
1509 14
1510 14
1511 18
1512 17
1513 16
1514 18
1515 17
1516 17
1517 18
1518 20
1519 21
1520 16
1521 21
1522 21
1523 15
1524 16
1525 19
1526 15
1527 12
1528 15
1529 15
1530 17
1531 13
1532 21
1533 19
1534 24
1535 20
1536 12
1537 18
1538 10
1539 15
1540 9
1541 15
1542 17
1543 23
1544 13
1545 13
1546 14
1547 16
1548 14
1549 20
1550 18
1551 20
1552 18
1553 22
1554 14
1555 11
1556 14
1557 18
1558 16
1559 13
1560 14
1561 12
1562 16
1563 16
1564 14
1565 16
1566 13
1567 14
1568 12
1569 19
1570 13
1571 12
1572 18
1573 20
1574 16
1575 14
1576 19
1577 15
1578 8
1579 12
1580 25
1581 17
1582 17
1583 8
1584 12
1585 13
1586 14
1587 13
1588 16
1589 13
1590 27
1591 18
1592 19
1593 17
1594 17
1595 14
1596 14
1597 16
1598 18
1599 10
1600 19
1601 13
1602 20
1603 16
1604 10
1605 16
1606 19
1607 11
1608 10
1609 15
1610 12
1611 16
1612 22
1613 17
1614 17
1615 20
1616 14
1617 17
1618 21
1619 11
1620 11
1621 10
1622 8
1623 14
1624 8
1625 11
1626 10
1627 18
1628 11
1629 18
1630 12
1631 12
1632 13
1633 8
1634 12
1635 16
1636 12
1637 13
1638 9
1639 16
1640 13
1641 15
1642 9
1643 12
1644 14
1645 9
1646 13
1647 12
1648 19
1649 14
1650 13
1651 18
1652 20
1653 19
1654 15
1655 12
1656 11
1657 8
1658 9
1659 8
1660 6
1661 10
1662 10
1663 6
1664 10
1665 14
1666 10
1667 16
1668 12
1669 12
1670 15
1671 14
1672 10
1673 9
1674 17
1675 23
1676 13
1677 21
1678 15
1679 10
1680 14
1681 16
1682 12
1683 22
1684 15
1685 21
1686 15
1687 15
1688 6
1689 15
1690 17
1691 9
1692 19
1693 13
1694 5
1695 13
1696 13
1697 6
1698 13
1699 8
1700 10
1701 6
1702 10
1703 11
1704 5
1705 17
1706 10
1707 5
1708 10
1709 6
1710 9
1711 6
1712 15
1713 8
1714 11
1715 5
1716 11
1717 9
1718 7
1719 6
1720 17
1721 13
1722 5
1723 11
1724 7
1725 11
1726 13
1727 10
1728 10
1729 10
1730 9
1731 12
1732 12
1733 10
1734 7
1735 12
1736 10
1737 11
1738 6
1739 9
1740 10
1741 17
1742 15
1743 5
1744 10
1745 8
1746 17
1747 11
1748 11
1749 9
1750 12
1751 10
1752 7
1753 8
1754 9
1755 14
1756 14
1757 7
1758 12
1759 8
1760 18
1761 9
1762 11
1763 14
1764 13
1765 12
1766 11
1767 11
1768 17
1769 12
1770 18
1771 7
1772 12
1773 10
1774 8
1775 8
1776 7
1777 14
1778 9
1779 20
1780 6
1781 8
1782 11
1783 12
1784 6
1785 14
1786 11
1787 17
1788 9
1789 9
1790 12
1791 17
1792 16
1793 7
1794 9
1795 12
1796 11
1797 11
1798 6
1799 18
1800 9
1801 11
1802 11
1803 10
1804 8
1805 11
1806 9
1807 14
1808 9
1809 7
1810 15
1811 7
1812 7
1813 18
1814 8
1815 8
1816 7
1817 7
1818 15
1819 7
1820 10
1821 9
1822 11
1823 8
1824 7
1825 9
1826 7
1827 9
1828 3
1829 8
1830 12
1831 10
1832 11
1833 9
1834 13
1835 10
1836 9
1837 7
1838 6
1839 8
1840 13
1841 7
1842 6
1843 5
1844 8
1845 8
1846 11
1847 10
1848 8
1849 7
1850 7
1851 13
1852 7
1853 9
1854 11
1855 12
1856 9
1857 14
1858 9
1859 14
1860 7
1861 13
1862 8
1863 8
1864 12
1865 6
1866 5
1867 10
1868 10
1869 10
1870 6
1871 10
1872 10
1873 11
1874 7
1875 10
1876 8
1877 10
1878 7
1879 8
1880 11
1881 5
1882 14
1883 7
1884 4
1885 10
1886 9
1887 10
1888 11
1889 12
1890 8
1891 7
1892 13
1893 12
1894 12
1895 10
1896 7
1897 13
1898 11
1899 8
1900 11
1901 5
1902 12
1903 13
1904 9
1905 13
1906 10
1907 13
1908 12
1909 9
1910 13
1911 10
1912 15
1913 7
1914 7
1915 9
1916 7
1917 5
1918 14
1919 6
1920 12
1921 13
1922 8
1923 10
1924 9
1925 15
1926 13
1927 19
1928 12
1929 14
1930 9
1931 13
1932 13
1933 1
1934 9
1935 7
1936 11
1937 8
1938 8
1939 8
1940 12
1941 11
1942 11
1943 12
1944 8
1945 4
1946 12
1947 11
1948 10
1949 7
1950 8
1951 13
1952 12
1953 7
1954 5
1955 4
1956 14
1957 8
1958 10
1959 6
1960 11
1961 5
1962 6
1963 11
1964 6
1965 7
1966 7
1967 8
1968 13
1969 10
1970 2
1971 8
1972 11
1973 7
1974 4
1975 6
1976 9
1977 11
1978 10
1979 13
1980 6
1981 11
1982 8
1983 10
1984 14
1985 8
1986 18
1987 7
1988 17
1989 11
1990 11
1991 9
1992 7
1993 7
1994 9
1995 9
1996 7
1997 14
1998 10
1999 11
2000 6
2001 10
2002 15
2003 9
2004 6
2005 9
2006 5
2007 11
2008 10
2009 10
2010 10
2011 4
2012 6
2013 8
2014 11
2015 12
2016 6
2017 6
2018 8
2019 9
2020 7
2021 11
2022 7
2023 9
2024 6
2025 9
2026 12
2027 8
2028 5
2029 10
2030 6
2031 8
2032 6
2033 7
2034 10
2035 11
2036 5
2037 8
2038 10
2039 8
2040 6
2041 11
2042 8
2043 15
2044 8
2045 11
2046 8
2047 9
2048 12
2049 13
2050 11
2051 12
2052 14
2053 9
2054 10
2055 15
2056 7
2057 7
2058 4
2059 8
2060 7
2061 9
2062 8
2063 14
2064 9
2065 10
2066 9
2067 7
2068 12
2069 9
2070 10
2071 15
2072 15
2073 11
2074 9
2075 14
2076 8
2077 12
2078 8
2079 5
2080 4
2081 10
2082 3
2083 13
2084 7
2085 9
2086 13
2087 12
2088 10
2089 11
2090 7
2091 7
2092 8
2093 1
2094 12
2095 7
2096 4
2097 12
2098 15
2099 10
2100 5
2101 11
2102 10
2103 4
2104 9
2105 9
2106 18
2107 9
2108 8
2109 6
2110 14
2111 8
2112 3
2113 8
2114 6
2115 7
2116 4
2117 7
2118 6
2119 5
2120 6
2121 11
2122 13
2123 12
2124 5
2125 9
2126 9
2127 8
2128 15
2129 9
2130 4
2131 6
2132 12
2133 4
2134 6
2135 6
2136 4
2137 1
2138 8
2139 17
2140 7
2141 8
2142 11
2143 8
2144 7
2145 9
2146 6
2147 11
2148 7
2149 13
2150 7
2151 8
2152 5
2153 10
2154 8
2155 8
2156 6
2157 6
2158 16
2159 14
2160 4
2161 10
2162 7
2163 7
2164 7
2165 9
2166 12
2167 15
2168 10
2169 8
2170 9
2171 9
2172 8
2173 6
2174 5
2175 3
2176 4
2177 6
2178 9
2179 8
2180 7
2181 8
2182 3
2183 4
2184 8
2185 8
2186 7
2187 7
2188 6
2189 8
2190 15
2191 8
2192 8
2193 14
2194 13
2195 14
2196 6
2197 11
2198 6
2199 9
2200 12
2201 6
2202 5
2203 9
2204 7
2205 5
2206 8
2207 10
2208 11
2209 13
2210 8
2211 10
2212 7
2213 6
2214 11
2215 8
2216 13
2217 7
2218 8
2219 7
2220 8
2221 12
2222 10
2223 6
2224 3
2225 7
2226 9
2227 3
2228 6
2229 8
2230 11
2231 4
2232 6
2233 6
2234 4
2235 16
2236 6
2237 9
2238 8
2239 11
2240 5
2241 16
2242 9
2243 12
2244 9
2245 7
2246 8
2247 7
2248 8
2249 10
2250 8
2251 10
2252 9
2253 7
2254 9
2255 5
2256 6
2257 4
2258 10
2259 8
2260 8
2261 8
2262 6
2263 14
2264 12
2265 11
2266 9
2267 8
2268 8
2269 15
2270 7
2271 6
2272 7
2273 7
2274 10
2275 7
2276 10
2277 9
2278 12
2279 10
2280 9
2281 7
2282 6
2283 8
2284 14
2285 5
2286 6
2287 6
2288 4
2289 6
2290 5
2291 11
2292 4
2293 2
2294 9
2295 14
2296 10
2297 4
2298 6
2299 14
2300 5
2301 5
2302 4
2303 5
2304 10
2305 2
2306 13
2307 6
2308 12
2309 4
2310 12
2311 6
2312 4
2313 9
2314 8
2315 12
2316 10
2317 10
2318 12
2319 3
2320 6
2321 7
2322 7
2323 7
2324 7
2325 11
2326 8
2327 7
2328 12
2329 4
2330 7
2331 9
2332 13
2333 5
2334 5
2335 7
2336 9
2337 8
2338 9
2339 12
2340 6
2341 11
2342 8
2343 6
2344 7
2345 5
2346 7
2347 7
2348 1
2349 5
2350 11
2351 15
2352 7
2353 5
2354 6
2355 12
2356 3
2357 2
2358 7
2359 10
2360 5
2361 10
2362 7
2363 13
2364 7
2365 9
2366 7
2367 7
2368 4
2369 7
2370 19
2371 12
2372 11
2373 13
2374 6
2375 14
2376 6
2377 8
2378 9
2379 8
2380 12
2381 12
2382 7
2383 7
2384 6
2385 7
2386 10
2387 2
2388 11
2389 8
2390 14
2391 17
2392 11
2393 7
2394 6
2395 14
2396 4
2397 5
2398 6
2399 8
2400 13
2401 7
2402 6
2403 8
2404 6
2405 9
2406 8
2407 7
2408 11
2409 12
2410 7
2411 13
2412 9
2413 3
2414 4
2415 9
2416 12
2417 8
2418 7
2419 8
2420 8
2421 5
2422 5
2423 9
2424 6
2425 12
2426 3
2427 6
2428 8
2429 6
2430 8
2431 9
2432 8
2433 4
2434 4
2435 7
2436 7
2437 9
2438 7
2439 8
2440 7
2441 7
2442 2
2443 4
2444 10
2445 7
2446 8
2447 8
2448 4
2449 8
2450 7
2451 2
2452 3
2453 4
2454 6
2455 2
2456 6
2457 9
2458 8
2459 2
2460 8
2461 14
2462 5
2463 6
2464 11
2465 6
2466 5
2467 5
2468 6
2469 7
2470 5
2471 6
2472 11
2473 6
2474 9
2475 7
2476 4
2477 4
2478 6
2479 6
2480 5
2481 0
2482 6
2483 5
2484 8
2485 5
2486 3
2487 8
2488 4
2489 6
2490 5
2491 4
2492 2
2493 11
2494 5
2495 6
2496 7
2497 6
2498 3
2499 7
2500 7
2501 9
2502 4
2503 8
2504 2
2505 9
2506 6
2507 1
2508 2
2509 5
2510 5
2511 3
2512 2
2513 7
2514 4
2515 4
2516 4
2517 4
2518 8
2519 7
2520 12
2521 8
2522 10
2523 5
2524 4
2525 4
2526 6
2527 7
2528 5
2529 9
2530 3
2531 6
2532 12
2533 4
2534 4
2535 7
2536 8
2537 7
2538 7
2539 7
2540 1
2541 3
2542 5
2543 5
2544 8
2545 6
2546 5
2547 8
2548 4
2549 9
2550 11
2551 6
2552 4
2553 6
2554 3
2555 6
2556 3
2557 7
2558 7
2559 7
2560 1
2561 5
2562 3
2563 4
2564 6
2565 5
2566 5
2567 4
2568 8
2569 7
2570 3
2571 5
2572 5
2573 9
2574 6
2575 4
2576 6
2577 2
2578 6
2579 9
2580 7
2581 6
2582 9
2583 2
2584 4
2585 12
2586 2
2587 6
2588 8
2589 7
2590 6
2591 2
2592 6
2593 4
2594 11
2595 11
2596 4
2597 9
2598 8
2599 7
2600 4
2601 7
2602 4
2603 6
2604 3
2605 2
2606 5
2607 2
2608 5
2609 0
2610 6
2611 5
2612 12
2613 3
2614 8
2615 3
2616 7
2617 3
2618 4
2619 5
2620 8
2621 3
2622 5
2623 4
2624 6
2625 6
2626 8
2627 3
2628 6
2629 5
2630 6
2631 8
2632 3
2633 10
2634 14
2635 9
2636 11
2637 9
2638 14
2639 12
2640 8
2641 5
2642 7
2643 9
2644 4
2645 6
2646 7
2647 8
2648 5
2649 7
2650 5
2651 6
2652 4
2653 3
2654 5
2655 2
2656 6
2657 3
2658 6
2659 8
2660 6
2661 3
2662 6
2663 5
2664 5
2665 8
2666 0
2667 5
2668 3
2669 6
2670 6
2671 10
2672 7
2673 9
2674 2
2675 2
2676 2
2677 7
2678 2
2679 7
2680 6
2681 4
2682 6
2683 4
2684 5
2685 3
2686 10
2687 10
2688 4
2689 10
2690 5
2691 10
2692 3
2693 3
2694 3
2695 9
2696 5
2697 5
2698 5
2699 9
2700 10
2701 8
2702 8
2703 8
2704 3
2705 13
2706 2
2707 9
2708 2
2709 9
2710 8
2711 3
2712 8
2713 6
2714 2
2715 12
2716 7
2717 6
2718 7
2719 3
2720 4
2721 10
2722 8
2723 5
2724 3
2725 3
2726 4
2727 2
2728 7
2729 8
2730 6
2731 5
2732 8
2733 9
2734 7
2735 7
2736 6
2737 7
2738 6
2739 5
2740 8
2741 12
2742 8
2743 6
2744 3
2745 9
2746 12
2747 8
2748 4
2749 7
2750 11
2751 11
2752 8
2753 10
2754 8
2755 6
2756 6
2757 4
2758 1
2759 6
2760 8
2761 5
2762 8
2763 3
2764 8
2765 7
2766 3
2767 4
2768 5
2769 6
2770 3
2771 1
2772 6
2773 6
2774 2
2775 6
2776 6
2777 9
2778 8
2779 3
2780 4
2781 7
2782 7
2783 3
2784 5
2785 1
2786 3
2787 6
2788 8
2789 4
2790 2
2791 3
2792 6
2793 8
2794 4
2795 9
2796 2
2797 2
2798 3
2799 5
2800 6
2801 8
2802 4
2803 2
2804 4
2805 7
2806 7
2807 7
2808 6
2809 10
2810 8
2811 6
2812 3
2813 6
2814 5
2815 7
2816 3
2817 4
2818 2
2819 1
2820 4
2821 8
2822 6
2823 7
2824 7
2825 6
2826 3
2827 1
2828 8
2829 7
2830 7
2831 9
2832 5
2833 1
2834 3
2835 4
2836 6
2837 2
2838 4
2839 1
2840 4
2841 3
2842 7
2843 4
2844 5
2845 6
2846 5
2847 2
2848 4
2849 3
2850 7
2851 8
2852 5
2853 3
2854 5
2855 3
2856 5
2857 6
2858 5
2859 3
2860 6
2861 3
2862 3
2863 3
2864 6
2865 6
2866 3
2867 5
2868 5
2869 6
2870 3
2871 8
2872 2
2873 3
2874 2
2875 6
2876 8
2877 8
2878 4
2879 4
2880 4
2881 4
2882 5
2883 2
2884 3
2885 4
2886 3
2887 3
2888 4
2889 2
2890 5
2891 3
2892 4
2893 2
2894 4
2895 7
2896 3
2897 1
2898 4
2899 5
2900 1
2901 5
2902 5
2903 7
2904 10
2905 7
2906 12
2907 6
2908 3
2909 5
2910 3
2911 2
2912 5
2913 4
2914 4
2915 5
2916 5
2917 7
2918 9
2919 4
2920 4
2921 3
2922 8
2923 10
2924 5
2925 5
2926 4
2927 4
2928 3
2929 8
2930 4
2931 3
2932 5
2933 4
2934 2
2935 5
2936 6
2937 2
2938 4
2939 7
2940 4
2941 7
2942 11
2943 7
2944 9
2945 6
2946 4
2947 8
2948 8
2949 3
2950 9
2951 3
2952 4
2953 4
2954 6
2955 6
2956 7
2957 12
2958 6
2959 8
2960 3
2961 4
2962 3
2963 5
2964 3
2965 5
2966 5
2967 4
2968 5
2969 3
2970 6
2971 5
2972 5
2973 7
2974 4
2975 5
2976 3
2977 7
2978 4
2979 5
2980 4
2981 5
2982 4
2983 7
2984 7
2985 8
2986 4
2987 6
2988 1
2989 5
2990 8
2991 7
2992 2
2993 6
2994 3
2995 6
2996 3
2997 3
2998 6
2999 4
3000 2
3001 4
3002 2
3003 2
3004 6
3005 3
3006 6
3007 4
3008 1
3009 5
3010 5
3011 5
3012 4
3013 3
3014 2
3015 4
3016 3
3017 6
3018 5
3019 3
3020 1
3021 4
3022 0
3023 7
3024 10
3025 6
3026 7
3027 8
3028 5
3029 2
3030 5
3031 4
3032 5
3033 4
3034 4
3035 4
3036 4
3037 2
3038 2
3039 6
3040 4
3041 4
3042 4
3043 9
3044 3
3045 7
3046 7
3047 4
3048 0
3049 4
3050 3
3051 6
3052 4
3053 7
3054 2
3055 9
3056 4
3057 6
3058 3
3059 4
3060 9
3061 7
3062 4
3063 0
3064 1
3065 7
3066 7
3067 9
3068 2
3069 4
3070 4
3071 2
3072 1
3073 6
3074 4
3075 5
3076 5
3077 4
3078 3
3079 2
3080 3
3081 8
3082 4
3083 5
3084 8
3085 5
3086 9
3087 7
3088 1
3089 3
3090 6
3091 4
3092 2
3093 5
3094 5
3095 4
3096 5
3097 5
3098 4
3099 3
3100 2
3101 3
3102 2
3103 2
3104 2
3105 4
3106 8
3107 1
3108 3
3109 3
3110 4
3111 10
3112 6
3113 7
3114 4
3115 5
3116 3
3117 6
3118 2
3119 3
3120 4
3121 2
3122 4
3123 9
3124 6
3125 7
3126 6
3127 6
3128 4
3129 3
3130 5
3131 5
3132 5
3133 0
3134 3
3135 3
3136 4
3137 5
3138 5
3139 4
3140 6
3141 5
3142 4
3143 7
3144 2
3145 2
3146 4
3147 5
3148 8
3149 3
3150 2
3151 6
3152 4
3153 6
3154 3
3155 3
3156 3
3157 4
3158 5
3159 4
3160 6
3161 2
3162 0
3163 2
3164 5
3165 6
3166 4
3167 7
3168 4
3169 6
3170 7
3171 2
3172 1
3173 5
3174 9
3175 7
3176 6
3177 4
3178 4
3179 0
3180 4
3181 4
3182 8
3183 3
3184 5
3185 8
3186 1
3187 6
3188 3
3189 5
3190 2
3191 9
3192 7
3193 5
3194 3
3195 3
3196 2
3197 4
3198 6
3199 4
3200 8
3201 4
3202 5
3203 6
3204 6
3205 7
3206 5
3207 9
3208 4
3209 3
3210 6
3211 1
3212 5
3213 3
3214 6
3215 4
3216 7
3217 4
3218 6
3219 0
3220 5
3221 8
3222 5
3223 3
3224 5
3225 4
3226 4
3227 9
3228 3
3229 6
3230 4
3231 5
3232 4
3233 2
3234 3
3235 4
3236 0
3237 6
3238 0
3239 5
3240 4
3241 2
3242 4
3243 4
3244 6
3245 5
3246 7
3247 2
3248 2
3249 5
3250 9
3251 1
3252 2
3253 2
3254 3
3255 3
3256 4
3257 6
3258 4
3259 4
3260 1
3261 4
3262 9
3263 6
3264 6
3265 8
3266 2
3267 7
3268 5
3269 2
3270 8
3271 7
3272 4
3273 5
3274 3
3275 3
3276 5
3277 7
3278 6
3279 2
3280 7
3281 2
3282 6
3283 4
3284 2
3285 5
3286 8
3287 4
3288 7
3289 4
3290 7
3291 6
3292 0
3293 4
3294 1
3295 5
3296 1
3297 7
3298 3
3299 4
3300 4
3301 5
3302 3
3303 2
3304 5
3305 3
3306 3
3307 0
3308 2
3309 4
3310 5
3311 4
3312 4
3313 3
3314 1
3315 1
3316 7
3317 5
3318 7
3319 4
3320 2
3321 3
3322 4
3323 4
3324 3
3325 6
3326 4
3327 4
3328 8
3329 5
3330 3
3331 5
3332 5
3333 5
3334 6
3335 6
3336 1
3337 6
3338 5
3339 6
3340 8
3341 6
3342 0
3343 7
3344 10
3345 1
3346 2
3347 3
3348 2
3349 4
3350 3
3351 7
3352 5
3353 2
3354 3
3355 6
3356 7
3357 4
3358 4
3359 4
3360 4
3361 4
3362 6
3363 3
3364 4
3365 4
3366 4
3367 3
3368 3
3369 3
3370 2
3371 2
3372 3
3373 4
3374 2
3375 6
3376 3
3377 6
3378 7
3379 6
3380 2
3381 4
3382 4
3383 5
3384 5
3385 2
3386 2
3387 3
3388 3
3389 3
3390 4
3391 3
3392 2
3393 5
3394 1
3395 1
3396 4
3397 5
3398 7
3399 3
3400 6
3401 3
3402 3
3403 8
3404 7
3405 4
3406 5
3407 3
3408 3
3409 2
3410 6
3411 2
3412 6
3413 4
3414 2
3415 1
3416 4
3417 6
3418 0
3419 2
3420 7
3421 4
3422 4
3423 3
3424 3
3425 3
3426 6
3427 6
3428 3
3429 5
3430 3
3431 3
3432 9
3433 6
3434 4
3435 4
3436 4
3437 3
3438 6
3439 6
3440 3
3441 3
3442 1
3443 4
3444 5
3445 5
3446 5
3447 3
3448 2
3449 4
3450 6
3451 5
3452 4
3453 3
3454 2
3455 5
3456 6
3457 5
3458 3
3459 4
3460 4
3461 3
3462 12
3463 3
3464 3
3465 7
3466 4
3467 4
3468 5
3469 3
3470 6
3471 6
3472 6
3473 3
3474 7
3475 2
3476 4
3477 7
3478 8
3479 3
3480 5
3481 5
3482 3
3483 2
3484 4
3485 3
3486 4
3487 5
3488 3
3489 3
3490 6
3491 6
3492 8
3493 8
3494 5
3495 2
3496 7
3497 6
3498 4
3499 7
3500 6
3501 5
3502 4
3503 2
3504 8
3505 4
3506 4
3507 4
3508 2
3509 1
3510 6
3511 8
3512 6
3513 4
3514 4
3515 3
3516 1
3517 7
3518 4
3519 2
3520 1
3521 6
3522 5
3523 5
3524 4
3525 3
3526 2
3527 4
3528 8
3529 10
3530 6
3531 3
3532 11
3533 9
3534 2
3535 5
3536 7
3537 4
3538 5
3539 4
3540 5
3541 3
3542 3
3543 2
3544 7
3545 7
3546 6
3547 1
3548 3
3549 7
3550 6
3551 4
3552 4
3553 8
3554 5
3555 6
3556 5
3557 5
3558 4
3559 6
3560 2
3561 9
3562 5
3563 6
3564 4
3565 7
3566 4
3567 2
3568 4
3569 2
3570 2
3571 7
3572 3
3573 5
3574 3
3575 1
3576 4
3577 3
3578 5
3579 3
3580 5
3581 3
3582 6
3583 4
3584 4
3585 3
3586 9
3587 6
3588 5
3589 2
3590 7
3591 6
3592 3
3593 5
3594 8
3595 6
3596 4
3597 3
3598 4
3599 6
3600 6
3601 1
3602 8
3603 3
3604 6
3605 5
3606 6
3607 1
3608 7
3609 4
3610 6
3611 5
3612 7
3613 7
3614 3
3615 3
3616 8
3617 3
3618 10
3619 2
3620 6
3621 4
3622 5
3623 8
3624 1
3625 1
3626 3
3627 5
3628 4
3629 5
3630 3
3631 6
3632 6
3633 4
3634 6
3635 3
3636 1
3637 7
3638 1
3639 7
3640 4
3641 1
3642 6
3643 7
3644 6
3645 2
3646 4
3647 1
3648 4
3649 4
3650 5
3651 4
3652 3
3653 4
3654 10
3655 7
3656 7
3657 7
3658 3
3659 1
3660 6
3661 10
3662 5
3663 3
3664 4
3665 5
3666 2
3667 4
3668 3
3669 5
3670 5
3671 9
3672 5
3673 2
3674 10
3675 3
3676 4
3677 4
3678 3
3679 6
3680 6
3681 2
3682 4
3683 4
3684 1
3685 5
3686 5
3687 2
3688 6
3689 5
3690 7
3691 4
3692 2
3693 3
3694 7
3695 4
3696 6
3697 3
3698 6
3699 6
3700 5
3701 2
3702 7
3703 1
3704 1
3705 0
3706 4
3707 3
3708 9
3709 5
3710 3
3711 4
3712 1
3713 1
3714 2
3715 2
3716 4
3717 4
3718 4
3719 1
3720 2
3721 4
3722 1
3723 4
3724 7
3725 2
3726 4
3727 4
3728 5
3729 3
3730 1
3731 3
3732 2
3733 1
3734 3
3735 3
3736 3
3737 5
3738 4
3739 7
3740 4
3741 2
3742 5
3743 6
3744 5
3745 7
3746 3
3747 6
3748 4
3749 3
3750 0
3751 3
3752 1
3753 6
3754 4
3755 3
3756 5
3757 2
3758 4
3759 5
3760 7
3761 4
3762 2
3763 2
3764 3
3765 3
3766 2
3767 3
3768 6
3769 1
3770 4
3771 3
3772 3
3773 5
3774 1
3775 4
3776 4
3777 4
3778 5
3779 1
3780 3
3781 6
3782 4
3783 5
3784 3
3785 3
3786 4
3787 4
3788 2
3789 3
3790 4
3791 7
3792 5
3793 2
3794 5
3795 6
3796 2
3797 1
3798 3
3799 3
3800 2
3801 2
3802 3
3803 5
3804 4
3805 3
3806 3
3807 1
3808 3
3809 5
3810 3
3811 3
3812 5
3813 2
3814 0
3815 1
3816 5
3817 6
3818 3
3819 3
3820 5
3821 3
3822 4
3823 2
3824 3
3825 7
3826 1
3827 1
3828 6
3829 6
3830 2
3831 5
3832 3
3833 3
3834 4
3835 3
3836 7
3837 8
3838 3
3839 7
3840 1
3841 2
3842 3
3843 1
3844 5
3845 8
3846 1
3847 5
3848 5
3849 3
3850 1
3851 3
3852 0
3853 3
3854 2
3855 6
3856 6
3857 1
3858 5
3859 1
3860 2
3861 4
3862 7
3863 4
3864 3
3865 5
3866 5
3867 4
3868 1
3869 2
3870 6
3871 3
3872 3
3873 4
3874 4
3875 1
3876 3
3877 3
3878 3
3879 1
3880 6
3881 3
3882 2
3883 3
3884 2
3885 1
3886 5
3887 2
3888 3
3889 3
3890 5
3891 4
3892 4
3893 4
3894 3
3895 2
3896 0
3897 3
3898 1
3899 3
3900 3
3901 9
3902 0
3903 0
3904 3
3905 3
3906 3
3907 3
3908 3
3909 3
3910 2
3911 7
3912 3
3913 3
3914 1
3915 6
3916 3
3917 2
3918 3
3919 2
3920 6
3921 3
3922 5
3923 3
3924 7
3925 3
3926 5
3927 6
3928 2
3929 0
3930 3
3931 2
3932 2
3933 1
3934 2
3935 4
3936 2
3937 3
3938 2
3939 4
3940 1
3941 3
3942 4
3943 3
3944 2
3945 4
3946 1
3947 1
3948 3
3949 0
3950 2
3951 4
3952 5
3953 1
3954 6
3955 2
3956 1
3957 1
3958 3
3959 3
3960 2
3961 1
3962 4
3963 1
3964 3
3965 4
3966 5
3967 3
3968 6
3969 2
3970 3
3971 6
3972 1
3973 0
3974 1
3975 2
3976 2
3977 1
3978 1
3979 2
3980 1
3981 4
3982 3
3983 6
3984 6
3985 2
3986 2
3987 5
3988 2
3989 2
3990 3
3991 3
3992 3
3993 1
3994 0
3995 3
3996 3
3997 3
3998 6
3999 0
4000 2
4001 2
4002 2
4003 2
4004 0
4005 1
4006 2
4007 3
4008 1
4009 3
4010 2
4011 3
4012 3
4013 2
4014 3
4015 1
4016 1
4017 2
4018 2
4019 5
4020 3
4021 1
4022 3
4023 2
4024 3
4025 2
4026 2
4027 5
4028 1
4029 5
4030 1
4031 2
4032 3
4033 2
4034 4
4035 4
4036 2
4037 4
4038 1
4039 6
4040 1
4041 0
4042 1
4043 4
4044 2
4045 4
4046 2
4047 4
4048 7
4049 2
4050 4
4051 3
4052 4
4053 2
4054 6
4055 4
4056 2
4057 3
4058 4
4059 0
4060 2
4061 6
4062 4
4063 0
4064 3
4065 3
4066 4
4067 4
4068 1
4069 1
4070 3
4071 3
4072 6
4073 1
4074 3
4075 3
4076 2
4077 4
4078 2
4079 7
4080 1
4081 0
4082 1
4083 1
4084 1
4085 1
4086 0
4087 1
4088 2
4089 5
4090 2
4091 4
4092 3
4093 2
4094 2
4095 5
4096 4
4097 0
4098 3
4099 3
4100 2
4101 5
4102 1
4103 3
4104 1
4105 2
4106 0
4107 3
4108 1
4109 2
4110 3
4111 2
4112 3
4113 1
4114 0
4115 1
4116 4
4117 5
4118 5
4119 1
4120 1
4121 3
4122 2
4123 5
4124 0
4125 2
4126 2
4127 2
4128 3
4129 0
4130 3
4131 4
4132 3
4133 3
4134 5
4135 3
4136 4
4137 2
4138 4
4139 3
4140 2
4141 2
4142 2
4143 3
4144 3
4145 3
4146 2
4147 1
4148 2
4149 2
4150 6
4151 1
4152 2
4153 2
4154 3
4155 2
4156 4
4157 2
4158 4
4159 1
4160 6
4161 3
4162 3
4163 1
4164 3
4165 1
4166 1
4167 4
4168 2
4169 2
4170 4
4171 2
4172 1
4173 2
4174 3
4175 1
4176 2
4177 1
4178 2
4179 3
4180 1
4181 1
4182 2
4183 2
4184 3
4185 6
4186 0
4187 3
4188 3
4189 3
4190 3
4191 1
4192 2
4193 0
4194 1
4195 2
4196 3
4197 3
4198 4
4199 0
4200 2
4201 2
4202 4
4203 2
4204 1
4205 1
4206 1
4207 2
4208 1
4209 2
4210 1
4211 2
4212 2
4213 1
4214 3
4215 1
4216 4
4217 1
4218 1
4219 3
4220 1
4221 5
4222 2
4223 0
4224 1
4225 3
4226 0
4227 3
4228 3
4229 1
4230 1
4231 4
4232 1
4233 4
4234 5
4235 1
4236 3
4237 1
4238 2
4239 3
4240 2
4241 3
4242 2
4243 5
4244 1
4245 3
4246 2
4247 1
4248 3
4249 2
4250 1
4251 2
4252 0
4253 1
4254 2
4255 2
4256 3
4257 4
4258 3
4259 3
4260 1
4261 2
4262 2
4263 2
4264 4
4265 2
4266 1
4267 1
4268 2
4269 2
4270 2
4271 2
4272 3
4273 2
4274 1
4275 2
4276 4
4277 1
4278 2
4279 4
4280 2
4281 5
4282 2
4283 1
4284 3
4285 4
4286 6
4287 3
4288 5
4289 4
4290 6
4291 2
4292 2
4293 5
4294 0
4295 3
4296 2
4297 1
4298 8
4299 2
4300 1
4301 5
4302 4
4303 3
4304 2
4305 3
4306 6
4307 2
4308 4
4309 2
4310 2
4311 2
4312 1
4313 1
4314 1
4315 4
4316 1
4317 2
4318 3
4319 1
4320 1
4321 2
4322 3
4323 0
4324 5
4325 0
4326 2
4327 2
4328 2
4329 0
4330 1
4331 1
4332 4
4333 3
4334 3
4335 1
4336 0
4337 1
4338 3
4339 3
4340 2
4341 2
4342 4
4343 1
4344 5
4345 2
4346 0
4347 0
4348 5
4349 3
4350 0
4351 3
4352 3
4353 3
4354 0
4355 1
4356 2
4357 0
4358 0
4359 2
4360 3
4361 2
4362 3
4363 1
4364 1
4365 2
4366 2
4367 1
4368 2
4369 1
4370 1
4371 7
4372 0
4373 4
4374 7
4375 3
4376 4
4377 3
4378 2
4379 2
4380 0
4381 2
4382 1
4383 1
4384 1
4385 2
4386 2
4387 0
4388 4
4389 2
4390 2
4391 2
4392 2
4393 2
4394 3
4395 3
4396 5
4397 1
4398 1
4399 1
4400 6
4401 3
4402 1
4403 1
4404 0
4405 3
4406 4
4407 2
4408 3
4409 2
4410 2
4411 2
4412 1
4413 1
4414 3
4415 4
4416 0
4417 2
4418 0
4419 3
4420 1
4421 1
4422 3
4423 1
4424 2
4425 4
4426 1
4427 9
4428 4
4429 3
4430 4
4431 1
4432 0
4433 3
4434 7
4435 7
4436 4
4437 0
4438 0
4439 4
4440 2
4441 2
4442 1
4443 2
4444 0
4445 3
4446 3
4447 2
4448 2
4449 3
4450 2
4451 2
4452 1
4453 2
4454 1
4455 3
4456 2
4457 3
4458 1
4459 4
4460 5
4461 2
4462 4
4463 3
4464 3
4465 0
4466 1
4467 4
4468 0
4469 0
4470 3
4471 4
4472 2
4473 3
4474 3
4475 1
4476 2
4477 2
4478 3
4479 0
4480 3
4481 1
4482 4
4483 2
4484 2
4485 3
4486 1
4487 3
4488 2
4489 2
4490 1
4491 4
4492 2
4493 1
4494 1
4495 0
4496 3
4497 0
4498 3
4499 3
4500 0
4501 5
4502 1
4503 2
4504 0
4505 2
4506 3
4507 3
4508 5
4509 1
4510 2
4511 1
4512 1
4513 2
4514 3
4515 0
4516 2
4517 3
4518 2
4519 4
4520 1
4521 1
4522 3
4523 3
4524 3
4525 0
4526 5
4527 0
4528 1
4529 1
4530 4
4531 4
4532 3
4533 2
4534 0
4535 1
4536 0
4537 2
4538 4
4539 0
4540 1
4541 2
4542 0
4543 1
4544 0
4545 1
4546 1
4547 0
4548 0
4549 2
4550 2
4551 3
4552 2
4553 2
4554 2
4555 1
4556 0
4557 6
4558 1
4559 0
4560 0
4561 2
4562 2
4563 2
4564 1
4565 2
4566 5
4567 0
4568 5
4569 1
4570 3
4571 1
4572 2
4573 2
4574 4
4575 2
4576 1
4577 1
4578 2
4579 7
4580 0
4581 1
4582 1
4583 2
4584 4
4585 1
4586 3
4587 2
4588 1
4589 5
4590 4
4591 1
4592 1
4593 4
4594 1
4595 2
4596 0
4597 2
4598 3
4599 0
4600 1
4601 3
4602 5
4603 0
4604 1
4605 1
4606 6
4607 2
4608 2
4609 2
4610 6
4611 3
4612 4
4613 3
4614 1
4615 3
4616 4
4617 3
4618 4
4619 2
4620 2
4621 2
4622 1
4623 2
4624 4
4625 2
4626 3
4627 1
4628 6
4629 4
4630 4
4631 1
4632 1
4633 2
4634 2
4635 1
4636 4
4637 1
4638 2
4639 4
4640 6
4641 0
4642 1
4643 2
4644 3
4645 5
4646 1
4647 1
4648 2
4649 3
4650 0
4651 5
4652 3
4653 4
4654 4
4655 6
4656 2
4657 1
4658 3
4659 1
4660 2
4661 4
4662 2
4663 3
4664 0
4665 1
4666 5
4667 3
4668 0
4669 2
4670 2
4671 0
4672 2
4673 4
4674 0
4675 1
4676 1
4677 1
4678 4
4679 1
4680 6
4681 4
4682 6
4683 4
4684 0
4685 1
4686 5
4687 1
4688 3
4689 5
4690 4
4691 2
4692 2
4693 0
4694 0
4695 2
4696 3
4697 1
4698 0
4699 2
4700 3
4701 1
4702 5
4703 6
4704 4
4705 0
4706 2
4707 1
4708 1
4709 2
4710 3
4711 1
4712 2
4713 3
4714 6
4715 1
4716 5
4717 2
4718 3
4719 3
4720 6
4721 1
4722 5
4723 2
4724 1
4725 0
4726 2
4727 1
4728 3
4729 1
4730 2
4731 3
4732 5
4733 1
4734 2
4735 2
4736 2
4737 1
4738 4
4739 3
4740 4
4741 0
4742 0
4743 1
4744 2
4745 1
4746 0
4747 2
4748 0
4749 1
4750 1
4751 1
4752 0
4753 3
4754 2
4755 1
4756 3
4757 1
4758 4
4759 0
4760 0
4761 2
4762 7
4763 4
4764 1
4765 4
4766 2
4767 2
4768 2
4769 0
4770 1
4771 1
4772 3
4773 3
4774 1
4775 0
4776 0
4777 5
4778 1
4779 1
4780 3
4781 2
4782 3
4783 0
4784 0
4785 2
4786 2
4787 5
4788 3
4789 1
4790 1
4791 0
4792 0
4793 3
4794 1
4795 4
4796 5
4797 4
4798 2
4799 2
4800 3
4801 1
4802 1
4803 1
4804 0
4805 2
4806 0
4807 1
4808 2
4809 1
4810 2
4811 0
4812 3
4813 2
4814 1
4815 3
4816 3
4817 4
4818 1
4819 3
4820 0
4821 2
4822 2
4823 2
4824 3
4825 2
4826 1
4827 4
4828 4
4829 4
4830 1
4831 1
4832 1
4833 3
4834 1
4835 2
4836 2
4837 2
4838 7
4839 2
4840 2
4841 3
4842 1
4843 0
4844 2
4845 0
4846 4
4847 2
4848 3
4849 2
4850 3
4851 2
4852 0
4853 1
4854 1
4855 0
4856 3
4857 2
4858 3
4859 3
4860 0
4861 0
4862 0
4863 2
4864 2
4865 4
4866 2
4867 0
4868 2
4869 0
4870 1
4871 3
4872 2
4873 2
4874 3
4875 1
4876 0
4877 0
4878 1
4879 2
4880 0
4881 1
4882 0
4883 2
4884 1
4885 5
4886 0
4887 3
4888 1
4889 1
4890 1
4891 3
4892 2
4893 4
4894 2
4895 1
4896 5
4897 5
4898 4
4899 1
4900 3
4901 1
4902 2
4903 1
4904 3
4905 3
4906 0
4907 3
4908 3
4909 2
4910 2
4911 2
4912 5
4913 1
4914 1
4915 3
4916 2
4917 6
4918 5
4919 3
4920 2
4921 0
4922 2
4923 1
4924 2
4925 2
4926 1
4927 1
4928 1
4929 2
4930 3
4931 4
4932 4
4933 3
4934 3
4935 2
4936 0
4937 1
4938 0
4939 3
4940 3
4941 0
4942 0
4943 4
4944 1
4945 1
4946 4
4947 5
4948 4
4949 0
4950 2
4951 1
4952 4
4953 3
4954 3
4955 1
4956 1
4957 1
4958 1
4959 1
4960 3
4961 1
4962 1
4963 4
4964 3
4965 2
4966 1
4967 0
4968 5
4969 2
4970 1
4971 4
4972 0
4973 1
4974 1
4975 0
4976 1
4977 4
4978 2
4979 2
4980 2
4981 2
4982 5
4983 2
4984 3
4985 2
4986 2
4987 1
4988 5
4989 2
4990 3
4991 3
4992 2
4993 1
4994 0
4995 3
4996 3
4997 3
4998 6
4999 1
5000 0
5001 4
5002 0
5003 3
5004 3
5005 1
5006 2
5007 3
5008 5
5009 2
5010 3
5011 1
5012 1
5013 4
5014 2
5015 2
5016 0
5017 3
5018 1
5019 1
5020 2
5021 4
5022 4
5023 3
5024 3
5025 1
5026 2
5027 1
5028 4
5029 6
5030 3
5031 1
5032 7
5033 3
5034 2
5035 0
5036 3
5037 1
5038 4
5039 3
5040 2
5041 3
5042 1
5043 1
5044 3
5045 1
5046 1
5047 1
5048 1
5049 1
5050 2
5051 1
5052 0
5053 1
5054 3
5055 3
5056 3
5057 2
5058 3
5059 4
5060 2
5061 1
5062 2
5063 4
5064 1
5065 2
5066 2
5067 1
5068 2
5069 1
5070 2
5071 4
5072 1
5073 0
5074 1
5075 2
5076 3
5077 4
5078 2
5079 3
5080 2
5081 2
5082 3
5083 2
5084 1
5085 4
5086 0
5087 2
5088 2
5089 1
5090 1
5091 3
5092 2
5093 3
5094 0
5095 1
5096 0
5097 2
5098 2
5099 2
5100 0
5101 1
5102 4
5103 4
5104 2
5105 2
5106 2
5107 2
5108 1
5109 1
5110 0
5111 0
5112 2
5113 2
5114 1
5115 2
5116 4
5117 4
5118 2
5119 2
5120 2
5121 5
5122 1
5123 4
5124 2
5125 0
5126 3
5127 2
5128 0
5129 3
5130 3
5131 3
5132 0
5133 1
5134 2
5135 3
5136 0
5137 1
5138 2
5139 1
5140 3
5141 2
5142 3
5143 3
5144 4
5145 4
5146 0
5147 2
5148 1
5149 0
5150 3
5151 2
5152 4
5153 2
5154 4
5155 1
5156 6
5157 3
5158 2
5159 5
5160 5
5161 2
5162 3
5163 2
5164 3
5165 0
5166 2
5167 1
5168 3
5169 4
5170 2
5171 1
5172 3
5173 2
5174 3
5175 0
5176 2
5177 9
5178 0
5179 4
5180 1
5181 1
5182 3
5183 2
5184 0
5185 2
5186 2
5187 1
5188 1
5189 2
5190 1
5191 4
5192 1
5193 1
5194 2
5195 0
5196 4
5197 1
5198 1
5199 2
5200 2
5201 0
5202 2
5203 3
5204 6
5205 2
5206 3
5207 2
5208 4
5209 0
5210 3
5211 0
5212 3
5213 4
5214 2
5215 7
5216 1
5217 5
5218 1
5219 3
5220 3
5221 1
5222 2
5223 2
5224 2
5225 4
5226 5
5227 2
5228 2
5229 2
5230 2
5231 0
5232 1
5233 4
5234 3
5235 3
5236 2
5237 0
5238 2
5239 0
5240 1
5241 1
5242 1
5243 3
5244 0
5245 1
5246 2
5247 2
5248 1
5249 1
5250 1
5251 1
5252 1
5253 3
5254 3
5255 1
5256 0
5257 2
5258 1
5259 1
5260 1
5261 0
5262 0
5263 3
5264 0
5265 2
5266 2
5267 0
5268 0
5269 3
5270 4
5271 4
5272 5
5273 3
5274 4
5275 1
5276 0
5277 3
5278 4
5279 5
5280 2
5281 0
5282 1
5283 1
5284 4
5285 1
5286 0
5287 3
5288 3
5289 3
5290 2
5291 1
5292 2
5293 0
5294 2
5295 1
5296 3
5297 3
5298 0
5299 0
5300 1
5301 3
5302 1
5303 2
5304 2
5305 5
5306 2
5307 5
5308 1
5309 1
5310 1
5311 0
5312 3
5313 1
5314 2
5315 2
5316 0
5317 6
5318 1
5319 3
5320 2
5321 2
5322 2
5323 3
5324 3
5325 1
5326 3
5327 3
5328 1
5329 3
5330 1
5331 3
5332 2
5333 4
5334 2
5335 1
5336 0
5337 3
5338 3
5339 4
5340 4
5341 4
5342 5
5343 1
5344 0
5345 2
5346 0
5347 1
5348 4
5349 2
5350 1
5351 0
5352 2
5353 2
5354 3
5355 2
5356 3
5357 4
5358 2
5359 1
5360 0
5361 4
5362 3
5363 2
5364 3
5365 7
5366 4
5367 2
5368 1
5369 0
5370 5
5371 8
5372 1
5373 2
5374 5
5375 5
5376 5
5377 3
5378 2
5379 2
5380 2
5381 0
5382 1
5383 2
5384 2
5385 5
5386 2
5387 0
5388 1
5389 1
5390 3
5391 2
5392 2
5393 0
5394 0
5395 2
5396 2
5397 1
5398 3
5399 1
5400 3
5401 1
5402 2
5403 3
5404 4
5405 0
5406 2
5407 3
5408 2
5409 2
5410 2
5411 2
5412 0
5413 1
5414 2
5415 0
5416 6
5417 1
5418 2
5419 3
5420 0
5421 1
5422 2
5423 1
5424 2
5425 2
5426 3
5427 1
5428 5
5429 4
5430 0
5431 2
5432 3
5433 2
5434 3
5435 2
5436 2
5437 3
5438 1
5439 2
5440 4
5441 1
5442 3
5443 2
5444 1
5445 3
5446 5
5447 2
5448 1
5449 3
5450 3
5451 3
5452 2
5453 2
5454 1
5455 7
5456 3
5457 3
5458 1
5459 4
5460 1
5461 5
5462 0
5463 0
5464 5
5465 7
5466 2
5467 2
5468 1
5469 1
5470 1
5471 4
5472 3
5473 0
5474 2
5475 4
5476 1
5477 1
5478 2
5479 2
5480 1
5481 2
5482 2
5483 1
5484 2
5485 3
5486 3
5487 3
5488 3
5489 2
5490 2
5491 7
5492 0
5493 0
5494 0
5495 1
5496 0
5497 5
5498 3
5499 0
5500 1
5501 1
5502 1
5503 1
5504 4
5505 2
5506 1
5507 2
5508 2
5509 1
5510 4
5511 3
5512 1
5513 4
5514 3
5515 2
5516 2
5517 3
5518 1
5519 1
5520 3
5521 1
5522 0
5523 0
5524 1
5525 2
5526 4
5527 3
5528 4
5529 3
5530 2
5531 2
5532 0
5533 1
5534 4
5535 3
5536 0
5537 1
5538 0
5539 5
5540 2
5541 1
5542 3
5543 3
5544 1
5545 1
5546 1
5547 4
5548 5
5549 5
5550 3
5551 2
5552 1
5553 1
5554 5
5555 3
5556 1
5557 3
5558 3
5559 1
5560 3
5561 3
5562 2
5563 2
5564 2
5565 0
5566 2
5567 0
5568 1
5569 4
5570 1
5571 1
5572 3
5573 1
5574 2
5575 1
5576 3
5577 4
5578 5
5579 2
5580 3
5581 1
5582 3
5583 1
5584 5
5585 3
5586 3
5587 3
5588 0
5589 0
5590 2
5591 1
5592 1
5593 1
5594 4
5595 2
5596 2
5597 0
5598 0
5599 3
5600 1
5601 2
5602 3
5603 2
5604 0
5605 3
5606 2
5607 4
5608 4
5609 1
5610 3
5611 1
5612 2
5613 3
5614 2
5615 3
5616 4
5617 0
5618 1
5619 4
5620 3
5621 3
5622 2
5623 6
5624 4
5625 5
5626 3
5627 2
5628 6
5629 2
5630 1
5631 2
5632 4
5633 4
5634 2
5635 1
5636 2
5637 2
5638 1
5639 2
5640 3
5641 4
5642 1
5643 0
5644 2
5645 2
5646 5
5647 1
5648 2
5649 2
5650 2
5651 2
5652 0
5653 2
5654 5
5655 1
5656 2
5657 2
5658 1
5659 6
5660 2
5661 2
5662 1
5663 2
5664 1
5665 2
5666 3
5667 2
5668 6
5669 1
5670 1
5671 0
5672 1
5673 1
5674 1
5675 3
5676 2
5677 2
5678 2
5679 1
5680 3
5681 1
5682 2
5683 2
5684 1
5685 2
5686 3
5687 2
5688 1
5689 4
5690 3
5691 1
5692 0
5693 4
5694 2
5695 1
5696 3
5697 2
5698 1
5699 2
5700 1
5701 3
5702 1
5703 2
5704 2
5705 1
5706 3
5707 6
5708 1
5709 3
5710 6
5711 3
5712 5
5713 3
5714 3
5715 1
5716 2
5717 1
5718 2
5719 1
5720 4
5721 0
5722 3
5723 2
5724 2
5725 4
5726 4
5727 3
5728 1
5729 2
5730 2
5731 0
5732 2
5733 0
5734 4
5735 3
5736 0
5737 1
5738 1
5739 2
5740 0
5741 5
5742 1
5743 0
5744 0
5745 0
5746 0
5747 3
5748 1
5749 1
5750 1
5751 1
5752 2
5753 2
5754 0
5755 0
5756 0
5757 3
5758 2
5759 1
5760 1
5761 3
5762 2
5763 1
5764 2
5765 2
5766 0
5767 1
5768 1
5769 1
5770 1
5771 0
5772 0
5773 0
5774 2
5775 0
5776 3
5777 1
5778 0
5779 4
5780 0
5781 2
5782 2
5783 2
5784 4
5785 2
5786 2
5787 4
5788 2
5789 3
5790 1
5791 3
5792 0
5793 2
5794 4
5795 6
5796 0
5797 1
5798 1
5799 2
5800 2
5801 1
5802 0
5803 2
5804 2
5805 3
5806 1
5807 1
5808 1
5809 5
5810 0
5811 1
5812 2
5813 5
5814 3
5815 2
5816 2
5817 2
5818 4
5819 0
5820 1
5821 2
5822 3
5823 5
5824 3
5825 0
5826 2
5827 1
5828 4
5829 2
5830 1
5831 0
5832 3
5833 2
5834 1
5835 1
5836 0
5837 2
5838 2
5839 2
5840 5
5841 6
5842 4
5843 1
5844 1
5845 2
5846 1
5847 3
5848 4
5849 2
5850 2
5851 2
5852 3
5853 3
5854 3
5855 0
5856 2
5857 2
5858 2
5859 1
5860 0
5861 2
5862 4
5863 1
5864 1
5865 4
5866 0
5867 1
5868 1
5869 3
5870 1
5871 1
5872 4
5873 4
5874 3
5875 1
5876 2
5877 5
5878 3
5879 1
5880 1
5881 2
5882 1
5883 1
5884 3
5885 1
5886 0
5887 2
5888 1
5889 3
5890 2
5891 1
5892 1
5893 2
5894 4
5895 2
5896 5
5897 2
5898 1
5899 4
5900 3
5901 5
5902 1
5903 1
5904 0
5905 2
5906 0
5907 1
5908 0
5909 1
5910 1
5911 0
5912 3
5913 2
5914 2
5915 1
5916 1
5917 1
5918 2
5919 4
5920 2
5921 0
5922 0
5923 3
5924 1
5925 2
5926 4
5927 2
5928 3
5929 1
5930 0
5931 4
5932 2
5933 0
5934 2
5935 3
5936 1
5937 2
5938 0
5939 1
5940 2
5941 3
5942 2
5943 4
5944 3
5945 2
5946 1
5947 0
5948 0
5949 1
5950 1
5951 0
5952 3
5953 1
5954 0
5955 1
5956 2
5957 0
5958 2
5959 0
5960 3
5961 2
5962 2
5963 1
5964 1
5965 0
5966 3
5967 0
5968 1
5969 1
5970 0
5971 5
5972 0
5973 3
5974 2
5975 1
5976 1
5977 0
5978 1
5979 0
5980 0
5981 1
5982 2
5983 0
5984 1
5985 1
5986 3
5987 1
5988 1
5989 1
5990 1
5991 4
5992 1
5993 0
5994 1
5995 1
5996 1
5997 2
5998 3
5999 1
6000 3
6001 0
6002 0
6003 4
6004 0
6005 1
6006 2
6007 5
6008 2
6009 2
6010 2
6011 0
6012 0
6013 2
6014 1
6015 0
6016 2
6017 1
6018 5
6019 0
6020 3
6021 0
6022 0
6023 3
6024 2
6025 4
6026 3
6027 6
6028 0
6029 2
6030 1
6031 3
6032 5
6033 0
6034 0
6035 1
6036 3
6037 2
6038 0
6039 2
6040 0
6041 2
6042 0
6043 0
6044 4
6045 1
6046 4
6047 0
6048 4
6049 1
6050 1
6051 1
6052 1
6053 1
6054 1
6055 2
6056 0
6057 1
6058 0
6059 2
6060 1
6061 1
6062 1
6063 3
6064 0
6065 3
6066 0
6067 4
6068 1
6069 0
6070 2
6071 1
6072 3
6073 5
6074 1
6075 0
6076 0
6077 1
6078 1
6079 1
6080 1
6081 1
6082 4
6083 2
6084 6
6085 1
6086 1
6087 1
6088 3
6089 3
6090 3
6091 0
6092 5
6093 4
6094 3
6095 3
6096 1
6097 3
6098 3
6099 1
6100 4
6101 1
6102 3
6103 3
6104 1
6105 2
6106 2
6107 3
6108 4
6109 1
6110 0
6111 2
6112 2
6113 3
6114 5
6115 1
6116 1
6117 2
6118 5
6119 2
6120 1
6121 3
6122 1
6123 1
6124 4
6125 1
6126 2
6127 3
6128 4
6129 5
6130 2
6131 3
6132 2
6133 3
6134 0
6135 1
6136 3
6137 2
6138 1
6139 3
6140 1
6141 1
6142 2
6143 1
6144 3
6145 3
6146 2
6147 1
6148 1
6149 0
6150 1
6151 2
6152 2
6153 3
6154 5
6155 4
6156 2
6157 4
6158 2
6159 2
6160 3
6161 2
6162 3
6163 0
6164 0
6165 1
6166 1
6167 4
6168 1
6169 4
6170 4
6171 1
6172 2
6173 3
6174 4
6175 0
6176 3
6177 1
6178 0
6179 2
6180 2
6181 1
6182 5
6183 4
6184 2
6185 2
6186 1
6187 3
6188 4
6189 2
6190 1
6191 0
6192 5
6193 1
6194 2
6195 1
6196 4
6197 5
6198 1
6199 2
6200 7
6201 1
6202 1
6203 4
6204 4
6205 1
6206 0
6207 4
6208 0
6209 3
6210 0
6211 1
6212 1
6213 1
6214 2
6215 0
6216 0
6217 1
6218 2
6219 2
6220 0
6221 2
6222 0
6223 2
6224 1
6225 2
6226 2
6227 2
6228 1
6229 2
6230 3
6231 2
6232 1
6233 1
6234 0
6235 1
6236 1
6237 2
6238 3
6239 2
6240 2
6241 2
6242 3
6243 2
6244 2
6245 1
6246 0
6247 0
6248 2
6249 2
6250 1
6251 0
6252 0
6253 4
6254 1
6255 2
6256 0
6257 1
6258 0
6259 1
6260 1
6261 2
6262 2
6263 1
6264 0
6265 1
6266 0
6267 2
6268 0
6269 1
6270 3
6271 0
6272 0
6273 1
6274 0
6275 3
6276 0
6277 0
6278 0
6279 1
6280 2
6281 3
6282 1
6283 2
6284 2
6285 1
6286 2
6287 1
6288 0
6289 1
6290 2
6291 3
6292 0
6293 0
6294 0
6295 1
6296 1
6297 0
6298 0
6299 2
6300 1
6301 2
6302 3
6303 2
6304 0
6305 0
6306 0
6307 1
6308 2
6309 2
6310 1
6311 2
6312 1
6313 1
6314 1
6315 3
6316 1
6317 1
6318 2
6319 1
6320 2
6321 2
6322 0
6323 1
6324 1
6325 0
6326 2
6327 2
6328 1
6329 1
6330 1
6331 2
6332 1
6333 0
6334 0
6335 3
6336 2
6337 3
6338 1
6339 1
6340 1
6341 1
6342 0
6343 1
6344 0
6345 2
6346 2
6347 2
6348 2
6349 1
6350 2
6351 2
6352 0
6353 4
6354 2
6355 2
6356 0
6357 0
6358 2
6359 0
6360 1
6361 0
6362 2
6363 1
6364 0
6365 1
6366 3
6367 0
6368 3
6369 0
6370 2
6371 2
6372 0
6373 1
6374 2
6375 3
6376 1
6377 0
6378 0
6379 2
6380 1
6381 0
6382 1
6383 1
6384 2
6385 2
6386 0
6387 0
6388 0
6389 2
6390 3
6391 0
6392 5
6393 2
6394 2
6395 2
6396 1
6397 1
6398 0
6399 1
6400 1
6401 2
6402 2
6403 2
6404 2
6405 1
6406 0
6407 1
6408 1
6409 0
6410 1
6411 1
6412 1
6413 1
6414 0
6415 0
6416 2
6417 1
6418 3
6419 2
6420 1
6421 2
6422 2
6423 2
6424 1
6425 1
6426 1
6427 4
6428 1
6429 1
6430 0
6431 2
6432 1
6433 2
6434 1
6435 0
6436 0
6437 1
6438 3
6439 3
6440 1
6441 1
6442 2
6443 1
6444 4
6445 2
6446 0
6447 0
6448 1
6449 1
6450 0
6451 1
6452 1
6453 0
6454 1
6455 0
6456 1
6457 1
6458 0
6459 3
6460 2
6461 0
6462 0
6463 1
6464 1
6465 1
6466 1
6467 4
6468 0
6469 0
6470 0
6471 2
6472 0
6473 1
6474 1
6475 2
6476 1
6477 2
6478 1
6479 1
6480 2
6481 1
6482 1
6483 1
6484 1
6485 1
6486 0
6487 1
6488 1
6489 1
6490 1
6491 1
6492 0
6493 1
6494 1
6495 2
6496 1
6497 4
6498 2
6499 2
6500 1
6501 4
6502 2
6503 0
6504 3
6505 2
6506 1
6507 2
6508 1
6509 2
6510 0
6511 2
6512 3
6513 2
6514 2
6515 2
6516 0
6517 1
6518 2
6519 1
6520 1
6521 2
6522 1
6523 0
6524 0
6525 2
6526 3
6527 0
6528 0
6529 4
6530 1
6531 1
6532 1
6533 2
6534 1
6535 3
6536 1
6537 0
6538 2
6539 2
6540 2
6541 3
6542 3
6543 2
6544 1
6545 5
6546 2
6547 1
6548 0
6549 0
6550 1
6551 0
6552 1
6553 1
6554 1
6555 2
6556 2
6557 1
6558 0
6559 0
6560 0
6561 1
6562 1
6563 1
6564 2
6565 2
6566 0
6567 2
6568 2
6569 2
6570 3
6571 2
6572 1
6573 2
6574 3
6575 0
6576 2
6577 0
6578 2
6579 1
6580 3
6581 1
6582 2
6583 0
6584 2
6585 1
6586 0
6587 2
6588 3
6589 2
6590 2
6591 1
6592 0
6593 2
6594 0
6595 2
6596 1
6597 2
6598 1
6599 1
6600 0
6601 2
6602 1
6603 2
6604 1
6605 2
6606 1
6607 1
6608 3
6609 2
6610 1
6611 2
6612 1
6613 3
6614 1
6615 3
6616 1
6617 3
6618 1
6619 2
6620 2
6621 0
6622 1
6623 3
6624 1
6625 0
6626 2
6627 2
6628 1
6629 0
6630 1
6631 0
6632 1
6633 2
6634 1
6635 3
6636 1
6637 1
6638 1
6639 2
6640 0
6641 1
6642 2
6643 4
6644 1
6645 2
6646 1
6647 0
6648 0
6649 2
6650 0
6651 2
6652 1
6653 1
6654 1
6655 1
6656 1
6657 0
6658 1
6659 1
6660 0
6661 1
6662 2
6663 2
6664 2
6665 1
6666 1
6667 0
6668 1
6669 0
6670 1
6671 1
6672 1
6673 3
6674 1
6675 0
6676 2
6677 2
6678 2
6679 2
6680 3
6681 3
6682 1
6683 0
6684 3
6685 1
6686 0
6687 1
6688 3
6689 2
6690 1
6691 0
6692 1
6693 1
6694 1
6695 1
6696 0
6697 2
6698 0
6699 0
6700 2
6701 2
6702 0
6703 2
6704 1
6705 1
6706 2
6707 0
6708 1
6709 1
6710 1
6711 2
6712 0
6713 1
6714 0
6715 1
6716 0
6717 2
6718 1
6719 3
6720 0
6721 0
6722 2
6723 1
6724 2
6725 1
6726 2
6727 0
6728 1
6729 1
6730 2
6731 0
6732 2
6733 3
6734 2
6735 0
6736 1
6737 2
6738 1
6739 0
6740 2
6741 3
6742 0
6743 1
6744 0
6745 1
6746 0
6747 0
6748 0
6749 2
6750 0
6751 0
6752 0
6753 0
6754 0
6755 1
6756 0
6757 1
6758 1
6759 2
6760 1
6761 0
6762 1
6763 2
6764 0
6765 1
6766 1
6767 0
6768 0
6769 0
6770 0
6771 1
6772 1
6773 2
6774 1
6775 2
6776 0
6777 2
6778 1
6779 1
6780 0
6781 1
6782 2
6783 1
6784 0
6785 2
6786 1
6787 1
6788 1
6789 0
6790 1
6791 1
6792 1
6793 2
6794 0
6795 2
6796 0
6797 1
6798 2
6799 2
6800 1
6801 1
6802 1
6803 1
6804 2
6805 0
6806 0
6807 0
6808 0
6809 0
6810 1
6811 0
6812 4
6813 2
6814 0
6815 2
6816 1
6817 1
6818 1
6819 1
6820 1
6821 0
6822 0
6823 0
6824 1
6825 0
6826 1
6827 2
6828 0
6829 3
6830 1
6831 1
6832 1
6833 1
6834 1
6835 1
6836 3
6837 1
6838 0
6839 1
6840 0
6841 0
6842 2
6843 0
6844 0
6845 0
6846 0
6847 3
6848 0
6849 1
6850 0
6851 1
6852 0
6853 0
6854 0
6855 1
6856 1
6857 1
6858 3
6859 0
6860 1
6861 1
6862 1
6863 0
6864 0
6865 0
6866 2
6867 0
6868 0
6869 0
6870 1
6871 1
6872 0
6873 1
6874 1
6875 1
6876 1
6877 1
6878 1
6879 1
6880 1
6881 0
6882 0
6883 1
6884 1
6885 0
6886 1
6887 1
6888 0
6889 2
6890 1
6891 1
6892 3
6893 2
6894 0
6895 1
6896 1
6897 0
6898 2
6899 1
6900 2
6901 2
6902 1
6903 1
6904 0
6905 1
6906 0
6907 0
6908 0
6909 3
6910 0
6911 1
6912 0
6913 0
6914 0
6915 1
6916 0
6917 1
6918 0
6919 2
6920 0
6921 0
6922 0
6923 1
6924 0
6925 0
6926 0
6927 0
6928 2
6929 1
6930 0
6931 2
6932 0
6933 0
6934 0
6935 1
6936 0
6937 2
6938 0
6939 1
6940 1
6941 1
6942 0
6943 1
6944 2
6945 2
6946 0
6947 2
6948 2
6949 0
6950 1
6951 2
6952 1
6953 0
6954 1
6955 0
6956 1
6957 1
6958 1
6959 1
6960 2
6961 2
6962 0
6963 0
6964 1
6965 1
6966 0
6967 2
6968 0
6969 0
6970 0
6971 1
6972 0
6973 0
6974 2
6975 1
6976 3
6977 0
6978 0
6979 0
6980 0
6981 1
6982 2
6983 0
6984 1
6985 0
6986 0
6987 0
6988 1
6989 1
6990 1
6991 0
6992 0
6993 1
6994 2
6995 0
6996 0
6997 1
6998 0
6999 1
7000 0
7001 0
7002 0
7003 1
7004 1
7005 1
7006 1
7007 2
7008 2
7009 0
7010 2
7011 1
7012 0
7013 2
7014 4
7015 1
7016 0
7017 0
7018 0
7019 1
7020 0
7021 0
7022 1
7023 1
7024 2
7025 0
7026 0
7027 0
7028 1
7029 0
7030 0
7031 1
7032 1
7033 1
7034 0
7035 1
7036 0
7037 1
7038 2
7039 1
7040 3
7041 4
7042 0
7043 2
7044 3
7045 0
7046 0
7047 1
7048 1
7049 0
7050 1
7051 0
7052 0
7053 3
7054 2
7055 1
7056 3
7057 0
7058 1
7059 0
7060 0
7061 0
7062 0
7063 1
7064 1
7065 1
7066 1
7067 2
7068 2
7069 1
7070 0
7071 1
7072 2
7073 1
7074 1
7075 2
7076 1
7077 0
7078 1
7079 1
7080 1
7081 1
7082 1
7083 0
7084 0
7085 0
7086 0
7087 1
7088 2
7089 2
7090 1
7091 1
7092 0
7093 1
7094 0
7095 0
7096 1
7097 1
7098 0
7099 1
7100 0
7101 0
7102 1
7103 0
7104 0
7105 1
7106 0
7107 0
7108 1
7109 2
7110 1
7111 1
7112 2
7113 0
7114 0
7115 0
7116 1
7117 0
7118 0
7119 2
7120 2
7121 1
7122 0
7123 0
7124 1
7125 3
7126 2
7127 1
7128 1
7129 2
7130 0
7131 1
7132 0
7133 1
7134 1
7135 0
7136 1
7137 0
7138 0
7139 2
7140 3
7141 3
7142 1
7143 0
7144 1
7145 1
7146 1
7147 2
7148 2
7149 0
7150 2
7151 1
7152 0
7153 1
7154 0
7155 2
7156 0
7157 2
7158 1
7159 1
7160 2
7161 0
7162 1
7163 0
7164 1
7165 0
7166 3
7167 1
7168 1
7169 2
7170 0
7171 0
7172 0
7173 0
7174 1
7175 0
7176 0
7177 1
7178 0
7179 2
7180 3
7181 3
7182 3
7183 1
7184 0
7185 1
7186 0
7187 1
7188 0
7189 2
7190 6
7191 1
7192 1
7193 1
7194 2
7195 2
7196 3
7197 1
7198 3
7199 0
7200 0
7201 1
7202 2
7203 4
7204 2
7205 1
7206 2
7207 3
7208 1
7209 2
7210 5
7211 2
7212 2
7213 0
7214 0
7215 2
7216 1
7217 6
7218 1
7219 0
7220 4
7221 3
7222 1
7223 0
7224 2
7225 3
7226 3
7227 1
7228 1
7229 2
7230 2
7231 1
7232 2
7233 0
7234 1
7235 1
7236 1
7237 2
7238 3
7239 0
7240 1
7241 1
7242 0
7243 0
7244 0
7245 2
7246 0
7247 1
7248 1
7249 1
7250 0
7251 4
7252 0
7253 0
7254 0
7255 2
7256 2
7257 3
7258 2
7259 0
7260 0
7261 0
7262 0
7263 1
7264 1
7265 1
7266 0
7267 0
7268 1
7269 4
7270 0
7271 2
7272 0
7273 0
7274 1
7275 3
7276 0
7277 2
7278 2
7279 1
7280 2
7281 0
7282 1
7283 1
7284 1
7285 1
7286 0
7287 0
7288 1
7289 0
7290 1
7291 3
7292 2
7293 4
7294 0
7295 2
7296 1
7297 1
7298 0
7299 1
7300 1
7301 2
7302 0
7303 1
7304 1
7305 2
7306 1
7307 0
7308 1
7309 1
7310 0
7311 2
7312 2
7313 2
7314 0
7315 1
7316 2
7317 0
7318 3
7319 0
7320 1
7321 3
7322 0
7323 1
7324 1
7325 1
7326 1
7327 2
7328 1
7329 0
7330 1
7331 0
7332 4
7333 2
7334 1
7335 0
7336 0
7337 1
7338 0
7339 1
7340 1
7341 1
7342 2
7343 0
7344 1
7345 3
7346 0
7347 0
7348 1
7349 0
7350 1
7351 1
7352 0
7353 0
7354 0
7355 1
7356 2
7357 3
7358 1
7359 3
7360 1
7361 0
7362 4
7363 0
7364 3
7365 0
7366 1
7367 5
7368 2
7369 0
7370 2
7371 0
7372 0
7373 2
7374 0
7375 1
7376 0
7377 1
7378 1
7379 0
7380 1
7381 0
7382 0
7383 2
7384 2
7385 3
7386 0
7387 0
7388 0
7389 1
7390 0
7391 2
7392 1
7393 2
7394 0
7395 3
7396 2
7397 0
7398 1
7399 3
7400 2
7401 0
7402 2
7403 0
7404 1
7405 0
7406 0
7407 0
7408 1
7409 1
7410 0
7411 1
7412 0
7413 1
7414 1
7415 1
7416 1
7417 0
7418 3
7419 1
7420 0
7421 1
7422 0
7423 2
7424 1
7425 0
7426 1
7427 1
7428 2
7429 1
7430 2
7431 1
7432 3
7433 1
7434 1
7435 0
7436 1
7437 0
7438 2
7439 0
7440 1
7441 1
7442 0
7443 3
7444 1
7445 1
7446 2
7447 1
7448 0
7449 2
7450 0
7451 0
7452 0
7453 0
7454 0
7455 2
7456 0
7457 2
7458 0
7459 1
7460 1
7461 0
7462 0
7463 3
7464 1
7465 2
7466 0
7467 1
7468 0
7469 2
7470 2
7471 2
7472 1
7473 2
7474 1
7475 2
7476 2
7477 1
7478 3
7479 0
7480 1
7481 2
7482 0
7483 0
7484 3
7485 1
7486 1
7487 2
7488 1
7489 1
7490 4
7491 0
7492 1
7493 1
7494 2
7495 1
7496 0
7497 1
7498 1
7499 0
7500 0
7501 0
7502 0
7503 3
7504 1
7505 1
7506 1
7507 1
7508 1
7509 2
7510 1
7511 1
7512 2
7513 0
7514 3
7515 1
7516 0
7517 2
7518 1
7519 2
7520 1
7521 2
7522 0
7523 0
7524 1
7525 1
7526 1
7527 1
7528 2
7529 2
7530 0
7531 1
7532 1
7533 3
7534 1
7535 0
7536 0
7537 0
7538 1
7539 2
7540 3
7541 4
7542 1
7543 1
7544 1
7545 1
7546 2
7547 2
7548 1
7549 1
7550 0
7551 0
7552 1
7553 3
7554 2
7555 1
7556 3
7557 1
7558 3
7559 0
7560 1
7561 1
7562 0
7563 0
7564 5
7565 1
7566 1
7567 0
7568 0
7569 1
7570 0
7571 2
7572 0
7573 1
7574 2
7575 0
7576 1
7577 2
7578 2
7579 0
7580 3
7581 2
7582 1
7583 1
7584 1
7585 1
7586 1
7587 1
7588 3
7589 2
7590 2
7591 1
7592 1
7593 2
7594 3
7595 2
7596 1
7597 2
7598 2
7599 0
7600 0
7601 0
7602 1
7603 0
7604 3
7605 4
7606 0
7607 0
7608 1
7609 0
7610 2
7611 1
7612 2
7613 1
7614 2
7615 3
7616 0
7617 0
7618 3
7619 0
7620 1
7621 1
7622 0
7623 0
7624 1
7625 2
7626 0
7627 1
7628 2
7629 0
7630 2
7631 2
7632 0
7633 1
7634 0
7635 1
7636 1
7637 0
7638 1
7639 0
7640 0
7641 1
7642 0
7643 0
7644 0
7645 2
7646 5
7647 2
7648 0
7649 0
7650 0
7651 0
7652 0
7653 1
7654 0
7655 1
7656 3
7657 0
7658 0
7659 2
7660 0
7661 1
7662 1
7663 2
7664 2
7665 0
7666 3
7667 0
7668 1
7669 1
7670 2
7671 0
7672 1
7673 3
7674 1
7675 0
7676 1
7677 0
7678 0
7679 2
7680 1
7681 1
7682 1
7683 0
7684 1
7685 2
7686 2
7687 2
7688 5
7689 4
7690 0
7691 2
7692 3
7693 1
7694 1
7695 1
7696 2
7697 2
7698 1
7699 1
7700 2
7701 0
7702 0
7703 2
7704 1
7705 1
7706 1
7707 1
7708 3
7709 0
7710 4
7711 1
7712 0
7713 0
7714 3
7715 1
7716 1
7717 1
7718 2
7719 2
7720 1
7721 3
7722 0
7723 1
7724 0
7725 1
7726 0
7727 2
7728 5
7729 3
7730 2
7731 2
7732 2
7733 0
7734 2
7735 5
7736 0
7737 0
7738 3
7739 3
7740 4
7741 0
7742 0
7743 0
7744 3
7745 1
7746 2
7747 1
7748 1
7749 1
7750 0
7751 1
7752 0
7753 2
7754 0
7755 0
7756 0
7757 2
7758 1
7759 0
7760 2
7761 2
7762 2
7763 0
7764 2
7765 0
7766 1
7767 0
7768 1
7769 0
7770 1
7771 3
7772 1
7773 1
7774 2
7775 1
7776 1
7777 2
7778 2
7779 0
7780 0
7781 0
7782 0
7783 0
7784 1
7785 2
7786 0
7787 2
7788 2
7789 2
7790 0
7791 3
7792 3
7793 1
7794 3
7795 0
7796 1
7797 0
7798 2
7799 0
7800 5
7801 1
7802 0
7803 2
7804 0
7805 0
7806 1
7807 0
7808 1
7809 2
7810 1
7811 1
7812 0
7813 1
7814 2
7815 4
7816 1
7817 0
7818 1
7819 2
7820 1
7821 1
7822 1
7823 1
7824 1
7825 2
7826 0
7827 1
7828 1
7829 4
7830 5
7831 2
7832 3
7833 2
7834 1
7835 3
7836 1
7837 2
7838 1
7839 1
7840 0
7841 1
7842 0
7843 1
7844 2
7845 1
7846 0
7847 2
7848 1
7849 0
7850 2
7851 2
7852 1
7853 0
7854 0
7855 1
7856 1
7857 0
7858 1
7859 0
7860 0
7861 0
7862 1
7863 2
7864 1
7865 1
7866 0
7867 1
7868 0
7869 1
7870 2
7871 3
7872 2
7873 1
7874 2
7875 1
7876 0
7877 3
7878 0
7879 1
7880 1
7881 0
7882 0
7883 2
7884 1
7885 0
7886 2
7887 1
7888 1
7889 0
7890 1
7891 5
7892 1
7893 1
7894 2
7895 3
7896 0
7897 1
7898 0
7899 2
7900 2
7901 1
7902 3
7903 1
7904 2
7905 0
7906 0
7907 1
7908 0
7909 0
7910 3
7911 0
7912 2
7913 2
7914 1
7915 2
7916 1
7917 4
7918 0
7919 1
7920 2
7921 3
7922 0
7923 2
7924 1
7925 1
7926 0
7927 0
7928 0
7929 1
7930 1
7931 0
7932 0
7933 0
7934 1
7935 2
7936 1
7937 0
7938 1
7939 0
7940 2
7941 1
7942 1
7943 3
7944 1
7945 0
7946 0
7947 0
7948 4
7949 1
7950 0
7951 0
7952 0
7953 0
7954 1
7955 1
7956 1
7957 0
7958 1
7959 0
7960 0
7961 1
7962 2
7963 3
7964 0
7965 1
7966 0
7967 0
7968 1
7969 2
7970 1
7971 0
7972 0
7973 0
7974 3
7975 3
7976 0
7977 1
7978 0
7979 2
7980 0
7981 6
7982 0
7983 2
7984 2
7985 1
7986 2
7987 1
7988 1
7989 2
7990 1
7991 1
7992 1
7993 2
7994 0
7995 0
7996 3
7997 2
7998 4
7999 4
8000 2
8001 1
8002 3
8003 2
8004 3
8005 0
8006 1
8007 1
8008 1
8009 2
8010 0
8011 0
8012 1
8013 1
8014 0
8015 0
8016 1
8017 1
8018 1
8019 1
8020 1
8021 0
8022 2
8023 1
8024 2
8025 2
8026 0
8027 1
8028 2
8029 0
8030 1
8031 1
8032 1
8033 1
8034 0
8035 0
8036 3
8037 0
8038 1
8039 5
8040 2
8041 1
8042 0
8043 0
8044 2
8045 0
8046 1
8047 1
8048 2
8049 1
8050 0
8051 1
8052 0
8053 1
8054 2
8055 0
8056 1
8057 1
8058 1
8059 0
8060 0
8061 3
8062 0
8063 0
8064 1
8065 2
8066 1
8067 1
8068 1
8069 1
8070 2
8071 0
8072 1
8073 2
8074 0
8075 1
8076 0
8077 1
8078 0
8079 1
8080 0
8081 0
8082 0
8083 2
8084 3
8085 0
8086 1
8087 0
8088 2
8089 1
8090 1
8091 0
8092 0
8093 0
8094 0
8095 0
8096 1
8097 0
8098 0
8099 1
8100 1
8101 1
8102 2
8103 2
8104 1
8105 0
8106 4
8107 3
8108 3
8109 0
8110 2
8111 1
8112 2
8113 2
8114 2
8115 1
8116 2
8117 2
8118 0
8119 4
8120 1
8121 0
8122 2
8123 1
8124 2
8125 1
8126 0
8127 0
8128 1
8129 1
8130 0
8131 2
8132 0
8133 1
8134 1
8135 2
8136 0
8137 1
8138 2
8139 2
8140 2
8141 1
8142 0
8143 0
8144 1
8145 2
8146 2
8147 1
8148 0
8149 1
8150 2
8151 2
8152 0
8153 1
8154 1
8155 1
8156 3
8157 2
8158 1
8159 3
8160 0
8161 2
8162 1
8163 2
8164 0
8165 2
8166 1
8167 1
8168 4
8169 1
8170 5
8171 0
8172 1
8173 1
8174 1
8175 0
8176 1
8177 1
8178 0
8179 1
8180 2
8181 3
8182 0
8183 3
8184 0
8185 1
8186 3
8187 0
8188 1
8189 0
8190 0
8191 2
8192 1
8193 2
8194 0
8195 2
8196 2
8197 0
8198 0
8199 2
8200 4
8201 0
8202 3
8203 0
8204 1
8205 1
8206 0
8207 2
8208 0
8209 1
8210 0
8211 0
8212 0
8213 1
8214 1
8215 1
8216 2
8217 2
8218 0
8219 3
8220 0
8221 2
8222 2
8223 1
8224 0
8225 1
8226 2
8227 1
8228 1
8229 2
8230 2
8231 0
8232 0
8233 0
8234 0
8235 0
8236 0
8237 1
8238 1
8239 0
8240 0
8241 0
8242 0
8243 1
8244 0
8245 0
8246 0
8247 0
8248 0
8249 4
8250 1
8251 1
8252 0
8253 0
8254 1
8255 1
8256 0
8257 0
8258 1
8259 1
8260 0
8261 0
8262 1
8263 0
8264 0
8265 1
8266 0
8267 0
8268 0
8269 0
8270 2
8271 1
8272 0
8273 1
8274 0
8275 0
8276 2
8277 0
8278 3
8279 1
8280 2
8281 1
8282 2
8283 1
8284 1
8285 1
8286 0
8287 2
8288 3
8289 0
8290 1
8291 1
8292 2
8293 2
8294 0
8295 0
8296 0
8297 0
8298 0
8299 1
8300 1
8301 0
8302 1
8303 1
8304 1
8305 5
8306 0
8307 2
8308 0
8309 1
8310 0
8311 1
8312 1
8313 2
8314 0
8315 0
8316 2
8317 1
8318 0
8319 1
8320 0
8321 0
8322 2
8323 0
8324 0
8325 1
8326 0
8327 0
8328 1
8329 0
8330 1
8331 0
8332 1
8333 1
8334 0
8335 0
8336 1
8337 1
8338 0
8339 1
8340 0
8341 0
8342 2
8343 1
8344 1
8345 1
8346 1
8347 1
8348 0
8349 2
8350 0
8351 0
8352 2
8353 0
8354 0
8355 1
8356 2
8357 0
8358 1
8359 1
8360 1
8361 0
8362 0
8363 2
8364 0
8365 1
8366 1
8367 2
8368 0
8369 2
8370 3
8371 2
8372 1
8373 1
8374 0
8375 1
8376 0
8377 0
8378 1
8379 0
8380 1
8381 1
8382 0
8383 1
8384 2
8385 0
8386 0
8387 0
8388 1
8389 0
8390 1
8391 0
8392 0
8393 0
8394 1
8395 1
8396 0
8397 1
8398 0
8399 1
8400 3
8401 1
8402 1
8403 2
8404 1
8405 0
8406 1
8407 1
8408 1
8409 1
8410 1
8411 0
8412 1
8413 0
8414 0
8415 0
8416 2
8417 0
8418 2
8419 0
8420 1
8421 2
8422 0
8423 2
8424 2
8425 0
8426 1
8427 1
8428 1
8429 2
8430 0
8431 0
8432 0
8433 0
8434 0
8435 0
8436 0
8437 2
8438 3
8439 3
8440 2
8441 1
8442 1
8443 1
8444 3
8445 0
8446 0
8447 0
8448 0
8449 0
8450 0
8451 1
8452 0
8453 3
8454 1
8455 0
8456 0
8457 0
8458 0
8459 0
8460 0
8461 0
8462 0
8463 2
8464 0
8465 0
8466 1
8467 0
8468 1
8469 1
8470 0
8471 2
8472 1
8473 0
8474 0
8475 1
8476 0
8477 0
8478 1
8479 0
8480 1
8481 1
8482 2
8483 2
8484 0
8485 1
8486 0
8487 1
8488 0
8489 1
8490 0
8491 1
8492 0
8493 1
8494 1
8495 3
8496 0
8497 0
8498 1
8499 0
8500 0
8501 0
8502 3
8503 2
8504 2
8505 0
8506 2
8507 0
8508 0
8509 1
8510 1
8511 2
8512 2
8513 0
8514 1
8515 0
8516 1
8517 3
8518 0
8519 0
8520 3
8521 0
8522 0
8523 0
8524 0
8525 1
8526 0
8527 1
8528 0
8529 0
8530 1
8531 2
8532 1
8533 0
8534 3
8535 3
8536 1
8537 2
8538 2
8539 1
8540 0
8541 1
8542 0
8543 0
8544 2
8545 1
8546 1
8547 0
8548 2
8549 0
8550 0
8551 2
8552 2
8553 2
8554 1
8555 1
8556 0
8557 1
8558 1
8559 0
8560 0
8561 0
8562 1
8563 0
8564 1
8565 5
8566 5
8567 0
8568 0
8569 0
8570 0
8571 0
8572 0
8573 2
8574 0
8575 1
8576 0
8577 1
8578 2
8579 2
8580 0
8581 1
8582 0
8583 0
8584 0
8585 0
8586 1
8587 1
8588 0
8589 0
8590 0
8591 2
8592 2
8593 2
8594 0
8595 3
8596 1
8597 1
8598 3
8599 0
8600 1
8601 0
8602 1
8603 0
8604 2
8605 1
8606 1
8607 0
8608 0
8609 1
8610 2
8611 2
8612 0
8613 3
8614 0
8615 0
8616 1
8617 0
8618 1
8619 1
8620 2
8621 1
8622 0
8623 0
8624 0
8625 3
8626 0
8627 0
8628 3
8629 0
8630 0
8631 1
8632 1
8633 2
8634 0
8635 2
8636 0
8637 1
8638 1
8639 1
8640 0
8641 0
8642 0
8643 1
8644 2
8645 2
8646 0
8647 1
8648 0
8649 1
8650 0
8651 0
8652 2
8653 0
8654 3
8655 0
8656 0
8657 0
8658 2
8659 1
8660 3
8661 2
8662 0
8663 2
8664 1
8665 1
8666 1
8667 0
8668 0
8669 0
8670 1
8671 0
8672 5
8673 1
8674 4
8675 1
8676 0
8677 1
8678 1
8679 1
8680 1
8681 1
8682 0
8683 2
8684 1
8685 1
8686 2
8687 2
8688 2
8689 0
8690 1
8691 1
8692 0
8693 0
8694 0
8695 0
8696 4
8697 3
8698 0
8699 1
8700 0
8701 1
8702 0
8703 1
8704 1
8705 1
8706 1
8707 0
8708 2
8709 1
8710 0
8711 0
8712 1
8713 1
8714 1
8715 1
8716 0
8717 1
8718 1
8719 2
8720 1
8721 0
8722 0
8723 0
8724 3
8725 0
8726 0
8727 1
8728 0
8729 3
8730 0
8731 0
8732 0
8733 4
8734 0
8735 0
8736 0
8737 0
8738 0
8739 1
8740 0
8741 0
8742 2
8743 0
8744 1
8745 4
8746 0
8747 1
8748 0
8749 1
8750 1
8751 2
8752 0
8753 2
8754 0
8755 1
8756 1
8757 1
8758 0
8759 1
8760 3
8761 0
8762 2
8763 0
8764 0
8765 0
8766 0
8767 0
8768 0
8769 1
8770 0
8771 1
8772 2
8773 0
8774 2
8775 1
8776 1
8777 2
8778 0
8779 0
8780 1
8781 1
8782 1
8783 0
8784 0
8785 0
8786 1
8787 1
8788 0
8789 2
8790 0
8791 0
8792 1
8793 1
8794 1
8795 0
8796 0
8797 1
8798 4
8799 2
8800 1
8801 1
8802 0
8803 3
8804 1
8805 0
8806 0
8807 1
8808 1
8809 2
8810 0
8811 0
8812 0
8813 1
8814 1
8815 0
8816 1
8817 2
8818 1
8819 0
8820 1
8821 0
8822 0
8823 1
8824 1
8825 1
8826 1
8827 0
8828 1
8829 1
8830 0
8831 1
8832 2
8833 1
8834 0
8835 1
8836 1
8837 0
8838 1
8839 1
8840 1
8841 0
8842 1
8843 3
8844 0
8845 0
8846 1
8847 0
8848 0
8849 0
8850 1
8851 0
8852 1
8853 0
8854 0
8855 3
8856 1
8857 0
8858 0
8859 1
8860 0
8861 2
8862 1
8863 6
8864 2
8865 1
8866 1
8867 1
8868 0
8869 1
8870 0
8871 0
8872 2
8873 0
8874 0
8875 2
8876 3
8877 0
8878 1
8879 1
8880 0
8881 0
8882 0
8883 0
8884 2
8885 2
8886 4
8887 0
8888 1
8889 0
8890 1
8891 2
8892 1
8893 0
8894 1
8895 1
8896 1
8897 0
8898 0
8899 0
8900 0
8901 1
8902 1
8903 0
8904 0
8905 0
8906 1
8907 0
8908 1
8909 0
8910 0
8911 0
8912 1
8913 0
8914 0
8915 1
8916 0
8917 1
8918 1
8919 0
8920 2
8921 1
8922 1
8923 3
8924 2
8925 0
8926 0
8927 0
8928 1
8929 1
8930 1
8931 1
8932 0
8933 2
8934 1
8935 0
8936 0
8937 1
8938 2
8939 1
8940 1
8941 0
8942 2
8943 1
8944 0
8945 1
8946 1
8947 0
8948 1
8949 1
8950 1
8951 1
8952 0
8953 0
8954 1
8955 0
8956 0
8957 0
8958 0
8959 0
8960 3
8961 0
8962 1
8963 1
8964 1
8965 1
8966 4
8967 0
8968 2
8969 1
8970 0
8971 2
8972 1
8973 1
8974 1
8975 2
8976 0
8977 2
8978 1
8979 0
8980 1
8981 0
8982 2
8983 0
8984 0
8985 1
8986 1
8987 1
8988 1
8989 2
8990 0
8991 1
8992 0
8993 2
8994 1
8995 0
8996 1
8997 1
8998 2
8999 0
9000 0
9001 0
9002 0
9003 1
9004 0
9005 0
9006 1
9007 1
9008 1
9009 0
9010 1
9011 0
9012 0
9013 0
9014 0
9015 1
9016 2
9017 3
9018 0
9019 2
9020 2
9021 0
9022 1
9023 1
9024 0
9025 2
9026 0
9027 1
9028 0
9029 0
9030 0
9031 1
9032 1
9033 3
9034 0
9035 0
9036 2
9037 2
9038 4
9039 1
9040 0
9041 0
9042 0
9043 0
9044 1
9045 0
9046 1
9047 0
9048 0
9049 1
9050 0
9051 0
9052 0
9053 0
9054 1
9055 0
9056 1
9057 0
9058 1
9059 1
9060 2
9061 2
9062 0
9063 1
9064 1
9065 2
9066 1
9067 2
9068 2
9069 1
9070 0
9071 1
9072 1
9073 0
9074 2
9075 4
9076 2
9077 0
9078 1
9079 2
9080 1
9081 1
9082 3
9083 2
9084 0
9085 0
9086 0
9087 1
9088 1
9089 1
9090 0
9091 1
9092 0
9093 0
9094 0
9095 3
9096 1
9097 1
9098 3
9099 0
9100 1
9101 0
9102 0
9103 2
9104 2
9105 2
9106 0
9107 0
9108 0
9109 0
9110 0
9111 0
9112 0
9113 0
9114 0
9115 0
9116 0
9117 0
9118 0
9119 0
9120 1
9121 0
9122 1
9123 1
9124 1
9125 1
9126 1
9127 0
9128 1
9129 1
9130 0
9131 1
9132 1
9133 0
9134 0
9135 1
9136 1
9137 0
9138 2
9139 0
9140 1
9141 0
9142 2
9143 2
9144 0
9145 3
9146 1
9147 0
9148 1
9149 2
9150 0
9151 1
9152 1
9153 0
9154 0
9155 0
9156 0
9157 0
9158 0
9159 0
9160 1
9161 2
9162 1
9163 2
9164 0
9165 0
9166 1
9167 0
9168 0
9169 0
9170 2
9171 0
9172 0
9173 2
9174 1
9175 0
9176 0
9177 1
9178 0
9179 1
9180 0
9181 1
9182 0
9183 1
9184 2
9185 0
9186 0
9187 0
9188 1
9189 1
9190 2
9191 0
9192 0
9193 0
9194 0
9195 0
9196 0
9197 1
9198 0
9199 0
9200 2
9201 1
9202 0
9203 1
9204 1
9205 1
9206 0
9207 1
9208 0
9209 0
9210 1
9211 0
9212 0
9213 0
9214 0
9215 5
9216 0
9217 0
9218 3
9219 0
9220 0
9221 0
9222 1
9223 0
9224 2
9225 0
9226 0
9227 1
9228 1
9229 1
9230 1
9231 0
9232 0
9233 0
9234 3
9235 0
9236 0
9237 0
9238 1
9239 0
9240 0
9241 0
9242 0
9243 0
9244 0
9245 0
9246 0
9247 0
9248 1
9249 0
9250 2
9251 1
9252 0
9253 3
9254 0
9255 1
9256 1
9257 1
9258 1
9259 0
9260 2
9261 2
9262 2
9263 0
9264 0
9265 1
9266 1
9267 0
9268 3
9269 0
9270 0
9271 0
9272 0
9273 0
9274 1
9275 0
9276 1
9277 1
9278 0
9279 1
9280 2
9281 2
9282 0
9283 1
9284 0
9285 1
9286 1
9287 0
9288 0
9289 0
9290 1
9291 1
9292 0
9293 0
9294 1
9295 0
9296 0
9297 0
9298 0
9299 2
9300 0
9301 1
9302 0
9303 1
9304 0
9305 1
9306 0
9307 1
9308 2
9309 0
9310 0
9311 0
9312 1
9313 1
9314 0
9315 1
9316 2
9317 1
9318 2
9319 3
9320 2
9321 2
9322 1
9323 1
9324 1
9325 1
9326 0
9327 0
9328 0
9329 1
9330 4
9331 1
9332 2
9333 1
9334 1
9335 0
9336 3
9337 1
9338 1
9339 3
9340 0
9341 1
9342 1
9343 1
9344 3
9345 1
9346 1
9347 0
9348 3
9349 1
9350 1
9351 0
9352 1
9353 3
9354 0
9355 1
9356 1
9357 0
9358 1
9359 1
9360 4
9361 0
9362 0
9363 1
9364 0
9365 0
9366 2
9367 0
9368 1
9369 1
9370 1
9371 1
9372 1
9373 1
9374 1
9375 0
9376 0
9377 0
9378 2
9379 0
9380 3
9381 1
9382 0
9383 1
9384 0
9385 0
9386 2
9387 2
9388 0
9389 0
9390 0
9391 0
9392 1
9393 1
9394 0
9395 3
9396 2
9397 0
9398 1
9399 2
9400 0
9401 1
9402 3
9403 0
9404 0
9405 1
9406 0
9407 2
9408 0
9409 1
9410 1
9411 1
9412 0
9413 0
9414 0
9415 0
9416 2
9417 0
9418 0
9419 1
9420 0
9421 0
9422 0
9423 0
9424 0
9425 2
9426 3
9427 0
9428 0
9429 0
9430 0
9431 0
9432 0
9433 0
9434 0
9435 1
9436 0
9437 1
9438 1
9439 0
9440 0
9441 0
9442 1
9443 1
9444 0
9445 0
9446 3
9447 0
9448 0
9449 0
9450 1
9451 0
9452 1
9453 0
9454 1
9455 0
9456 0
9457 1
9458 1
9459 0
9460 0
9461 0
9462 0
9463 1
9464 0
9465 2
9466 0
9467 0
9468 0
9469 0
9470 0
9471 2
9472 1
9473 0
9474 1
9475 0
9476 0
9477 0
9478 0
9479 1
9480 1
9481 1
9482 2
9483 0
9484 1
9485 0
9486 1
9487 0
9488 2
9489 1
9490 1
9491 0
9492 2
9493 0
9494 1
9495 0
9496 1
9497 0
9498 2
9499 0
9500 0
9501 0
9502 1
9503 0
9504 1
9505 0
9506 0
9507 1
9508 1
9509 0
9510 0
9511 3
9512 2
9513 0
9514 0
9515 0
9516 0
9517 1
9518 1
9519 1
9520 1
9521 0
9522 0
9523 1
9524 1
9525 0
9526 0
9527 0
9528 0
9529 1
9530 0
9531 1
9532 1
9533 0
9534 0
9535 3
9536 1
9537 0
9538 0
9539 1
9540 2
9541 0
9542 0
9543 0
9544 0
9545 1
9546 0
9547 0
9548 3
9549 1
9550 0
9551 2
9552 2
9553 0
9554 1
9555 1
9556 0
9557 0
9558 0
9559 1
9560 0
9561 3
9562 0
9563 1
9564 1
9565 2
9566 1
9567 0
9568 1
9569 0
9570 0
9571 0
9572 2
9573 1
9574 0
9575 1
9576 0
9577 1
9578 2
9579 0
9580 0
9581 0
9582 0
9583 0
9584 1
9585 0
9586 0
9587 1
9588 1
9589 2
9590 1
9591 0
9592 0
9593 0
9594 0
9595 2
9596 0
9597 0
9598 0
9599 2
9600 1
9601 4
9602 0
9603 0
9604 2
9605 1
9606 0
9607 1
9608 1
9609 0
9610 0
9611 0
9612 1
9613 0
9614 1
9615 0
9616 0
9617 2
9618 0
9619 0
9620 0
9621 1
9622 0
9623 1
9624 1
9625 0
9626 0
9627 1
9628 1
9629 1
9630 3
9631 0
9632 1
9633 1
9634 2
9635 0
9636 0
9637 1
9638 1
9639 0
9640 1
9641 2
9642 0
9643 0
9644 0
9645 0
9646 0
9647 0
9648 0
9649 0
9650 1
9651 1
9652 2
9653 0
9654 0
9655 1
9656 4
9657 1
9658 2
9659 0
9660 1
9661 1
9662 0
9663 1
9664 0
9665 0
9666 2
9667 0
9668 0
9669 0
9670 0
9671 0
9672 1
9673 0
9674 1
9675 2
9676 0
9677 2
9678 0
9679 1
9680 1
9681 2
9682 1
9683 0
9684 1
9685 0
9686 0
9687 0
9688 0
9689 0
9690 0
9691 1
9692 2
9693 0
9694 0
9695 0
9696 2
9697 1
9698 1
9699 0
9700 1
9701 0
9702 3
9703 1
9704 0
9705 0
9706 0
9707 1
9708 1
9709 1
9710 1
9711 1
9712 1
9713 0
9714 0
9715 2
9716 0
9717 1
9718 0
9719 0
9720 1
9721 2
9722 1
9723 1
9724 1
9725 0
9726 1
9727 0
9728 1
9729 1
9730 2
9731 2
9732 0
9733 2
9734 1
9735 0
9736 2
9737 1
9738 2
9739 0
9740 0
9741 0
9742 0
9743 0
9744 1
9745 0
9746 0
9747 0
9748 0
9749 0
9750 0
9751 1
9752 0
9753 0
9754 0
9755 1
9756 1
9757 1
9758 0
9759 1
9760 1
9761 1
9762 1
9763 1
9764 0
9765 1
9766 0
9767 0
9768 0
9769 1
9770 0
9771 0
9772 0
9773 2
9774 0
9775 1
9776 0
9777 1
9778 0
9779 1
9780 1
9781 0
9782 1
9783 0
9784 0
9785 1
9786 0
9787 1
9788 0
9789 0
9790 0
9791 0
9792 0
9793 0
9794 1
9795 1
9796 0
9797 1
9798 3
9799 1
9800 0
9801 2
9802 0
9803 2
9804 0
9805 2
9806 1
9807 0
9808 0
9809 0
9810 1
9811 0
9812 1
9813 0
9814 1
9815 0
9816 2
9817 1
9818 0
9819 0
9820 1
9821 1
9822 0
9823 1
9824 0
9825 0
9826 1
9827 1
9828 0
9829 0
9830 1
9831 1
9832 1
9833 0
9834 0
9835 1
9836 0
9837 1
9838 0
9839 0
9840 0
9841 0
9842 0
9843 0
9844 3
9845 0
9846 2
9847 1
9848 0
9849 0
9850 0
9851 0
9852 0
9853 1
9854 2
9855 0
9856 0
9857 2
9858 1
9859 2
9860 0
9861 0
9862 1
9863 0
9864 1
9865 1
9866 0
9867 0
9868 1
9869 1
9870 0
9871 0
9872 1
9873 1
9874 0
9875 0
9876 0
9877 0
9878 0
9879 1
9880 1
9881 2
9882 0
9883 2
9884 0
9885 0
9886 2
9887 0
9888 2
9889 0
9890 1
9891 0
9892 2
9893 0
9894 0
9895 0
9896 0
9897 2
9898 2
9899 1
9900 0
9901 0
9902 1
9903 2
9904 1
9905 0
9906 0
9907 1
9908 1
9909 0
9910 0
9911 0
9912 0
9913 0
9914 1
9915 0
9916 1
9917 0
9918 1
9919 1
9920 1
9921 1
9922 1
9923 0
9924 2
9925 0
9926 0
9927 1
9928 2
9929 2
9930 0
9931 1
9932 2
9933 1
9934 0
9935 2
9936 1
9937 1
9938 1
9939 1
9940 0
9941 1
9942 0
9943 0
9944 0
9945 1
9946 2
9947 1
9948 0
9949 1
9950 0
9951 0
9952 1
9953 2
9954 1
9955 0
9956 1
9957 1
9958 0
9959 3
9960 1
9961 2
9962 0
9963 1
9964 0
9965 1
9966 2
9967 0
9968 1
9969 1
9970 1
9971 1
9972 0
9973 2
9974 3
9975 2
9976 0
9977 3
9978 2
9979 1
9980 0
9981 0
9982 1
9983 4
9984 0
9985 2
9986 0
9987 0
9988 1
9989 1
9990 0
9991 0
9992 0
9993 1
9994 1
9995 0
9996 2
9997 0
9998 0
9999 0
10000 0
10001 4475
