# Title:27-mer spectra for: LAN039_12419AAC_TAGGCATG-TACTCCTT_R2_001.fastq.gz
# XLabel:27-mer frequency
# YLabel:# distinct 27-mers
# Kmer value:27
# Input 1:../../data/fastq/LAN039_12419AAC_TAGGCATG-TACTCCTT_R2_001.fastq.gz
###
1 59368386
2 5942028
3 1826460
4 880578
5 553174
6 404697
7 325972
8 271157
9 230458
10 201531
11 182627
12 165163
13 147729
14 139074
15 127537
16 120805
17 108260
18 103953
19 99787
20 94549
21 88027
22 85181
23 84051
24 80455
25 75449
26 74270
27 72715
28 69524
29 67955
30 64423
31 61836
32 60481
33 59815
34 60182
35 58198
36 55662
37 55900
38 55588
39 53553
40 52810
41 51293
42 49893
43 50190
44 49522
45 49332
46 49091
47 48390
48 47692
49 46956
50 45841
51 45016
52 44049
53 43983
54 42599
55 42330
56 42376
57 42654
58 42136
59 42429
60 42233
61 40352
62 39446
63 38825
64 38662
65 37726
66 38360
67 36539
68 38071
69 37261
70 36172
71 35172
72 33881
73 35443
74 34054
75 33644
76 32804
77 32741
78 31972
79 31616
80 31136
81 30496
82 29787
83 29575
84 28916
85 28695
86 27034
87 26877
88 26892
89 25469
90 25308
91 25213
92 25689
93 25657
94 25616
95 24554
96 24300
97 24315
98 23583
99 23267
100 22481
101 22672
102 22503
103 22656
104 22696
105 22620
106 22279
107 22051
108 22065
109 22639
110 21804
111 22045
112 21875
113 21466
114 21542
115 21717
116 21837
117 21117
118 21459
119 20978
120 21273
121 21967
122 21435
123 21741
124 21314
125 20735
126 20605
127 20260
128 20659
129 20509
130 20356
131 19644
132 19281
133 19608
134 19321
135 18841
136 18644
137 18986
138 18603
139 18930
140 18693
141 18423
142 18123
143 17949
144 17678
145 17157
146 17161
147 17184
148 17221
149 16679
150 15838
151 15566
152 14923
153 14592
154 14300
155 14233
156 13568
157 13206
158 12796
159 11972
160 12115
161 11617
162 10971
163 10909
164 10463
165 10147
166 9665
167 9292
168 8619
169 8438
170 7832
171 7767
172 7400
173 7652
174 7012
175 6528
176 6202
177 6132
178 5639
179 5307
180 5288
181 4710
182 4567
183 4538
184 4435
185 4354
186 4220
187 3974
188 3854
189 3662
190 3589
191 3278
192 3204
193 3134
194 3000
195 2950
196 2763
197 2593
198 2577
199 2484
200 2483
201 2445
202 2577
203 2405
204 2225
205 2232
206 2115
207 2079
208 2030
209 2053
210 2043
211 2008
212 2107
213 1999
214 2019
215 1983
216 1909
217 1899
218 1786
219 1735
220 1732
221 1796
222 1932
223 1919
224 1902
225 1911
226 1886
227 1783
228 1810
229 1876
230 1740
231 1783
232 1732
233 1688
234 1748
235 1699
236 1611
237 1728
238 1633
239 1701
240 1687
241 1683
242 1581
243 1564
244 1560
245 1512
246 1664
247 1616
248 1594
249 1521
250 1512
251 1684
252 1561
253 1596
254 1554
255 1548
256 1488
257 1500
258 1473
259 1396
260 1455
261 1278
262 1304
263 1375
264 1505
265 1467
266 1409
267 1407
268 1370
269 1327
270 1327
271 1313
272 1335
273 1248
274 1218
275 1264
276 1237
277 1325
278 1229
279 1167
280 1115
281 1129
282 1242
283 1180
284 1143
285 1113
286 1058
287 1091
288 1062
289 1097
290 1074
291 1151
292 1168
293 1125
294 1125
295 1091
296 1119
297 1041
298 1161
299 1159
300 1051
301 1160
302 1057
303 1031
304 1019
305 1100
306 1032
307 994
308 973
309 1044
310 1032
311 1033
312 1030
313 973
314 916
315 900
316 895
317 889
318 838
319 882
320 848
321 868
322 906
323 822
324 810
325 797
326 773
327 828
328 730
329 772
330 749
331 720
332 721
333 735
334 692
335 687
336 643
337 656
338 629
339 555
340 579
341 539
342 583
343 528
344 560
345 623
346 599
347 545
348 594
349 536
350 530
351 578
352 542
353 500
354 552
355 535
356 535
357 525
358 506
359 495
360 468
361 491
362 493
363 476
364 455
365 474
366 477
367 464
368 469
369 467
370 459
371 490
372 480
373 439
374 454
375 448
376 427
377 428
378 447
379 401
380 442
381 446
382 428
383 431
384 401
385 388
386 383
387 405
388 355
389 396
390 386
391 399
392 328
393 367
394 367
395 339
396 367
397 311
398 331
399 368
400 331
401 374
402 334
403 324
404 349
405 395
406 382
407 340
408 336
409 364
410 376
411 307
412 307
413 326
414 336
415 306
416 335
417 299
418 302
419 302
420 341
421 303
422 311
423 338
424 342
425 320
426 299
427 275
428 327
429 326
430 297
431 309
432 280
433 298
434 268
435 258
436 262
437 248
438 251
439 266
440 276
441 290
442 341
443 346
444 295
445 303
446 305
447 296
448 298
449 256
450 261
451 253
452 251
453 265
454 230
455 275
456 279
457 268
458 251
459 243
460 252
461 238
462 268
463 269
464 256
465 240
466 252
467 221
468 214
469 212
470 229
471 240
472 220
473 246
474 232
475 236
476 213
477 224
478 235
479 224
480 235
481 222
482 198
483 220
484 212
485 211
486 198
487 230
488 224
489 210
490 223
491 206
492 187
493 186
494 187
495 181
496 202
497 175
498 193
499 191
500 184
501 200
502 183
503 168
504 197
505 160
506 175
507 178
508 177
509 181
510 195
511 183
512 195
513 176
514 168
515 175
516 149
517 203
518 157
519 149
520 189
521 195
522 204
523 174
524 192
525 172
526 148
527 148
528 158
529 179
530 162
531 161
532 142
533 172
534 161
535 153
536 158
537 157
538 160
539 145
540 175
541 186
542 154
543 174
544 177
545 178
546 163
547 170
548 135
549 157
550 157
551 161
552 146
553 147
554 137
555 164
556 169
557 158
558 144
559 152
560 144
561 171
562 158
563 187
564 151
565 122
566 137
567 131
568 141
569 153
570 154
571 159
572 148
573 183
574 125
575 163
576 142
577 171
578 141
579 121
580 147
581 140
582 139
583 158
584 136
585 130
586 129
587 128
588 146
589 117
590 124
591 120
592 106
593 126
594 126
595 125
596 129
597 97
598 137
599 126
600 136
601 136
602 140
603 123
604 127
605 124
606 117
607 132
608 151
609 128
610 123
611 124
612 150
613 137
614 126
615 140
616 137
617 116
618 129
619 103
620 123
621 126
622 125
623 124
624 111
625 128
626 118
627 119
628 139
629 113
630 143
631 113
632 130
633 130
634 131
635 121
636 113
637 107
638 111
639 97
640 91
641 89
642 90
643 114
644 95
645 104
646 80
647 78
648 101
649 104
650 90
651 112
652 84
653 101
654 80
655 89
656 89
657 91
658 99
659 105
660 98
661 89
662 99
663 100
664 84
665 101
666 79
667 99
668 96
669 99
670 95
671 88
672 85
673 95
674 103
675 83
676 96
677 85
678 83
679 109
680 88
681 84
682 113
683 113
684 89
685 72
686 74
687 67
688 69
689 83
690 92
691 76
692 86
693 104
694 89
695 102
696 102
697 92
698 87
699 84
700 78
701 82
702 99
703 91
704 87
705 79
706 94
707 101
708 82
709 84
710 91
711 76
712 87
713 89
714 85
715 79
716 92
717 84
718 79
719 80
720 69
721 73
722 84
723 67
724 66
725 72
726 61
727 54
728 61
729 54
730 69
731 59
732 77
733 70
734 66
735 71
736 69
737 81
738 90
739 76
740 97
741 76
742 69
743 85
744 71
745 66
746 77
747 87
748 83
749 66
750 61
751 63
752 75
753 59
754 77
755 89
756 80
757 71
758 77
759 81
760 63
761 55
762 56
763 78
764 58
765 66
766 69
767 81
768 69
769 78
770 47
771 68
772 63
773 68
774 56
775 57
776 80
777 73
778 61
779 73
780 67
781 65
782 74
783 80
784 72
785 63
786 71
787 52
788 68
789 60
790 62
791 55
792 47
793 49
794 62
795 55
796 69
797 78
798 50
799 54
800 60
801 69
802 51
803 42
804 43
805 59
806 60
807 56
808 53
809 58
810 70
811 60
812 50
813 61
814 54
815 73
816 65
817 60
818 53
819 50
820 49
821 49
822 58
823 49
824 49
825 47
826 53
827 64
828 48
829 52
830 68
831 63
832 72
833 71
834 50
835 65
836 57
837 54
838 44
839 54
840 43
841 58
842 57
843 59
844 52
845 50
846 56
847 42
848 48
849 52
850 46
851 53
852 42
853 57
854 51
855 54
856 39
857 47
858 35
859 45
860 48
861 47
862 40
863 53
864 45
865 40
866 53
867 57
868 29
869 35
870 51
871 55
872 51
873 58
874 42
875 45
876 44
877 65
878 31
879 43
880 45
881 51
882 61
883 61
884 64
885 49
886 42
887 40
888 43
889 56
890 57
891 44
892 55
893 57
894 48
895 38
896 47
897 56
898 65
899 45
900 47
901 43
902 43
903 40
904 45
905 62
906 51
907 53
908 45
909 43
910 40
911 36
912 54
913 55
914 42
915 53
916 44
917 43
918 45
919 43
920 48
921 44
922 45
923 56
924 51
925 49
926 42
927 50
928 54
929 50
930 47
931 41
932 47
933 42
934 35
935 50
936 49
937 45
938 43
939 35
940 43
941 52
942 42
943 36
944 42
945 47
946 43
947 58
948 43
949 26
950 33
951 44
952 38
953 41
954 43
955 38
956 38
957 33
958 39
959 26
960 35
961 42
962 52
963 33
964 35
965 34
966 42
967 36
968 50
969 34
970 42
971 42
972 32
973 40
974 40
975 37
976 55
977 37
978 38
979 33
980 42
981 26
982 45
983 42
984 46
985 41
986 30
987 37
988 34
989 38
990 38
991 49
992 36
993 34
994 39
995 36
996 41
997 41
998 39
999 31
1000 39
1001 36
1002 24
1003 35
1004 34
1005 30
1006 25
1007 38
1008 33
1009 33
1010 26
1011 33
1012 30
1013 30
1014 29
1015 34
1016 28
1017 28
1018 41
1019 44
1020 53
1021 22
1022 26
1023 40
1024 30
1025 34
1026 24
1027 33
1028 38
1029 32
1030 35
1031 26
1032 31
1033 27
1034 33
1035 43
1036 43
1037 26
1038 50
1039 41
1040 19
1041 32
1042 31
1043 29
1044 20
1045 18
1046 33
1047 29
1048 30
1049 38
1050 28
1051 30
1052 34
1053 25
1054 31
1055 30
1056 31
1057 40
1058 36
1059 32
1060 27
1061 26
1062 30
1063 40
1064 41
1065 37
1066 36
1067 27
1068 25
1069 29
1070 27
1071 34
1072 24
1073 37
1074 26
1075 25
1076 30
1077 45
1078 30
1079 34
1080 27
1081 35
1082 32
1083 40
1084 26
1085 41
1086 29
1087 32
1088 27
1089 30
1090 35
1091 44
1092 36
1093 26
1094 19
1095 26
1096 27
1097 23
1098 28
1099 29
1100 16
1101 33
1102 29
1103 36
1104 38
1105 34
1106 28
1107 34
1108 41
1109 29
1110 21
1111 33
1112 34
1113 40
1114 27
1115 39
1116 20
1117 26
1118 28
1119 29
1120 23
1121 25
1122 27
1123 32
1124 27
1125 28
1126 32
1127 37
1128 34
1129 32
1130 28
1131 40
1132 32
1133 23
1134 27
1135 33
1136 28
1137 24
1138 21
1139 45
1140 33
1141 32
1142 25
1143 20
1144 26
1145 23
1146 16
1147 25
1148 23
1149 19
1150 36
1151 30
1152 31
1153 25
1154 26
1155 24
1156 34
1157 28
1158 25
1159 21
1160 19
1161 24
1162 23
1163 33
1164 31
1165 22
1166 11
1167 25
1168 25
1169 28
1170 28
1171 32
1172 23
1173 33
1174 22
1175 20
1176 23
1177 22
1178 15
1179 29
1180 36
1181 26
1182 25
1183 33
1184 28
1185 30
1186 23
1187 23
1188 23
1189 22
1190 21
1191 15
1192 26
1193 26
1194 21
1195 18
1196 23
1197 31
1198 33
1199 28
1200 23
1201 27
1202 27
1203 19
1204 19
1205 25
1206 16
1207 29
1208 23
1209 25
1210 22
1211 19
1212 18
1213 20
1214 29
1215 19
1216 25
1217 25
1218 17
1219 28
1220 27
1221 29
1222 23
1223 15
1224 27
1225 30
1226 33
1227 23
1228 16
1229 16
1230 14
1231 20
1232 19
1233 23
1234 20
1235 18
1236 27
1237 21
1238 17
1239 25
1240 26
1241 29
1242 19
1243 26
1244 16
1245 19
1246 17
1247 24
1248 13
1249 27
1250 23
1251 33
1252 22
1253 26
1254 23
1255 21
1256 23
1257 17
1258 19
1259 16
1260 27
1261 22
1262 22
1263 21
1264 9
1265 21
1266 20
1267 21
1268 13
1269 20
1270 17
1271 15
1272 13
1273 17
1274 14
1275 26
1276 18
1277 23
1278 13
1279 18
1280 15
1281 16
1282 19
1283 13
1284 22
1285 15
1286 19
1287 23
1288 15
1289 26
1290 25
1291 28
1292 18
1293 29
1294 20
1295 30
1296 31
1297 21
1298 34
1299 27
1300 18
1301 18
1302 20
1303 18
1304 16
1305 17
1306 21
1307 16
1308 24
1309 24
1310 16
1311 12
1312 21
1313 23
1314 18
1315 15
1316 19
1317 18
1318 23
1319 18
1320 12
1321 14
1322 18
1323 15
1324 19
1325 28
1326 23
1327 18
1328 19
1329 9
1330 13
1331 13
1332 12
1333 21
1334 15
1335 7
1336 19
1337 12
1338 11
1339 11
1340 9
1341 16
1342 16
1343 18
1344 19
1345 18
1346 19
1347 11
1348 17
1349 13
1350 24
1351 16
1352 22
1353 14
1354 17
1355 17
1356 15
1357 16
1358 18
1359 25
1360 14
1361 19
1362 21
1363 18
1364 14
1365 17
1366 20
1367 20
1368 11
1369 15
1370 10
1371 12
1372 16
1373 21
1374 21
1375 14
1376 23
1377 15
1378 18
1379 18
1380 9
1381 12
1382 18
1383 11
1384 12
1385 17
1386 12
1387 21
1388 6
1389 18
1390 14
1391 19
1392 16
1393 17
1394 24
1395 17
1396 16
1397 10
1398 13
1399 16
1400 18
1401 13
1402 20
1403 21
1404 19
1405 26
1406 17
1407 23
1408 18
1409 18
1410 20
1411 15
1412 7
1413 20
1414 16
1415 12
1416 22
1417 22
1418 30
1419 17
1420 13
1421 7
1422 24
1423 28
1424 16
1425 20
1426 14
1427 14
1428 12
1429 12
1430 15
1431 15
1432 16
1433 11
1434 9
1435 13
1436 21
1437 19
1438 15
1439 16
1440 22
1441 20
1442 23
1443 16
1444 22
1445 19
1446 15
1447 33
1448 17
1449 22
1450 18
1451 24
1452 9
1453 23
1454 22
1455 12
1456 12
1457 16
1458 13
1459 14
1460 17
1461 13
1462 16
1463 18
1464 12
1465 10
1466 11
1467 17
1468 5
1469 9
1470 15
1471 14
1472 13
1473 7
1474 16
1475 9
1476 16
1477 13
1478 13
1479 17
1480 17
1481 11
1482 10
1483 15
1484 12
1485 17
1486 14
1487 16
1488 14
1489 11
1490 26
1491 12
1492 14
1493 19
1494 11
1495 14
1496 17
1497 15
1498 14
1499 15
1500 9
1501 15
1502 23
1503 17
1504 14
1505 12
1506 9
1507 7
1508 14
1509 14
1510 13
1511 13
1512 19
1513 21
1514 18
1515 14
1516 17
1517 13
1518 16
1519 14
1520 15
1521 14
1522 14
1523 19
1524 17
1525 16
1526 15
1527 15
1528 9
1529 11
1530 13
1531 9
1532 15
1533 9
1534 13
1535 12
1536 12
1537 12
1538 15
1539 14
1540 7
1541 15
1542 16
1543 7
1544 16
1545 18
1546 9
1547 14
1548 13
1549 14
1550 13
1551 17
1552 13
1553 9
1554 15
1555 17
1556 17
1557 15
1558 13
1559 11
1560 11
1561 12
1562 12
1563 16
1564 18
1565 10
1566 8
1567 19
1568 22
1569 11
1570 11
1571 9
1572 9
1573 16
1574 13
1575 13
1576 18
1577 11
1578 11
1579 9
1580 16
1581 12
1582 14
1583 13
1584 13
1585 16
1586 10
1587 14
1588 21
1589 24
1590 24
1591 21
1592 19
1593 13
1594 20
1595 14
1596 12
1597 16
1598 13
1599 19
1600 10
1601 10
1602 15
1603 12
1604 10
1605 14
1606 15
1607 12
1608 14
1609 12
1610 11
1611 8
1612 14
1613 18
1614 12
1615 11
1616 13
1617 11
1618 15
1619 11
1620 10
1621 10
1622 9
1623 14
1624 15
1625 15
1626 8
1627 13
1628 10
1629 10
1630 10
1631 7
1632 7
1633 11
1634 14
1635 8
1636 7
1637 7
1638 18
1639 12
1640 11
1641 12
1642 14
1643 21
1644 24
1645 10
1646 23
1647 14
1648 17
1649 14
1650 9
1651 16
1652 9
1653 12
1654 12
1655 11
1656 8
1657 12
1658 16
1659 12
1660 11
1661 12
1662 12
1663 9
1664 19
1665 17
1666 9
1667 15
1668 16
1669 13
1670 7
1671 7
1672 11
1673 14
1674 11
1675 17
1676 12
1677 16
1678 5
1679 17
1680 17
1681 9
1682 6
1683 9
1684 12
1685 14
1686 9
1687 15
1688 12
1689 7
1690 8
1691 5
1692 8
1693 11
1694 12
1695 13
1696 11
1697 8
1698 10
1699 11
1700 9
1701 9
1702 14
1703 10
1704 14
1705 14
1706 14
1707 14
1708 10
1709 9
1710 13
1711 6
1712 9
1713 9
1714 14
1715 8
1716 12
1717 14
1718 15
1719 5
1720 9
1721 8
1722 9
1723 8
1724 14
1725 11
1726 14
1727 17
1728 15
1729 9
1730 7
1731 11
1732 13
1733 7
1734 7
1735 7
1736 12
1737 10
1738 8
1739 10
1740 13
1741 7
1742 10
1743 11
1744 12
1745 8
1746 8
1747 11
1748 11
1749 11
1750 14
1751 5
1752 14
1753 14
1754 8
1755 9
1756 12
1757 5
1758 6
1759 16
1760 11
1761 10
1762 9
1763 10
1764 18
1765 8
1766 7
1767 10
1768 7
1769 12
1770 14
1771 17
1772 18
1773 6
1774 10
1775 9
1776 10
1777 10
1778 11
1779 12
1780 8
1781 6
1782 14
1783 15
1784 11
1785 7
1786 18
1787 14
1788 7
1789 11
1790 7
1791 9
1792 16
1793 13
1794 12
1795 11
1796 6
1797 8
1798 11
1799 15
1800 13
1801 6
1802 12
1803 11
1804 13
1805 10
1806 13
1807 10
1808 10
1809 13
1810 16
1811 7
1812 11
1813 10
1814 14
1815 7
1816 7
1817 7
1818 4
1819 11
1820 6
1821 14
1822 7
1823 11
1824 13
1825 7
1826 14
1827 9
1828 10
1829 9
1830 6
1831 9
1832 9
1833 8
1834 14
1835 6
1836 8
1837 7
1838 11
1839 11
1840 11
1841 3
1842 4
1843 21
1844 10
1845 9
1846 11
1847 7
1848 10
1849 11
1850 12
1851 6
1852 7
1853 6
1854 7
1855 11
1856 8
1857 6
1858 9
1859 10
1860 17
1861 8
1862 14
1863 8
1864 18
1865 8
1866 4
1867 12
1868 9
1869 9
1870 5
1871 7
1872 7
1873 7
1874 15
1875 16
1876 11
1877 12
1878 9
1879 7
1880 17
1881 9
1882 5
1883 11
1884 11
1885 13
1886 9
1887 13
1888 6
1889 5
1890 9
1891 14
1892 14
1893 10
1894 8
1895 8
1896 17
1897 7
1898 9
1899 7
1900 8
1901 8
1902 13
1903 10
1904 5
1905 9
1906 10
1907 5
1908 12
1909 13
1910 10
1911 8
1912 5
1913 10
1914 6
1915 3
1916 9
1917 13
1918 7
1919 10
1920 7
1921 15
1922 8
1923 10
1924 8
1925 8
1926 4
1927 10
1928 9
1929 10
1930 6
1931 1
1932 7
1933 6
1934 8
1935 8
1936 8
1937 10
1938 11
1939 10
1940 11
1941 10
1942 9
1943 6
1944 8
1945 9
1946 7
1947 6
1948 11
1949 14
1950 11
1951 13
1952 18
1953 12
1954 11
1955 13
1956 7
1957 16
1958 6
1959 8
1960 13
1961 12
1962 10
1963 9
1964 9
1965 10
1966 12
1967 16
1968 4
1969 8
1970 11
1971 10
1972 13
1973 11
1974 12
1975 16
1976 9
1977 5
1978 11
1979 8
1980 9
1981 6
1982 5
1983 9
1984 7
1985 10
1986 6
1987 10
1988 10
1989 15
1990 11
1991 13
1992 6
1993 12
1994 9
1995 4
1996 9
1997 8
1998 8
1999 5
2000 8
2001 4
2002 10
2003 5
2004 11
2005 8
2006 7
2007 5
2008 5
2009 4
2010 3
2011 11
2012 8
2013 6
2014 5
2015 4
2016 11
2017 6
2018 1
2019 8
2020 3
2021 9
2022 12
2023 6
2024 4
2025 11
2026 9
2027 6
2028 12
2029 7
2030 10
2031 6
2032 3
2033 7
2034 9
2035 5
2036 5
2037 11
2038 2
2039 5
2040 9
2041 9
2042 5
2043 10
2044 6
2045 11
2046 8
2047 12
2048 7
2049 7
2050 10
2051 8
2052 11
2053 11
2054 10
2055 9
2056 3
2057 9
2058 6
2059 12
2060 3
2061 4
2062 7
2063 7
2064 7
2065 5
2066 12
2067 10
2068 8
2069 8
2070 4
2071 6
2072 7
2073 5
2074 6
2075 7
2076 7
2077 6
2078 9
2079 9
2080 7
2081 12
2082 8
2083 15
2084 7
2085 8
2086 14
2087 12
2088 11
2089 5
2090 10
2091 11
2092 5
2093 4
2094 4
2095 8
2096 8
2097 8
2098 10
2099 8
2100 12
2101 6
2102 5
2103 13
2104 11
2105 9
2106 8
2107 2
2108 6
2109 2
2110 4
2111 10
2112 11
2113 10
2114 13
2115 6
2116 7
2117 3
2118 10
2119 6
2120 9
2121 8
2122 6
2123 8
2124 3
2125 10
2126 4
2127 9
2128 10
2129 9
2130 8
2131 12
2132 9
2133 8
2134 10
2135 7
2136 7
2137 9
2138 10
2139 11
2140 11
2141 8
2142 13
2143 12
2144 6
2145 2
2146 11
2147 9
2148 8
2149 10
2150 4
2151 10
2152 8
2153 10
2154 11
2155 8
2156 9
2157 14
2158 7
2159 9
2160 10
2161 10
2162 8
2163 4
2164 10
2165 13
2166 7
2167 11
2168 2
2169 9
2170 7
2171 2
2172 7
2173 4
2174 6
2175 8
2176 6
2177 7
2178 7
2179 7
2180 6
2181 8
2182 5
2183 6
2184 9
2185 10
2186 10
2187 5
2188 5
2189 13
2190 5
2191 8
2192 7
2193 5
2194 7
2195 7
2196 8
2197 4
2198 7
2199 8
2200 7
2201 8
2202 8
2203 4
2204 8
2205 9
2206 5
2207 8
2208 7
2209 10
2210 5
2211 7
2212 8
2213 5
2214 10
2215 6
2216 5
2217 6
2218 2
2219 10
2220 6
2221 0
2222 11
2223 3
2224 8
2225 8
2226 8
2227 9
2228 12
2229 7
2230 6
2231 6
2232 3
2233 6
2234 12
2235 9
2236 10
2237 7
2238 5
2239 11
2240 9
2241 8
2242 8
2243 8
2244 10
2245 8
2246 7
2247 7
2248 5
2249 9
2250 7
2251 7
2252 10
2253 8
2254 8
2255 13
2256 6
2257 5
2258 4
2259 1
2260 8
2261 9
2262 7
2263 5
2264 7
2265 4
2266 8
2267 4
2268 13
2269 7
2270 6
2271 4
2272 8
2273 7
2274 7
2275 5
2276 5
2277 6
2278 3
2279 7
2280 7
2281 13
2282 9
2283 8
2284 8
2285 13
2286 8
2287 5
2288 7
2289 7
2290 8
2291 3
2292 6
2293 7
2294 4
2295 3
2296 9
2297 10
2298 10
2299 6
2300 8
2301 2
2302 8
2303 10
2304 8
2305 7
2306 5
2307 12
2308 13
2309 8
2310 10
2311 7
2312 6
2313 9
2314 10
2315 11
2316 14
2317 4
2318 7
2319 5
2320 6
2321 6
2322 9
2323 11
2324 6
2325 8
2326 4
2327 8
2328 3
2329 5
2330 11
2331 7
2332 11
2333 5
2334 12
2335 7
2336 8
2337 6
2338 6
2339 10
2340 8
2341 7
2342 3
2343 5
2344 9
2345 3
2346 7
2347 4
2348 2
2349 5
2350 3
2351 6
2352 8
2353 7
2354 10
2355 9
2356 6
2357 8
2358 7
2359 4
2360 6
2361 8
2362 8
2363 3
2364 10
2365 8
2366 2
2367 6
2368 8
2369 6
2370 10
2371 5
2372 8
2373 4
2374 3
2375 10
2376 3
2377 7
2378 9
2379 6
2380 6
2381 12
2382 4
2383 11
2384 11
2385 11
2386 1
2387 6
2388 6
2389 11
2390 7
2391 11
2392 12
2393 7
2394 11
2395 7
2396 6
2397 8
2398 7
2399 8
2400 9
2401 12
2402 6
2403 5
2404 3
2405 10
2406 3
2407 6
2408 7
2409 8
2410 5
2411 7
2412 7
2413 5
2414 7
2415 8
2416 4
2417 5
2418 8
2419 6
2420 7
2421 6
2422 3
2423 8
2424 6
2425 8
2426 9
2427 7
2428 2
2429 9
2430 5
2431 12
2432 5
2433 4
2434 7
2435 6
2436 6
2437 5
2438 14
2439 8
2440 2
2441 11
2442 10
2443 8
2444 6
2445 10
2446 6
2447 6
2448 3
2449 7
2450 7
2451 6
2452 4
2453 12
2454 7
2455 8
2456 3
2457 7
2458 10
2459 3
2460 7
2461 6
2462 4
2463 5
2464 5
2465 5
2466 2
2467 11
2468 2
2469 8
2470 5
2471 4
2472 3
2473 4
2474 10
2475 4
2476 3
2477 9
2478 6
2479 10
2480 6
2481 4
2482 8
2483 4
2484 5
2485 6
2486 7
2487 5
2488 10
2489 9
2490 13
2491 5
2492 7
2493 6
2494 8
2495 6
2496 11
2497 8
2498 13
2499 6
2500 3
2501 11
2502 11
2503 5
2504 8
2505 7
2506 13
2507 5
2508 8
2509 5
2510 11
2511 9
2512 6
2513 8
2514 5
2515 5
2516 7
2517 5
2518 10
2519 6
2520 7
2521 6
2522 8
2523 9
2524 9
2525 5
2526 8
2527 5
2528 8
2529 5
2530 2
2531 8
2532 7
2533 3
2534 3
2535 6
2536 5
2537 1
2538 7
2539 1
2540 7
2541 4
2542 5
2543 6
2544 6
2545 6
2546 3
2547 5
2548 5
2549 2
2550 4
2551 9
2552 8
2553 5
2554 7
2555 5
2556 3
2557 7
2558 5
2559 5
2560 3
2561 3
2562 8
2563 3
2564 4
2565 4
2566 5
2567 5
2568 6
2569 5
2570 6
2571 5
2572 7
2573 6
2574 7
2575 6
2576 7
2577 4
2578 4
2579 7
2580 11
2581 4
2582 8
2583 9
2584 11
2585 4
2586 3
2587 8
2588 6
2589 7
2590 7
2591 8
2592 2
2593 6
2594 8
2595 4
2596 7
2597 8
2598 5
2599 5
2600 3
2601 3
2602 4
2603 10
2604 8
2605 8
2606 4
2607 2
2608 9
2609 3
2610 4
2611 6
2612 4
2613 3
2614 5
2615 4
2616 4
2617 10
2618 8
2619 4
2620 4
2621 7
2622 5
2623 6
2624 6
2625 9
2626 3
2627 3
2628 7
2629 12
2630 4
2631 5
2632 8
2633 6
2634 4
2635 6
2636 4
2637 3
2638 7
2639 7
2640 10
2641 7
2642 8
2643 10
2644 4
2645 2
2646 13
2647 8
2648 9
2649 4
2650 7
2651 10
2652 6
2653 8
2654 6
2655 5
2656 11
2657 6
2658 4
2659 7
2660 6
2661 6
2662 4
2663 4
2664 6
2665 10
2666 2
2667 4
2668 8
2669 7
2670 9
2671 3
2672 11
2673 2
2674 7
2675 2
2676 7
2677 8
2678 8
2679 6
2680 6
2681 4
2682 9
2683 8
2684 6
2685 5
2686 7
2687 6
2688 10
2689 4
2690 4
2691 4
2692 5
2693 4
2694 7
2695 6
2696 10
2697 3
2698 12
2699 7
2700 7
2701 8
2702 5
2703 7
2704 3
2705 8
2706 8
2707 1
2708 2
2709 8
2710 5
2711 1
2712 7
2713 4
2714 4
2715 4
2716 5
2717 7
2718 4
2719 1
2720 8
2721 8
2722 8
2723 2
2724 4
2725 4
2726 2
2727 5
2728 6
2729 5
2730 3
2731 6
2732 5
2733 8
2734 5
2735 2
2736 0
2737 6
2738 1
2739 4
2740 13
2741 0
2742 4
2743 3
2744 9
2745 7
2746 7
2747 5
2748 3
2749 4
2750 7
2751 5
2752 6
2753 6
2754 2
2755 5
2756 6
2757 3
2758 6
2759 7
2760 5
2761 10
2762 6
2763 8
2764 1
2765 6
2766 7
2767 4
2768 8
2769 5
2770 5
2771 5
2772 5
2773 5
2774 5
2775 4
2776 11
2777 5
2778 12
2779 4
2780 3
2781 9
2782 4
2783 6
2784 2
2785 4
2786 5
2787 7
2788 6
2789 5
2790 6
2791 4
2792 4
2793 4
2794 5
2795 3
2796 2
2797 7
2798 3
2799 4
2800 3
2801 6
2802 5
2803 11
2804 7
2805 4
2806 2
2807 6
2808 1
2809 7
2810 2
2811 5
2812 1
2813 6
2814 4
2815 4
2816 6
2817 7
2818 8
2819 5
2820 8
2821 8
2822 5
2823 9
2824 9
2825 2
2826 9
2827 6
2828 6
2829 4
2830 2
2831 4
2832 8
2833 0
2834 4
2835 5
2836 5
2837 4
2838 5
2839 8
2840 8
2841 10
2842 8
2843 5
2844 3
2845 5
2846 2
2847 4
2848 6
2849 4
2850 5
2851 8
2852 5
2853 8
2854 5
2855 7
2856 5
2857 11
2858 8
2859 2
2860 11
2861 4
2862 8
2863 4
2864 4
2865 2
2866 5
2867 4
2868 3
2869 3
2870 4
2871 6
2872 2
2873 1
2874 3
2875 3
2876 5
2877 2
2878 8
2879 6
2880 7
2881 3
2882 3
2883 9
2884 11
2885 9
2886 7
2887 3
2888 5
2889 3
2890 5
2891 6
2892 4
2893 5
2894 5
2895 7
2896 8
2897 5
2898 3
2899 5
2900 2
2901 10
2902 4
2903 7
2904 1
2905 6
2906 6
2907 3
2908 3
2909 5
2910 1
2911 4
2912 4
2913 3
2914 4
2915 3
2916 3
2917 3
2918 13
2919 4
2920 5
2921 6
2922 4
2923 2
2924 4
2925 2
2926 4
2927 6
2928 4
2929 7
2930 6
2931 5
2932 3
2933 4
2934 5
2935 3
2936 4
2937 4
2938 6
2939 5
2940 5
2941 6
2942 1
2943 6
2944 4
2945 6
2946 6
2947 6
2948 4
2949 4
2950 2
2951 5
2952 9
2953 4
2954 8
2955 3
2956 10
2957 2
2958 2
2959 2
2960 0
2961 4
2962 5
2963 2
2964 5
2965 6
2966 4
2967 3
2968 4
2969 3
2970 5
2971 4
2972 6
2973 1
2974 7
2975 7
2976 2
2977 10
2978 6
2979 4
2980 2
2981 4
2982 6
2983 6
2984 6
2985 5
2986 6
2987 4
2988 6
2989 3
2990 4
2991 2
2992 7
2993 5
2994 1
2995 3
2996 3
2997 5
2998 3
2999 1
3000 4
3001 4
3002 4
3003 5
3004 5
3005 3
3006 4
3007 3
3008 2
3009 6
3010 3
3011 2
3012 0
3013 7
3014 1
3015 6
3016 1
3017 3
3018 4
3019 5
3020 3
3021 5
3022 3
3023 4
3024 7
3025 1
3026 3
3027 4
3028 5
3029 9
3030 8
3031 4
3032 2
3033 10
3034 8
3035 5
3036 4
3037 5
3038 3
3039 3
3040 9
3041 8
3042 6
3043 3
3044 6
3045 4
3046 5
3047 2
3048 5
3049 2
3050 2
3051 4
3052 4
3053 5
3054 6
3055 4
3056 0
3057 7
3058 4
3059 5
3060 7
3061 5
3062 8
3063 0
3064 2
3065 3
3066 2
3067 0
3068 2
3069 8
3070 9
3071 5
3072 6
3073 4
3074 3
3075 3
3076 8
3077 5
3078 5
3079 6
3080 2
3081 4
3082 0
3083 5
3084 3
3085 5
3086 7
3087 4
3088 4
3089 6
3090 3
3091 5
3092 5
3093 5
3094 3
3095 4
3096 3
3097 3
3098 4
3099 4
3100 3
3101 3
3102 5
3103 3
3104 6
3105 4
3106 6
3107 2
3108 2
3109 4
3110 8
3111 2
3112 7
3113 5
3114 4
3115 4
3116 3
3117 3
3118 8
3119 4
3120 3
3121 7
3122 1
3123 6
3124 3
3125 3
3126 6
3127 4
3128 6
3129 5
3130 1
3131 3
3132 6
3133 5
3134 3
3135 3
3136 5
3137 4
3138 1
3139 7
3140 2
3141 8
3142 4
3143 3
3144 3
3145 6
3146 1
3147 2
3148 3
3149 6
3150 4
3151 1
3152 4
3153 2
3154 4
3155 7
3156 3
3157 5
3158 3
3159 3
3160 5
3161 2
3162 3
3163 7
3164 4
3165 4
3166 2
3167 1
3168 4
3169 0
3170 5
3171 8
3172 1
3173 6
3174 4
3175 2
3176 7
3177 5
3178 4
3179 6
3180 3
3181 5
3182 10
3183 4
3184 6
3185 5
3186 7
3187 2
3188 3
3189 7
3190 3
3191 1
3192 5
3193 3
3194 5
3195 3
3196 4
3197 3
3198 3
3199 4
3200 4
3201 4
3202 2
3203 2
3204 1
3205 4
3206 5
3207 0
3208 3
3209 3
3210 6
3211 3
3212 5
3213 1
3214 7
3215 2
3216 4
3217 4
3218 4
3219 2
3220 6
3221 3
3222 5
3223 3
3224 5
3225 5
3226 5
3227 6
3228 4
3229 9
3230 7
3231 0
3232 3
3233 6
3234 6
3235 2
3236 5
3237 3
3238 3
3239 2
3240 7
3241 5
3242 3
3243 3
3244 0
3245 5
3246 4
3247 6
3248 2
3249 5
3250 3
3251 2
3252 5
3253 7
3254 2
3255 4
3256 4
3257 1
3258 7
3259 4
3260 1
3261 4
3262 4
3263 4
3264 5
3265 3
3266 6
3267 4
3268 2
3269 5
3270 2
3271 6
3272 5
3273 7
3274 3
3275 5
3276 3
3277 1
3278 4
3279 9
3280 3
3281 1
3282 3
3283 5
3284 6
3285 8
3286 3
3287 4
3288 6
3289 7
3290 2
3291 7
3292 4
3293 3
3294 4
3295 7
3296 8
3297 2
3298 3
3299 1
3300 5
3301 2
3302 2
3303 3
3304 4
3305 6
3306 6
3307 7
3308 6
3309 8
3310 8
3311 2
3312 5
3313 6
3314 2
3315 3
3316 3
3317 5
3318 5
3319 4
3320 6
3321 8
3322 3
3323 7
3324 8
3325 6
3326 5
3327 6
3328 2
3329 3
3330 1
3331 11
3332 5
3333 5
3334 2
3335 0
3336 6
3337 6
3338 4
3339 4
3340 4
3341 1
3342 3
3343 5
3344 3
3345 6
3346 4
3347 4
3348 5
3349 4
3350 1
3351 3
3352 1
3353 5
3354 2
3355 9
3356 3
3357 5
3358 1
3359 2
3360 4
3361 9
3362 4
3363 4
3364 0
3365 6
3366 3
3367 3
3368 3
3369 4
3370 6
3371 5
3372 5
3373 7
3374 1
3375 6
3376 4
3377 3
3378 0
3379 9
3380 1
3381 4
3382 3
3383 6
3384 2
3385 4
3386 1
3387 1
3388 5
3389 4
3390 9
3391 5
3392 2
3393 1
3394 5
3395 5
3396 6
3397 5
3398 2
3399 4
3400 2
3401 4
3402 6
3403 3
3404 7
3405 2
3406 1
3407 6
3408 2
3409 1
3410 4
3411 4
3412 3
3413 3
3414 2
3415 2
3416 3
3417 0
3418 3
3419 3
3420 2
3421 4
3422 1
3423 2
3424 2
3425 5
3426 7
3427 5
3428 2
3429 3
3430 4
3431 2
3432 3
3433 2
3434 4
3435 2
3436 3
3437 4
3438 4
3439 2
3440 5
3441 4
3442 4
3443 1
3444 4
3445 2
3446 4
3447 5
3448 4
3449 1
3450 3
3451 3
3452 1
3453 3
3454 2
3455 2
3456 2
3457 3
3458 5
3459 3
3460 4
3461 3
3462 6
3463 2
3464 1
3465 2
3466 1
3467 4
3468 4
3469 2
3470 3
3471 6
3472 3
3473 2
3474 5
3475 3
3476 3
3477 4
3478 4
3479 4
3480 4
3481 3
3482 5
3483 5
3484 7
3485 6
3486 7
3487 4
3488 1
3489 5
3490 3
3491 2
3492 2
3493 3
3494 4
3495 2
3496 3
3497 3
3498 4
3499 3
3500 4
3501 5
3502 3
3503 0
3504 2
3505 3
3506 3
3507 3
3508 2
3509 4
3510 4
3511 4
3512 6
3513 5
3514 4
3515 2
3516 4
3517 1
3518 6
3519 5
3520 4
3521 4
3522 8
3523 3
3524 5
3525 3
3526 3
3527 5
3528 3
3529 7
3530 3
3531 3
3532 3
3533 2
3534 2
3535 3
3536 3
3537 4
3538 1
3539 1
3540 2
3541 3
3542 3
3543 3
3544 1
3545 6
3546 1
3547 3
3548 1
3549 3
3550 2
3551 3
3552 1
3553 5
3554 1
3555 3
3556 2
3557 6
3558 0
3559 1
3560 3
3561 2
3562 4
3563 3
3564 2
3565 2
3566 1
3567 7
3568 2
3569 0
3570 2
3571 5
3572 0
3573 1
3574 2
3575 4
3576 3
3577 6
3578 4
3579 6
3580 1
3581 6
3582 5
3583 8
3584 3
3585 3
3586 3
3587 1
3588 2
3589 2
3590 0
3591 6
3592 2
3593 2
3594 2
3595 3
3596 3
3597 5
3598 4
3599 2
3600 4
3601 1
3602 5
3603 3
3604 4
3605 8
3606 6
3607 3
3608 4
3609 4
3610 2
3611 5
3612 1
3613 2
3614 2
3615 4
3616 4
3617 6
3618 1
3619 4
3620 3
3621 3
3622 4
3623 4
3624 2
3625 2
3626 4
3627 3
3628 2
3629 6
3630 10
3631 1
3632 1
3633 5
3634 5
3635 3
3636 2
3637 1
3638 2
3639 2
3640 5
3641 4
3642 4
3643 1
3644 1
3645 4
3646 4
3647 3
3648 3
3649 2
3650 1
3651 4
3652 2
3653 4
3654 3
3655 6
3656 3
3657 0
3658 3
3659 6
3660 4
3661 1
3662 2
3663 2
3664 1
3665 2
3666 3
3667 6
3668 1
3669 2
3670 4
3671 5
3672 2
3673 2
3674 2
3675 4
3676 1
3677 5
3678 3
3679 2
3680 1
3681 5
3682 1
3683 6
3684 2
3685 2
3686 3
3687 8
3688 1
3689 4
3690 1
3691 3
3692 4
3693 3
3694 5
3695 3
3696 6
3697 2
3698 1
3699 6
3700 7
3701 3
3702 1
3703 1
3704 1
3705 0
3706 2
3707 5
3708 1
3709 2
3710 1
3711 0
3712 1
3713 0
3714 1
3715 5
3716 2
3717 3
3718 1
3719 2
3720 0
3721 3
3722 3
3723 0
3724 3
3725 2
3726 3
3727 3
3728 4
3729 3
3730 2
3731 1
3732 4
3733 3
3734 2
3735 5
3736 5
3737 3
3738 1
3739 5
3740 0
3741 8
3742 7
3743 3
3744 1
3745 4
3746 2
3747 4
3748 5
3749 4
3750 2
3751 2
3752 3
3753 0
3754 2
3755 3
3756 3
3757 3
3758 2
3759 2
3760 7
3761 5
3762 1
3763 3
3764 1
3765 4
3766 2
3767 3
3768 2
3769 3
3770 2
3771 4
3772 5
3773 2
3774 5
3775 9
3776 7
3777 1
3778 2
3779 2
3780 3
3781 1
3782 8
3783 5
3784 0
3785 4
3786 3
3787 1
3788 6
3789 7
3790 5
3791 2
3792 5
3793 4
3794 4
3795 0
3796 2
3797 4
3798 3
3799 2
3800 2
3801 6
3802 6
3803 1
3804 1
3805 3
3806 1
3807 1
3808 1
3809 1
3810 5
3811 2
3812 1
3813 5
3814 3
3815 4
3816 4
3817 3
3818 8
3819 1
3820 3
3821 4
3822 0
3823 4
3824 2
3825 1
3826 4
3827 7
3828 4
3829 3
3830 0
3831 5
3832 4
3833 3
3834 5
3835 5
3836 2
3837 3
3838 1
3839 2
3840 2
3841 3
3842 4
3843 3
3844 3
3845 5
3846 1
3847 3
3848 5
3849 2
3850 3
3851 8
3852 3
3853 3
3854 2
3855 1
3856 3
3857 2
3858 1
3859 3
3860 2
3861 4
3862 2
3863 5
3864 1
3865 2
3866 3
3867 4
3868 2
3869 3
3870 4
3871 4
3872 3
3873 2
3874 2
3875 2
3876 4
3877 6
3878 7
3879 4
3880 3
3881 3
3882 2
3883 4
3884 11
3885 3
3886 8
3887 3
3888 6
3889 3
3890 4
3891 6
3892 2
3893 3
3894 4
3895 0
3896 0
3897 3
3898 6
3899 2
3900 4
3901 2
3902 3
3903 1
3904 2
3905 2
3906 4
3907 2
3908 3
3909 5
3910 2
3911 3
3912 4
3913 5
3914 3
3915 3
3916 5
3917 3
3918 1
3919 5
3920 2
3921 2
3922 5
3923 3
3924 3
3925 5
3926 1
3927 4
3928 1
3929 3
3930 1
3931 2
3932 2
3933 4
3934 4
3935 3
3936 3
3937 0
3938 3
3939 1
3940 3
3941 4
3942 4
3943 1
3944 7
3945 4
3946 3
3947 1
3948 2
3949 4
3950 2
3951 3
3952 4
3953 4
3954 5
3955 1
3956 5
3957 3
3958 1
3959 2
3960 2
3961 2
3962 3
3963 4
3964 3
3965 4
3966 4
3967 1
3968 4
3969 2
3970 2
3971 2
3972 0
3973 2
3974 1
3975 0
3976 3
3977 0
3978 5
3979 2
3980 1
3981 4
3982 3
3983 2
3984 3
3985 4
3986 2
3987 3
3988 5
3989 3
3990 4
3991 4
3992 2
3993 0
3994 3
3995 6
3996 2
3997 3
3998 0
3999 3
4000 4
4001 0
4002 1
4003 2
4004 1
4005 3
4006 2
4007 1
4008 1
4009 0
4010 2
4011 5
4012 3
4013 1
4014 2
4015 5
4016 5
4017 11
4018 6
4019 3
4020 2
4021 3
4022 3
4023 0
4024 5
4025 3
4026 2
4027 3
4028 3
4029 6
4030 5
4031 3
4032 4
4033 3
4034 5
4035 3
4036 2
4037 4
4038 2
4039 3
4040 1
4041 4
4042 3
4043 6
4044 0
4045 1
4046 1
4047 1
4048 3
4049 3
4050 2
4051 2
4052 3
4053 6
4054 1
4055 2
4056 2
4057 2
4058 2
4059 2
4060 5
4061 5
4062 7
4063 2
4064 1
4065 2
4066 1
4067 4
4068 3
4069 3
4070 1
4071 1
4072 3
4073 3
4074 3
4075 5
4076 2
4077 1
4078 2
4079 2
4080 1
4081 1
4082 2
4083 0
4084 3
4085 0
4086 6
4087 3
4088 6
4089 3
4090 3
4091 5
4092 2
4093 2
4094 5
4095 2
4096 3
4097 2
4098 2
4099 0
4100 2
4101 0
4102 1
4103 1
4104 2
4105 4
4106 1
4107 2
4108 3
4109 4
4110 4
4111 3
4112 2
4113 1
4114 4
4115 3
4116 1
4117 0
4118 1
4119 4
4120 3
4121 4
4122 1
4123 3
4124 3
4125 3
4126 2
4127 1
4128 5
4129 5
4130 4
4131 1
4132 2
4133 5
4134 3
4135 3
4136 6
4137 3
4138 3
4139 1
4140 4
4141 2
4142 1
4143 0
4144 1
4145 1
4146 1
4147 6
4148 0
4149 1
4150 4
4151 3
4152 3
4153 2
4154 0
4155 0
4156 1
4157 1
4158 2
4159 0
4160 2
4161 0
4162 1
4163 2
4164 4
4165 1
4166 1
4167 6
4168 1
4169 2
4170 1
4171 3
4172 2
4173 3
4174 0
4175 2
4176 4
4177 2
4178 3
4179 3
4180 1
4181 1
4182 2
4183 1
4184 2
4185 0
4186 3
4187 2
4188 4
4189 1
4190 2
4191 1
4192 1
4193 1
4194 1
4195 2
4196 2
4197 4
4198 1
4199 1
4200 0
4201 4
4202 2
4203 0
4204 3
4205 2
4206 2
4207 2
4208 0
4209 2
4210 2
4211 3
4212 3
4213 3
4214 6
4215 2
4216 2
4217 6
4218 2
4219 2
4220 3
4221 2
4222 2
4223 1
4224 3
4225 2
4226 1
4227 3
4228 3
4229 4
4230 1
4231 2
4232 2
4233 3
4234 4
4235 1
4236 1
4237 4
4238 4
4239 1
4240 2
4241 1
4242 3
4243 2
4244 1
4245 1
4246 0
4247 0
4248 5
4249 3
4250 1
4251 1
4252 4
4253 3
4254 0
4255 2
4256 5
4257 3
4258 2
4259 0
4260 0
4261 1
4262 2
4263 1
4264 3
4265 4
4266 2
4267 1
4268 3
4269 3
4270 2
4271 3
4272 2
4273 3
4274 2
4275 2
4276 2
4277 0
4278 3
4279 5
4280 2
4281 4
4282 2
4283 1
4284 2
4285 4
4286 2
4287 2
4288 1
4289 3
4290 4
4291 2
4292 2
4293 2
4294 3
4295 0
4296 3
4297 2
4298 1
4299 1
4300 1
4301 2
4302 4
4303 1
4304 4
4305 3
4306 4
4307 4
4308 2
4309 3
4310 3
4311 6
4312 2
4313 1
4314 3
4315 2
4316 1
4317 2
4318 2
4319 0
4320 3
4321 0
4322 2
4323 0
4324 1
4325 0
4326 2
4327 4
4328 1
4329 0
4330 2
4331 3
4332 2
4333 3
4334 6
4335 1
4336 2
4337 2
4338 4
4339 0
4340 0
4341 4
4342 5
4343 4
4344 2
4345 3
4346 1
4347 1
4348 1
4349 0
4350 1
4351 3
4352 1
4353 2
4354 2
4355 1
4356 2
4357 0
4358 0
4359 4
4360 3
4361 1
4362 3
4363 3
4364 2
4365 1
4366 1
4367 5
4368 2
4369 0
4370 2
4371 1
4372 3
4373 7
4374 3
4375 2
4376 2
4377 3
4378 3
4379 2
4380 0
4381 0
4382 3
4383 1
4384 2
4385 5
4386 2
4387 1
4388 2
4389 1
4390 4
4391 4
4392 1
4393 4
4394 5
4395 3
4396 2
4397 2
4398 2
4399 2
4400 1
4401 0
4402 4
4403 4
4404 3
4405 4
4406 1
4407 1
4408 5
4409 0
4410 1
4411 5
4412 0
4413 3
4414 1
4415 2
4416 3
4417 1
4418 5
4419 5
4420 1
4421 3
4422 1
4423 1
4424 2
4425 0
4426 0
4427 3
4428 2
4429 0
4430 3
4431 2
4432 3
4433 1
4434 2
4435 2
4436 1
4437 7
4438 2
4439 1
4440 3
4441 3
4442 4
4443 2
4444 2
4445 2
4446 3
4447 0
4448 3
4449 2
4450 1
4451 1
4452 0
4453 3
4454 1
4455 2
4456 3
4457 1
4458 0
4459 1
4460 2
4461 6
4462 2
4463 0
4464 2
4465 0
4466 1
4467 2
4468 2
4469 4
4470 4
4471 5
4472 2
4473 1
4474 2
4475 2
4476 1
4477 0
4478 2
4479 2
4480 1
4481 1
4482 1
4483 2
4484 1
4485 2
4486 1
4487 4
4488 1
4489 1
4490 2
4491 2
4492 1
4493 1
4494 1
4495 2
4496 2
4497 4
4498 0
4499 3
4500 4
4501 3
4502 2
4503 0
4504 1
4505 0
4506 0
4507 0
4508 3
4509 1
4510 1
4511 1
4512 2
4513 5
4514 3
4515 4
4516 2
4517 3
4518 2
4519 1
4520 2
4521 2
4522 1
4523 2
4524 3
4525 0
4526 0
4527 1
4528 1
4529 3
4530 2
4531 1
4532 2
4533 3
4534 0
4535 1
4536 1
4537 2
4538 1
4539 1
4540 1
4541 1
4542 1
4543 3
4544 2
4545 5
4546 1
4547 3
4548 1
4549 2
4550 4
4551 2
4552 2
4553 1
4554 4
4555 3
4556 1
4557 2
4558 0
4559 3
4560 2
4561 3
4562 2
4563 0
4564 2
4565 1
4566 3
4567 3
4568 0
4569 5
4570 2
4571 1
4572 4
4573 1
4574 5
4575 5
4576 0
4577 7
4578 0
4579 3
4580 2
4581 1
4582 4
4583 3
4584 2
4585 1
4586 4
4587 4
4588 1
4589 4
4590 3
4591 0
4592 1
4593 2
4594 0
4595 0
4596 1
4597 1
4598 0
4599 1
4600 1
4601 1
4602 0
4603 3
4604 1
4605 2
4606 1
4607 0
4608 1
4609 2
4610 2
4611 1
4612 1
4613 3
4614 1
4615 0
4616 1
4617 0
4618 1
4619 3
4620 2
4621 2
4622 0
4623 1
4624 2
4625 5
4626 0
4627 3
4628 4
4629 3
4630 0
4631 0
4632 4
4633 3
4634 2
4635 3
4636 0
4637 4
4638 3
4639 4
4640 3
4641 0
4642 1
4643 2
4644 0
4645 1
4646 3
4647 2
4648 2
4649 1
4650 1
4651 0
4652 1
4653 0
4654 0
4655 2
4656 1
4657 3
4658 2
4659 2
4660 0
4661 3
4662 1
4663 0
4664 3
4665 1
4666 2
4667 1
4668 0
4669 2
4670 0
4671 1
4672 1
4673 0
4674 3
4675 1
4676 1
4677 2
4678 1
4679 3
4680 0
4681 1
4682 0
4683 3
4684 2
4685 0
4686 3
4687 1
4688 0
4689 2
4690 1
4691 0
4692 3
4693 3
4694 3
4695 3
4696 0
4697 2
4698 4
4699 2
4700 0
4701 1
4702 2
4703 2
4704 2
4705 2
4706 2
4707 2
4708 1
4709 0
4710 3
4711 1
4712 4
4713 1
4714 4
4715 1
4716 0
4717 1
4718 0
4719 1
4720 1
4721 0
4722 1
4723 2
4724 3
4725 4
4726 3
4727 0
4728 1
4729 1
4730 3
4731 1
4732 2
4733 0
4734 3
4735 4
4736 2
4737 4
4738 4
4739 1
4740 2
4741 0
4742 0
4743 1
4744 2
4745 3
4746 0
4747 0
4748 5
4749 2
4750 1
4751 2
4752 2
4753 2
4754 1
4755 2
4756 0
4757 2
4758 4
4759 4
4760 1
4761 1
4762 0
4763 0
4764 2
4765 1
4766 3
4767 2
4768 1
4769 2
4770 3
4771 2
4772 2
4773 5
4774 2
4775 2
4776 1
4777 1
4778 0
4779 0
4780 1
4781 6
4782 1
4783 2
4784 2
4785 3
4786 0
4787 0
4788 3
4789 1
4790 4
4791 2
4792 1
4793 1
4794 2
4795 3
4796 2
4797 1
4798 3
4799 0
4800 3
4801 2
4802 4
4803 1
4804 1
4805 1
4806 0
4807 3
4808 2
4809 2
4810 1
4811 4
4812 3
4813 1
4814 4
4815 3
4816 3
4817 0
4818 5
4819 1
4820 3
4821 5
4822 5
4823 3
4824 1
4825 3
4826 2
4827 2
4828 3
4829 3
4830 1
4831 0
4832 2
4833 1
4834 2
4835 3
4836 0
4837 2
4838 2
4839 4
4840 3
4841 2
4842 2
4843 5
4844 1
4845 2
4846 2
4847 2
4848 2
4849 2
4850 4
4851 3
4852 5
4853 2
4854 1
4855 1
4856 1
4857 3
4858 3
4859 3
4860 2
4861 2
4862 1
4863 1
4864 5
4865 2
4866 3
4867 3
4868 1
4869 1
4870 4
4871 1
4872 5
4873 4
4874 1
4875 3
4876 0
4877 1
4878 2
4879 1
4880 1
4881 4
4882 2
4883 1
4884 3
4885 1
4886 1
4887 1
4888 2
4889 2
4890 2
4891 2
4892 2
4893 0
4894 3
4895 2
4896 4
4897 3
4898 2
4899 0
4900 0
4901 3
4902 3
4903 2
4904 3
4905 4
4906 2
4907 1
4908 0
4909 5
4910 5
4911 3
4912 5
4913 0
4914 1
4915 2
4916 1
4917 2
4918 1
4919 3
4920 5
4921 1
4922 1
4923 1
4924 4
4925 1
4926 0
4927 2
4928 2
4929 1
4930 1
4931 4
4932 2
4933 5
4934 4
4935 0
4936 1
4937 3
4938 5
4939 4
4940 4
4941 2
4942 1
4943 1
4944 2
4945 4
4946 1
4947 0
4948 1
4949 3
4950 4
4951 4
4952 1
4953 1
4954 2
4955 4
4956 2
4957 2
4958 2
4959 4
4960 3
4961 2
4962 2
4963 4
4964 4
4965 2
4966 1
4967 1
4968 1
4969 0
4970 2
4971 1
4972 0
4973 1
4974 2
4975 3
4976 5
4977 4
4978 3
4979 2
4980 2
4981 2
4982 3
4983 1
4984 1
4985 3
4986 2
4987 2
4988 0
4989 1
4990 1
4991 2
4992 2
4993 1
4994 3
4995 1
4996 1
4997 3
4998 0
4999 0
5000 2
5001 1
5002 1
5003 2
5004 2
5005 0
5006 1
5007 2
5008 1
5009 3
5010 3
5011 1
5012 3
5013 2
5014 2
5015 2
5016 2
5017 1
5018 1
5019 2
5020 1
5021 0
5022 2
5023 1
5024 1
5025 1
5026 1
5027 2
5028 0
5029 0
5030 0
5031 1
5032 1
5033 0
5034 5
5035 1
5036 1
5037 1
5038 4
5039 4
5040 1
5041 1
5042 3
5043 1
5044 2
5045 0
5046 1
5047 0
5048 0
5049 0
5050 1
5051 2
5052 1
5053 1
5054 2
5055 2
5056 1
5057 1
5058 0
5059 2
5060 1
5061 3
5062 1
5063 4
5064 1
5065 0
5066 1
5067 2
5068 1
5069 1
5070 2
5071 1
5072 1
5073 2
5074 0
5075 2
5076 1
5077 6
5078 0
5079 2
5080 0
5081 2
5082 3
5083 2
5084 1
5085 1
5086 3
5087 0
5088 3
5089 0
5090 4
5091 7
5092 2
5093 3
5094 2
5095 1
5096 3
5097 2
5098 2
5099 1
5100 2
5101 2
5102 1
5103 1
5104 1
5105 3
5106 3
5107 6
5108 5
5109 2
5110 2
5111 0
5112 2
5113 1
5114 3
5115 1
5116 0
5117 2
5118 0
5119 5
5120 1
5121 3
5122 1
5123 2
5124 2
5125 4
5126 2
5127 2
5128 1
5129 0
5130 3
5131 4
5132 2
5133 2
5134 5
5135 0
5136 2
5137 4
5138 2
5139 1
5140 1
5141 3
5142 4
5143 1
5144 3
5145 1
5146 1
5147 2
5148 4
5149 5
5150 0
5151 2
5152 1
5153 2
5154 1
5155 0
5156 2
5157 2
5158 0
5159 1
5160 1
5161 2
5162 1
5163 4
5164 1
5165 2
5166 0
5167 2
5168 1
5169 2
5170 1
5171 2
5172 1
5173 3
5174 2
5175 2
5176 2
5177 0
5178 1
5179 1
5180 2
5181 3
5182 2
5183 1
5184 1
5185 3
5186 1
5187 0
5188 1
5189 0
5190 3
5191 3
5192 5
5193 2
5194 2
5195 2
5196 2
5197 4
5198 4
5199 3
5200 1
5201 6
5202 1
5203 1
5204 2
5205 2
5206 3
5207 4
5208 2
5209 3
5210 3
5211 2
5212 0
5213 2
5214 0
5215 2
5216 1
5217 3
5218 4
5219 3
5220 3
5221 3
5222 5
5223 4
5224 1
5225 2
5226 3
5227 4
5228 0
5229 0
5230 5
5231 2
5232 1
5233 1
5234 1
5235 2
5236 1
5237 1
5238 2
5239 3
5240 1
5241 1
5242 2
5243 1
5244 5
5245 2
5246 2
5247 0
5248 0
5249 2
5250 4
5251 3
5252 5
5253 3
5254 3
5255 2
5256 0
5257 2
5258 2
5259 1
5260 3
5261 1
5262 5
5263 2
5264 5
5265 3
5266 3
5267 5
5268 2
5269 1
5270 2
5271 3
5272 4
5273 2
5274 0
5275 3
5276 1
5277 2
5278 0
5279 1
5280 2
5281 0
5282 2
5283 3
5284 0
5285 4
5286 1
5287 1
5288 2
5289 1
5290 0
5291 1
5292 0
5293 4
5294 2
5295 1
5296 2
5297 2
5298 0
5299 1
5300 0
5301 2
5302 3
5303 5
5304 0
5305 2
5306 2
5307 1
5308 1
5309 2
5310 1
5311 2
5312 3
5313 1
5314 2
5315 2
5316 4
5317 0
5318 4
5319 2
5320 6
5321 3
5322 2
5323 1
5324 1
5325 2
5326 1
5327 0
5328 1
5329 6
5330 3
5331 5
5332 1
5333 1
5334 2
5335 5
5336 2
5337 1
5338 1
5339 5
5340 4
5341 2
5342 0
5343 4
5344 3
5345 0
5346 2
5347 0
5348 3
5349 2
5350 2
5351 3
5352 4
5353 2
5354 1
5355 3
5356 3
5357 3
5358 2
5359 2
5360 0
5361 3
5362 1
5363 3
5364 2
5365 1
5366 0
5367 3
5368 0
5369 3
5370 4
5371 1
5372 1
5373 2
5374 3
5375 3
5376 3
5377 3
5378 0
5379 2
5380 3
5381 2
5382 4
5383 3
5384 2
5385 2
5386 2
5387 1
5388 1
5389 2
5390 2
5391 3
5392 2
5393 1
5394 2
5395 2
5396 4
5397 3
5398 2
5399 0
5400 1
5401 2
5402 3
5403 2
5404 2
5405 2
5406 2
5407 1
5408 1
5409 6
5410 2
5411 1
5412 3
5413 2
5414 2
5415 0
5416 1
5417 2
5418 3
5419 1
5420 2
5421 1
5422 3
5423 2
5424 3
5425 0
5426 2
5427 1
5428 0
5429 2
5430 1
5431 1
5432 1
5433 1
5434 2
5435 1
5436 0
5437 2
5438 1
5439 1
5440 1
5441 1
5442 0
5443 0
5444 2
5445 1
5446 1
5447 3
5448 2
5449 2
5450 2
5451 2
5452 2
5453 0
5454 3
5455 1
5456 3
5457 3
5458 6
5459 2
5460 1
5461 3
5462 3
5463 0
5464 2
5465 0
5466 1
5467 3
5468 3
5469 2
5470 1
5471 6
5472 2
5473 0
5474 1
5475 1
5476 1
5477 7
5478 1
5479 4
5480 2
5481 1
5482 1
5483 0
5484 1
5485 1
5486 1
5487 1
5488 1
5489 4
5490 0
5491 2
5492 3
5493 0
5494 5
5495 0
5496 1
5497 1
5498 5
5499 3
5500 2
5501 4
5502 3
5503 0
5504 1
5505 2
5506 0
5507 4
5508 4
5509 0
5510 2
5511 0
5512 1
5513 2
5514 0
5515 2
5516 2
5517 3
5518 0
5519 1
5520 2
5521 3
5522 1
5523 1
5524 2
5525 0
5526 1
5527 3
5528 1
5529 1
5530 1
5531 0
5532 1
5533 2
5534 3
5535 1
5536 2
5537 1
5538 0
5539 0
5540 3
5541 3
5542 3
5543 7
5544 0
5545 0
5546 5
5547 2
5548 2
5549 2
5550 3
5551 2
5552 3
5553 2
5554 2
5555 0
5556 0
5557 2
5558 1
5559 0
5560 0
5561 1
5562 2
5563 3
5564 4
5565 2
5566 3
5567 2
5568 1
5569 3
5570 2
5571 3
5572 1
5573 1
5574 0
5575 0
5576 2
5577 0
5578 1
5579 1
5580 1
5581 2
5582 0
5583 1
5584 3
5585 0
5586 1
5587 3
5588 1
5589 4
5590 2
5591 2
5592 1
5593 2
5594 2
5595 1
5596 1
5597 1
5598 1
5599 1
5600 1
5601 2
5602 0
5603 2
5604 3
5605 2
5606 0
5607 0
5608 2
5609 0
5610 2
5611 1
5612 2
5613 0
5614 0
5615 5
5616 1
5617 5
5618 3
5619 2
5620 1
5621 3
5622 1
5623 1
5624 1
5625 1
5626 2
5627 0
5628 1
5629 1
5630 0
5631 3
5632 3
5633 0
5634 2
5635 2
5636 2
5637 4
5638 0
5639 2
5640 1
5641 1
5642 0
5643 3
5644 2
5645 1
5646 4
5647 1
5648 0
5649 1
5650 3
5651 1
5652 1
5653 1
5654 1
5655 1
5656 4
5657 0
5658 1
5659 0
5660 2
5661 1
5662 2
5663 3
5664 3
5665 2
5666 2
5667 2
5668 0
5669 6
5670 1
5671 0
5672 2
5673 1
5674 0
5675 1
5676 2
5677 2
5678 0
5679 2
5680 1
5681 2
5682 1
5683 4
5684 2
5685 1
5686 4
5687 3
5688 3
5689 1
5690 1
5691 1
5692 2
5693 2
5694 1
5695 1
5696 5
5697 3
5698 2
5699 3
5700 1
5701 0
5702 3
5703 0
5704 4
5705 1
5706 1
5707 1
5708 0
5709 0
5710 3
5711 4
5712 1
5713 1
5714 0
5715 0
5716 2
5717 1
5718 0
5719 2
5720 0
5721 2
5722 1
5723 1
5724 1
5725 1
5726 0
5727 1
5728 3
5729 0
5730 2
5731 1
5732 0
5733 1
5734 3
5735 1
5736 1
5737 3
5738 1
5739 0
5740 3
5741 0
5742 1
5743 2
5744 2
5745 1
5746 0
5747 1
5748 2
5749 2
5750 1
5751 2
5752 0
5753 1
5754 0
5755 2
5756 2
5757 0
5758 1
5759 0
5760 2
5761 2
5762 0
5763 0
5764 1
5765 1
5766 2
5767 0
5768 2
5769 2
5770 1
5771 0
5772 0
5773 2
5774 0
5775 1
5776 0
5777 1
5778 1
5779 1
5780 0
5781 2
5782 0
5783 0
5784 2
5785 2
5786 1
5787 0
5788 2
5789 0
5790 1
5791 0
5792 1
5793 0
5794 4
5795 2
5796 2
5797 1
5798 3
5799 1
5800 3
5801 0
5802 0
5803 0
5804 0
5805 2
5806 1
5807 1
5808 0
5809 2
5810 1
5811 1
5812 6
5813 0
5814 1
5815 1
5816 0
5817 1
5818 0
5819 1
5820 2
5821 1
5822 1
5823 1
5824 0
5825 0
5826 1
5827 0
5828 0
5829 1
5830 1
5831 2
5832 0
5833 3
5834 1
5835 1
5836 1
5837 1
5838 0
5839 1
5840 0
5841 0
5842 1
5843 0
5844 2
5845 0
5846 4
5847 1
5848 0
5849 0
5850 1
5851 4
5852 1
5853 1
5854 0
5855 1
5856 4
5857 0
5858 0
5859 1
5860 2
5861 2
5862 2
5863 4
5864 1
5865 3
5866 3
5867 4
5868 2
5869 0
5870 1
5871 0
5872 2
5873 0
5874 0
5875 1
5876 4
5877 0
5878 4
5879 0
5880 0
5881 1
5882 0
5883 3
5884 0
5885 2
5886 1
5887 2
5888 0
5889 2
5890 2
5891 1
5892 3
5893 2
5894 3
5895 1
5896 2
5897 1
5898 1
5899 0
5900 2
5901 1
5902 0
5903 0
5904 1
5905 2
5906 0
5907 0
5908 3
5909 2
5910 1
5911 3
5912 1
5913 1
5914 0
5915 4
5916 1
5917 1
5918 0
5919 1
5920 0
5921 2
5922 0
5923 4
5924 1
5925 2
5926 1
5927 2
5928 3
5929 2
5930 0
5931 0
5932 0
5933 2
5934 1
5935 2
5936 0
5937 2
5938 3
5939 0
5940 2
5941 1
5942 3
5943 4
5944 0
5945 0
5946 2
5947 1
5948 3
5949 2
5950 1
5951 1
5952 0
5953 1
5954 1
5955 1
5956 1
5957 1
5958 1
5959 3
5960 1
5961 0
5962 2
5963 3
5964 3
5965 3
5966 2
5967 3
5968 1
5969 1
5970 0
5971 0
5972 4
5973 1
5974 1
5975 0
5976 1
5977 1
5978 0
5979 2
5980 0
5981 1
5982 1
5983 3
5984 0
5985 1
5986 3
5987 0
5988 1
5989 1
5990 3
5991 1
5992 1
5993 0
5994 1
5995 2
5996 2
5997 1
5998 0
5999 0
6000 1
6001 1
6002 3
6003 1
6004 2
6005 1
6006 2
6007 6
6008 0
6009 2
6010 1
6011 2
6012 0
6013 2
6014 0
6015 2
6016 0
6017 2
6018 0
6019 2
6020 1
6021 4
6022 1
6023 3
6024 1
6025 3
6026 3
6027 1
6028 0
6029 0
6030 1
6031 1
6032 1
6033 0
6034 0
6035 0
6036 1
6037 0
6038 0
6039 3
6040 0
6041 2
6042 4
6043 0
6044 1
6045 1
6046 2
6047 2
6048 2
6049 1
6050 2
6051 1
6052 0
6053 1
6054 1
6055 2
6056 1
6057 1
6058 1
6059 2
6060 1
6061 0
6062 3
6063 2
6064 2
6065 3
6066 0
6067 2
6068 0
6069 3
6070 1
6071 1
6072 2
6073 1
6074 6
6075 1
6076 2
6077 3
6078 2
6079 0
6080 2
6081 1
6082 0
6083 1
6084 2
6085 1
6086 1
6087 1
6088 1
6089 1
6090 1
6091 1
6092 2
6093 2
6094 2
6095 0
6096 0
6097 2
6098 1
6099 4
6100 1
6101 1
6102 0
6103 2
6104 1
6105 0
6106 0
6107 1
6108 2
6109 3
6110 2
6111 1
6112 0
6113 1
6114 0
6115 1
6116 2
6117 2
6118 1
6119 0
6120 0
6121 1
6122 0
6123 1
6124 1
6125 0
6126 1
6127 1
6128 1
6129 2
6130 1
6131 0
6132 0
6133 0
6134 2
6135 1
6136 3
6137 3
6138 2
6139 0
6140 2
6141 2
6142 0
6143 2
6144 0
6145 1
6146 1
6147 2
6148 0
6149 1
6150 1
6151 1
6152 1
6153 1
6154 0
6155 3
6156 1
6157 0
6158 1
6159 1
6160 2
6161 1
6162 1
6163 0
6164 1
6165 1
6166 0
6167 1
6168 1
6169 0
6170 1
6171 2
6172 0
6173 2
6174 0
6175 1
6176 0
6177 1
6178 0
6179 1
6180 0
6181 0
6182 3
6183 1
6184 3
6185 0
6186 1
6187 3
6188 1
6189 3
6190 1
6191 1
6192 1
6193 3
6194 1
6195 1
6196 3
6197 0
6198 2
6199 1
6200 2
6201 1
6202 0
6203 1
6204 4
6205 1
6206 2
6207 2
6208 1
6209 0
6210 1
6211 0
6212 1
6213 1
6214 0
6215 2
6216 3
6217 4
6218 1
6219 0
6220 2
6221 2
6222 4
6223 1
6224 0
6225 0
6226 0
6227 0
6228 1
6229 0
6230 1
6231 0
6232 0
6233 3
6234 4
6235 0
6236 2
6237 1
6238 1
6239 3
6240 1
6241 3
6242 0
6243 4
6244 0
6245 2
6246 0
6247 1
6248 1
6249 0
6250 1
6251 1
6252 0
6253 0
6254 1
6255 1
6256 1
6257 2
6258 1
6259 0
6260 1
6261 2
6262 1
6263 2
6264 1
6265 2
6266 2
6267 1
6268 1
6269 2
6270 0
6271 3
6272 2
6273 0
6274 3
6275 0
6276 3
6277 1
6278 2
6279 4
6280 0
6281 2
6282 1
6283 0
6284 0
6285 1
6286 2
6287 0
6288 0
6289 2
6290 0
6291 2
6292 2
6293 0
6294 0
6295 0
6296 2
6297 2
6298 1
6299 3
6300 1
6301 1
6302 1
6303 1
6304 4
6305 0
6306 2
6307 0
6308 3
6309 1
6310 1
6311 0
6312 0
6313 2
6314 1
6315 0
6316 3
6317 1
6318 1
6319 1
6320 3
6321 0
6322 3
6323 2
6324 1
6325 2
6326 0
6327 1
6328 2
6329 0
6330 0
6331 0
6332 0
6333 1
6334 2
6335 4
6336 4
6337 0
6338 0
6339 3
6340 2
6341 1
6342 1
6343 1
6344 2
6345 2
6346 2
6347 2
6348 1
6349 4
6350 4
6351 3
6352 1
6353 0
6354 3
6355 3
6356 0
6357 1
6358 3
6359 0
6360 1
6361 2
6362 1
6363 1
6364 1
6365 0
6366 2
6367 2
6368 1
6369 0
6370 1
6371 2
6372 0
6373 0
6374 2
6375 0
6376 0
6377 0
6378 1
6379 0
6380 1
6381 0
6382 3
6383 1
6384 1
6385 0
6386 0
6387 1
6388 1
6389 0
6390 1
6391 1
6392 1
6393 1
6394 2
6395 1
6396 0
6397 1
6398 0
6399 0
6400 0
6401 0
6402 2
6403 3
6404 4
6405 1
6406 3
6407 1
6408 3
6409 1
6410 1
6411 0
6412 4
6413 1
6414 1
6415 3
6416 2
6417 1
6418 2
6419 3
6420 2
6421 1
6422 0
6423 1
6424 2
6425 2
6426 1
6427 6
6428 1
6429 2
6430 1
6431 2
6432 1
6433 1
6434 0
6435 2
6436 2
6437 1
6438 0
6439 0
6440 0
6441 1
6442 0
6443 3
6444 0
6445 0
6446 0
6447 3
6448 4
6449 2
6450 3
6451 1
6452 0
6453 0
6454 0
6455 1
6456 2
6457 1
6458 1
6459 1
6460 1
6461 2
6462 3
6463 1
6464 1
6465 2
6466 2
6467 1
6468 0
6469 2
6470 2
6471 0
6472 0
6473 0
6474 1
6475 0
6476 3
6477 2
6478 0
6479 1
6480 1
6481 0
6482 2
6483 3
6484 0
6485 1
6486 1
6487 1
6488 1
6489 0
6490 0
6491 2
6492 2
6493 4
6494 2
6495 2
6496 0
6497 3
6498 1
6499 1
6500 0
6501 1
6502 1
6503 2
6504 4
6505 1
6506 2
6507 2
6508 5
6509 1
6510 2
6511 1
6512 3
6513 1
6514 0
6515 1
6516 3
6517 2
6518 2
6519 0
6520 1
6521 4
6522 2
6523 2
6524 1
6525 0
6526 0
6527 1
6528 1
6529 1
6530 0
6531 2
6532 2
6533 0
6534 0
6535 1
6536 1
6537 1
6538 2
6539 2
6540 3
6541 2
6542 1
6543 1
6544 3
6545 1
6546 1
6547 0
6548 3
6549 1
6550 2
6551 0
6552 0
6553 3
6554 0
6555 1
6556 3
6557 1
6558 1
6559 3
6560 1
6561 2
6562 0
6563 1
6564 2
6565 1
6566 1
6567 1
6568 3
6569 2
6570 1
6571 2
6572 0
6573 1
6574 1
6575 0
6576 2
6577 1
6578 1
6579 1
6580 2
6581 0
6582 0
6583 1
6584 1
6585 0
6586 1
6587 0
6588 0
6589 1
6590 2
6591 3
6592 0
6593 1
6594 3
6595 1
6596 1
6597 1
6598 2
6599 1
6600 0
6601 1
6602 2
6603 2
6604 1
6605 0
6606 0
6607 1
6608 2
6609 1
6610 1
6611 2
6612 1
6613 2
6614 0
6615 2
6616 0
6617 1
6618 0
6619 2
6620 1
6621 2
6622 0
6623 1
6624 3
6625 1
6626 1
6627 3
6628 3
6629 1
6630 0
6631 0
6632 0
6633 4
6634 2
6635 1
6636 1
6637 3
6638 2
6639 1
6640 3
6641 4
6642 0
6643 2
6644 1
6645 0
6646 1
6647 0
6648 0
6649 2
6650 1
6651 0
6652 1
6653 1
6654 3
6655 3
6656 3
6657 2
6658 0
6659 0
6660 2
6661 0
6662 2
6663 0
6664 0
6665 1
6666 2
6667 2
6668 1
6669 3
6670 1
6671 1
6672 1
6673 5
6674 1
6675 2
6676 1
6677 1
6678 0
6679 0
6680 0
6681 0
6682 0
6683 1
6684 0
6685 0
6686 3
6687 1
6688 0
6689 1
6690 1
6691 2
6692 1
6693 0
6694 1
6695 1
6696 1
6697 4
6698 1
6699 3
6700 2
6701 0
6702 0
6703 0
6704 3
6705 1
6706 0
6707 0
6708 2
6709 2
6710 2
6711 3
6712 5
6713 0
6714 0
6715 1
6716 2
6717 2
6718 2
6719 1
6720 1
6721 2
6722 0
6723 1
6724 1
6725 2
6726 1
6727 0
6728 0
6729 1
6730 0
6731 0
6732 1
6733 1
6734 1
6735 2
6736 1
6737 0
6738 3
6739 1
6740 3
6741 0
6742 0
6743 3
6744 0
6745 0
6746 1
6747 1
6748 2
6749 2
6750 3
6751 1
6752 2
6753 0
6754 1
6755 0
6756 2
6757 0
6758 0
6759 1
6760 1
6761 0
6762 0
6763 0
6764 3
6765 4
6766 0
6767 0
6768 1
6769 0
6770 2
6771 1
6772 0
6773 0
6774 1
6775 0
6776 2
6777 2
6778 0
6779 2
6780 3
6781 0
6782 1
6783 0
6784 0
6785 0
6786 1
6787 0
6788 1
6789 3
6790 2
6791 2
6792 1
6793 2
6794 3
6795 3
6796 1
6797 1
6798 4
6799 2
6800 2
6801 0
6802 2
6803 0
6804 3
6805 0
6806 1
6807 0
6808 2
6809 1
6810 1
6811 4
6812 1
6813 1
6814 1
6815 1
6816 2
6817 2
6818 4
6819 2
6820 1
6821 1
6822 1
6823 2
6824 1
6825 1
6826 0
6827 1
6828 0
6829 2
6830 1
6831 0
6832 2
6833 2
6834 1
6835 0
6836 0
6837 1
6838 2
6839 0
6840 1
6841 0
6842 0
6843 3
6844 2
6845 0
6846 1
6847 0
6848 1
6849 0
6850 3
6851 5
6852 0
6853 1
6854 1
6855 1
6856 1
6857 0
6858 0
6859 3
6860 0
6861 1
6862 4
6863 0
6864 0
6865 1
6866 1
6867 1
6868 2
6869 2
6870 0
6871 0
6872 1
6873 2
6874 2
6875 2
6876 2
6877 1
6878 0
6879 1
6880 0
6881 2
6882 0
6883 1
6884 2
6885 1
6886 1
6887 2
6888 2
6889 1
6890 2
6891 0
6892 2
6893 1
6894 1
6895 0
6896 1
6897 3
6898 2
6899 2
6900 1
6901 2
6902 2
6903 2
6904 1
6905 1
6906 3
6907 0
6908 2
6909 3
6910 1
6911 1
6912 1
6913 0
6914 0
6915 1
6916 1
6917 2
6918 1
6919 1
6920 2
6921 0
6922 1
6923 4
6924 2
6925 0
6926 1
6927 1
6928 0
6929 1
6930 0
6931 1
6932 1
6933 1
6934 1
6935 0
6936 1
6937 0
6938 2
6939 1
6940 0
6941 1
6942 1
6943 0
6944 1
6945 0
6946 1
6947 0
6948 1
6949 1
6950 3
6951 1
6952 1
6953 0
6954 2
6955 0
6956 1
6957 1
6958 1
6959 2
6960 0
6961 0
6962 2
6963 1
6964 0
6965 2
6966 5
6967 2
6968 0
6969 1
6970 0
6971 0
6972 0
6973 0
6974 0
6975 0
6976 0
6977 0
6978 1
6979 1
6980 2
6981 0
6982 1
6983 0
6984 0
6985 1
6986 0
6987 2
6988 0
6989 1
6990 1
6991 1
6992 2
6993 2
6994 0
6995 1
6996 2
6997 0
6998 2
6999 1
7000 2
7001 1
7002 0
7003 1
7004 0
7005 0
7006 1
7007 0
7008 1
7009 2
7010 1
7011 0
7012 1
7013 0
7014 1
7015 0
7016 0
7017 0
7018 2
7019 1
7020 1
7021 3
7022 0
7023 1
7024 0
7025 1
7026 0
7027 1
7028 0
7029 0
7030 0
7031 1
7032 1
7033 1
7034 1
7035 0
7036 0
7037 2
7038 2
7039 1
7040 0
7041 0
7042 1
7043 0
7044 0
7045 0
7046 2
7047 1
7048 2
7049 0
7050 1
7051 1
7052 0
7053 2
7054 0
7055 0
7056 1
7057 0
7058 0
7059 3
7060 0
7061 2
7062 0
7063 1
7064 1
7065 0
7066 4
7067 0
7068 1
7069 1
7070 1
7071 0
7072 0
7073 1
7074 1
7075 1
7076 1
7077 1
7078 2
7079 0
7080 1
7081 2
7082 1
7083 3
7084 2
7085 0
7086 2
7087 1
7088 4
7089 1
7090 1
7091 0
7092 0
7093 0
7094 0
7095 1
7096 0
7097 1
7098 1
7099 0
7100 1
7101 0
7102 1
7103 0
7104 0
7105 0
7106 1
7107 1
7108 1
7109 2
7110 0
7111 0
7112 0
7113 1
7114 1
7115 1
7116 0
7117 2
7118 2
7119 1
7120 0
7121 1
7122 0
7123 2
7124 1
7125 2
7126 1
7127 0
7128 0
7129 1
7130 0
7131 1
7132 1
7133 0
7134 2
7135 0
7136 2
7137 0
7138 1
7139 2
7140 0
7141 1
7142 1
7143 1
7144 0
7145 3
7146 1
7147 0
7148 0
7149 1
7150 3
7151 0
7152 1
7153 1
7154 0
7155 1
7156 3
7157 3
7158 2
7159 2
7160 2
7161 2
7162 3
7163 0
7164 4
7165 2
7166 1
7167 2
7168 1
7169 3
7170 2
7171 2
7172 2
7173 0
7174 1
7175 1
7176 3
7177 2
7178 1
7179 2
7180 0
7181 3
7182 1
7183 0
7184 0
7185 2
7186 0
7187 0
7188 1
7189 0
7190 0
7191 2
7192 2
7193 3
7194 1
7195 1
7196 0
7197 2
7198 1
7199 2
7200 2
7201 0
7202 0
7203 0
7204 1
7205 2
7206 0
7207 1
7208 0
7209 1
7210 1
7211 2
7212 2
7213 0
7214 4
7215 0
7216 1
7217 0
7218 2
7219 1
7220 2
7221 0
7222 1
7223 1
7224 1
7225 0
7226 0
7227 3
7228 1
7229 2
7230 0
7231 0
7232 2
7233 0
7234 1
7235 0
7236 0
7237 1
7238 1
7239 2
7240 1
7241 2
7242 6
7243 1
7244 2
7245 2
7246 0
7247 0
7248 2
7249 0
7250 0
7251 2
7252 1
7253 1
7254 2
7255 2
7256 0
7257 2
7258 2
7259 1
7260 0
7261 4
7262 1
7263 2
7264 1
7265 2
7266 0
7267 1
7268 0
7269 0
7270 0
7271 1
7272 1
7273 1
7274 0
7275 0
7276 0
7277 0
7278 1
7279 1
7280 1
7281 1
7282 1
7283 0
7284 0
7285 1
7286 0
7287 1
7288 1
7289 2
7290 2
7291 2
7292 0
7293 4
7294 2
7295 3
7296 1
7297 2
7298 1
7299 1
7300 4
7301 3
7302 4
7303 3
7304 1
7305 3
7306 1
7307 1
7308 4
7309 1
7310 5
7311 3
7312 4
7313 2
7314 1
7315 2
7316 0
7317 3
7318 1
7319 1
7320 2
7321 0
7322 1
7323 2
7324 1
7325 1
7326 0
7327 2
7328 2
7329 0
7330 1
7331 1
7332 2
7333 1
7334 1
7335 0
7336 1
7337 0
7338 0
7339 1
7340 0
7341 0
7342 1
7343 0
7344 1
7345 0
7346 2
7347 0
7348 0
7349 0
7350 0
7351 0
7352 1
7353 1
7354 0
7355 1
7356 2
7357 0
7358 1
7359 1
7360 0
7361 1
7362 1
7363 0
7364 1
7365 1
7366 0
7367 1
7368 0
7369 1
7370 3
7371 1
7372 3
7373 2
7374 0
7375 0
7376 1
7377 1
7378 1
7379 1
7380 2
7381 0
7382 2
7383 1
7384 0
7385 0
7386 3
7387 0
7388 1
7389 0
7390 0
7391 0
7392 0
7393 1
7394 0
7395 0
7396 3
7397 2
7398 3
7399 0
7400 0
7401 0
7402 0
7403 0
7404 0
7405 0
7406 0
7407 3
7408 1
7409 0
7410 4
7411 0
7412 0
7413 1
7414 2
7415 2
7416 2
7417 2
7418 1
7419 0
7420 0
7421 1
7422 1
7423 0
7424 0
7425 1
7426 1
7427 2
7428 1
7429 3
7430 1
7431 1
7432 0
7433 2
7434 0
7435 2
7436 0
7437 1
7438 0
7439 0
7440 0
7441 0
7442 1
7443 1
7444 0
7445 2
7446 0
7447 3
7448 3
7449 0
7450 0
7451 0
7452 2
7453 0
7454 0
7455 1
7456 0
7457 0
7458 0
7459 0
7460 0
7461 0
7462 1
7463 0
7464 3
7465 1
7466 0
7467 1
7468 1
7469 0
7470 0
7471 2
7472 1
7473 3
7474 3
7475 0
7476 2
7477 3
7478 0
7479 4
7480 0
7481 0
7482 3
7483 1
7484 2
7485 0
7486 2
7487 1
7488 3
7489 1
7490 0
7491 1
7492 2
7493 1
7494 0
7495 1
7496 2
7497 1
7498 0
7499 0
7500 0
7501 1
7502 0
7503 2
7504 2
7505 0
7506 1
7507 1
7508 2
7509 1
7510 1
7511 0
7512 2
7513 0
7514 2
7515 1
7516 3
7517 0
7518 0
7519 1
7520 1
7521 0
7522 0
7523 2
7524 1
7525 0
7526 0
7527 3
7528 0
7529 2
7530 0
7531 1
7532 0
7533 1
7534 2
7535 3
7536 1
7537 1
7538 0
7539 0
7540 4
7541 0
7542 2
7543 0
7544 1
7545 1
7546 1
7547 3
7548 2
7549 0
7550 0
7551 2
7552 0
7553 0
7554 1
7555 2
7556 1
7557 4
7558 1
7559 2
7560 0
7561 1
7562 0
7563 1
7564 1
7565 0
7566 0
7567 0
7568 0
7569 2
7570 2
7571 0
7572 1
7573 2
7574 2
7575 3
7576 0
7577 1
7578 2
7579 0
7580 0
7581 1
7582 1
7583 1
7584 3
7585 3
7586 2
7587 2
7588 0
7589 0
7590 0
7591 2
7592 1
7593 1
7594 0
7595 0
7596 0
7597 1
7598 1
7599 0
7600 0
7601 0
7602 0
7603 1
7604 0
7605 1
7606 2
7607 1
7608 0
7609 0
7610 0
7611 1
7612 4
7613 1
7614 1
7615 0
7616 2
7617 3
7618 3
7619 1
7620 0
7621 1
7622 0
7623 1
7624 0
7625 1
7626 0
7627 0
7628 0
7629 2
7630 1
7631 1
7632 0
7633 2
7634 1
7635 0
7636 2
7637 2
7638 0
7639 1
7640 2
7641 4
7642 4
7643 0
7644 0
7645 2
7646 1
7647 2
7648 2
7649 1
7650 4
7651 1
7652 2
7653 0
7654 1
7655 1
7656 4
7657 0
7658 2
7659 1
7660 2
7661 1
7662 1
7663 0
7664 0
7665 0
7666 0
7667 1
7668 0
7669 2
7670 2
7671 1
7672 0
7673 1
7674 0
7675 2
7676 1
7677 2
7678 1
7679 1
7680 1
7681 0
7682 1
7683 0
7684 0
7685 1
7686 0
7687 2
7688 1
7689 0
7690 0
7691 1
7692 1
7693 1
7694 0
7695 1
7696 1
7697 2
7698 1
7699 2
7700 1
7701 3
7702 3
7703 0
7704 2
7705 2
7706 0
7707 1
7708 0
7709 1
7710 0
7711 1
7712 1
7713 1
7714 2
7715 2
7716 1
7717 1
7718 1
7719 2
7720 0
7721 1
7722 0
7723 1
7724 0
7725 1
7726 0
7727 1
7728 1
7729 1
7730 0
7731 1
7732 0
7733 0
7734 0
7735 1
7736 0
7737 1
7738 0
7739 1
7740 0
7741 0
7742 0
7743 0
7744 0
7745 0
7746 1
7747 2
7748 1
7749 1
7750 0
7751 0
7752 2
7753 0
7754 1
7755 1
7756 0
7757 0
7758 0
7759 1
7760 1
7761 0
7762 0
7763 0
7764 0
7765 0
7766 1
7767 0
7768 0
7769 1
7770 0
7771 0
7772 1
7773 0
7774 0
7775 0
7776 2
7777 0
7778 2
7779 0
7780 1
7781 3
7782 0
7783 2
7784 0
7785 4
7786 0
7787 2
7788 1
7789 0
7790 0
7791 2
7792 1
7793 1
7794 1
7795 2
7796 2
7797 4
7798 0
7799 0
7800 0
7801 1
7802 0
7803 1
7804 1
7805 0
7806 1
7807 1
7808 1
7809 1
7810 1
7811 0
7812 0
7813 0
7814 0
7815 1
7816 2
7817 1
7818 1
7819 1
7820 1
7821 2
7822 1
7823 0
7824 0
7825 4
7826 1
7827 0
7828 1
7829 1
7830 0
7831 1
7832 1
7833 1
7834 1
7835 1
7836 2
7837 1
7838 3
7839 3
7840 2
7841 2
7842 0
7843 2
7844 1
7845 0
7846 1
7847 3
7848 0
7849 1
7850 1
7851 1
7852 1
7853 2
7854 0
7855 1
7856 2
7857 1
7858 2
7859 1
7860 0
7861 0
7862 1
7863 3
7864 3
7865 0
7866 1
7867 1
7868 2
7869 1
7870 1
7871 0
7872 2
7873 0
7874 1
7875 0
7876 1
7877 0
7878 2
7879 2
7880 2
7881 1
7882 1
7883 1
7884 1
7885 0
7886 0
7887 1
7888 0
7889 0
7890 0
7891 0
7892 1
7893 0
7894 0
7895 3
7896 0
7897 2
7898 2
7899 1
7900 1
7901 1
7902 0
7903 0
7904 0
7905 1
7906 0
7907 2
7908 0
7909 1
7910 2
7911 0
7912 1
7913 2
7914 0
7915 1
7916 0
7917 0
7918 0
7919 0
7920 0
7921 3
7922 2
7923 1
7924 2
7925 0
7926 4
7927 4
7928 1
7929 0
7930 3
7931 3
7932 1
7933 1
7934 0
7935 0
7936 1
7937 0
7938 0
7939 1
7940 3
7941 1
7942 2
7943 1
7944 1
7945 1
7946 0
7947 0
7948 2
7949 1
7950 0
7951 1
7952 0
7953 0
7954 2
7955 0
7956 3
7957 0
7958 0
7959 4
7960 0
7961 1
7962 2
7963 1
7964 1
7965 5
7966 2
7967 0
7968 1
7969 0
7970 0
7971 2
7972 2
7973 1
7974 2
7975 1
7976 1
7977 3
7978 0
7979 0
7980 1
7981 1
7982 0
7983 0
7984 0
7985 0
7986 1
7987 1
7988 1
7989 0
7990 1
7991 1
7992 3
7993 1
7994 3
7995 0
7996 1
7997 0
7998 0
7999 1
8000 0
8001 1
8002 2
8003 2
8004 0
8005 1
8006 1
8007 0
8008 2
8009 3
8010 1
8011 2
8012 0
8013 0
8014 1
8015 0
8016 0
8017 1
8018 0
8019 1
8020 0
8021 1
8022 0
8023 0
8024 0
8025 0
8026 1
8027 0
8028 0
8029 0
8030 0
8031 0
8032 1
8033 1
8034 0
8035 1
8036 2
8037 0
8038 2
8039 0
8040 1
8041 1
8042 1
8043 2
8044 1
8045 1
8046 0
8047 2
8048 0
8049 1
8050 1
8051 1
8052 2
8053 0
8054 2
8055 1
8056 0
8057 1
8058 2
8059 0
8060 1
8061 1
8062 2
8063 2
8064 0
8065 0
8066 0
8067 1
8068 1
8069 1
8070 0
8071 1
8072 1
8073 3
8074 1
8075 0
8076 1
8077 0
8078 0
8079 0
8080 2
8081 1
8082 0
8083 0
8084 0
8085 1
8086 0
8087 1
8088 0
8089 1
8090 1
8091 1
8092 0
8093 0
8094 2
8095 2
8096 1
8097 0
8098 0
8099 1
8100 2
8101 1
8102 1
8103 1
8104 2
8105 1
8106 1
8107 0
8108 1
8109 0
8110 1
8111 0
8112 1
8113 0
8114 1
8115 3
8116 0
8117 1
8118 1
8119 1
8120 0
8121 1
8122 1
8123 0
8124 0
8125 1
8126 2
8127 0
8128 2
8129 0
8130 3
8131 2
8132 1
8133 0
8134 2
8135 1
8136 2
8137 1
8138 3
8139 2
8140 0
8141 1
8142 0
8143 1
8144 3
8145 0
8146 0
8147 1
8148 0
8149 2
8150 0
8151 1
8152 2
8153 1
8154 0
8155 0
8156 0
8157 0
8158 0
8159 1
8160 2
8161 1
8162 0
8163 1
8164 2
8165 1
8166 0
8167 3
8168 0
8169 1
8170 1
8171 0
8172 0
8173 0
8174 0
8175 0
8176 0
8177 0
8178 0
8179 1
8180 0
8181 2
8182 1
8183 0
8184 0
8185 0
8186 1
8187 3
8188 0
8189 1
8190 1
8191 1
8192 0
8193 0
8194 2
8195 2
8196 1
8197 1
8198 1
8199 1
8200 2
8201 0
8202 0
8203 1
8204 0
8205 0
8206 0
8207 1
8208 2
8209 0
8210 1
8211 0
8212 1
8213 1
8214 1
8215 3
8216 0
8217 0
8218 0
8219 2
8220 0
8221 1
8222 0
8223 2
8224 0
8225 0
8226 0
8227 0
8228 1
8229 0
8230 2
8231 0
8232 1
8233 0
8234 0
8235 0
8236 0
8237 0
8238 0
8239 0
8240 0
8241 0
8242 2
8243 3
8244 1
8245 0
8246 1
8247 1
8248 0
8249 0
8250 0
8251 2
8252 0
8253 0
8254 0
8255 1
8256 0
8257 1
8258 0
8259 1
8260 0
8261 0
8262 0
8263 0
8264 1
8265 1
8266 3
8267 0
8268 1
8269 2
8270 1
8271 1
8272 0
8273 1
8274 0
8275 0
8276 0
8277 2
8278 0
8279 2
8280 2
8281 0
8282 1
8283 0
8284 0
8285 0
8286 1
8287 1
8288 0
8289 1
8290 2
8291 1
8292 1
8293 1
8294 1
8295 0
8296 1
8297 1
8298 0
8299 0
8300 0
8301 0
8302 0
8303 1
8304 0
8305 1
8306 1
8307 3
8308 0
8309 0
8310 2
8311 2
8312 0
8313 0
8314 1
8315 1
8316 0
8317 2
8318 1
8319 2
8320 0
8321 0
8322 2
8323 2
8324 1
8325 0
8326 0
8327 1
8328 1
8329 0
8330 0
8331 0
8332 0
8333 1
8334 0
8335 1
8336 0
8337 1
8338 0
8339 1
8340 0
8341 0
8342 0
8343 0
8344 2
8345 0
8346 0
8347 0
8348 2
8349 0
8350 2
8351 0
8352 0
8353 1
8354 0
8355 0
8356 1
8357 0
8358 0
8359 1
8360 4
8361 0
8362 0
8363 1
8364 0
8365 0
8366 0
8367 0
8368 0
8369 2
8370 0
8371 1
8372 0
8373 0
8374 0
8375 0
8376 0
8377 0
8378 2
8379 1
8380 1
8381 0
8382 0
8383 0
8384 1
8385 0
8386 3
8387 0
8388 1
8389 0
8390 1
8391 0
8392 1
8393 1
8394 0
8395 1
8396 2
8397 1
8398 0
8399 0
8400 0
8401 0
8402 1
8403 1
8404 1
8405 0
8406 0
8407 0
8408 0
8409 0
8410 0
8411 0
8412 0
8413 0
8414 0
8415 0
8416 0
8417 0
8418 0
8419 0
8420 1
8421 1
8422 1
8423 0
8424 2
8425 1
8426 1
8427 1
8428 0
8429 2
8430 0
8431 0
8432 0
8433 1
8434 0
8435 0
8436 0
8437 1
8438 0
8439 1
8440 0
8441 0
8442 0
8443 0
8444 2
8445 0
8446 2
8447 1
8448 2
8449 0
8450 1
8451 2
8452 1
8453 2
8454 1
8455 3
8456 0
8457 0
8458 3
8459 2
8460 0
8461 2
8462 1
8463 3
8464 0
8465 0
8466 2
8467 1
8468 0
8469 1
8470 1
8471 0
8472 0
8473 1
8474 1
8475 1
8476 0
8477 2
8478 0
8479 2
8480 2
8481 0
8482 0
8483 0
8484 3
8485 0
8486 0
8487 0
8488 1
8489 1
8490 1
8491 1
8492 0
8493 0
8494 0
8495 0
8496 0
8497 0
8498 0
8499 0
8500 1
8501 2
8502 1
8503 2
8504 0
8505 1
8506 2
8507 1
8508 0
8509 1
8510 1
8511 2
8512 2
8513 2
8514 1
8515 0
8516 0
8517 0
8518 0
8519 0
8520 0
8521 1
8522 0
8523 0
8524 0
8525 2
8526 1
8527 1
8528 0
8529 1
8530 1
8531 1
8532 1
8533 1
8534 0
8535 1
8536 0
8537 1
8538 0
8539 0
8540 0
8541 0
8542 0
8543 2
8544 2
8545 0
8546 1
8547 1
8548 1
8549 1
8550 1
8551 1
8552 0
8553 0
8554 0
8555 1
8556 0
8557 0
8558 0
8559 2
8560 0
8561 0
8562 3
8563 2
8564 0
8565 2
8566 0
8567 1
8568 1
8569 0
8570 2
8571 0
8572 2
8573 1
8574 1
8575 0
8576 0
8577 1
8578 1
8579 0
8580 0
8581 0
8582 0
8583 1
8584 0
8585 0
8586 0
8587 0
8588 1
8589 0
8590 0
8591 1
8592 1
8593 4
8594 0
8595 2
8596 1
8597 0
8598 1
8599 2
8600 0
8601 1
8602 1
8603 0
8604 0
8605 1
8606 0
8607 0
8608 1
8609 0
8610 1
8611 0
8612 0
8613 1
8614 0
8615 0
8616 2
8617 0
8618 1
8619 0
8620 2
8621 1
8622 0
8623 0
8624 1
8625 0
8626 1
8627 0
8628 0
8629 1
8630 0
8631 0
8632 1
8633 0
8634 0
8635 0
8636 0
8637 1
8638 2
8639 1
8640 0
8641 0
8642 0
8643 1
8644 0
8645 0
8646 1
8647 0
8648 1
8649 0
8650 0
8651 2
8652 0
8653 0
8654 0
8655 1
8656 0
8657 0
8658 2
8659 0
8660 1
8661 0
8662 0
8663 1
8664 0
8665 0
8666 1
8667 2
8668 1
8669 2
8670 2
8671 1
8672 1
8673 0
8674 0
8675 2
8676 0
8677 1
8678 0
8679 1
8680 1
8681 1
8682 1
8683 0
8684 0
8685 1
8686 1
8687 0
8688 0
8689 4
8690 0
8691 2
8692 0
8693 2
8694 1
8695 3
8696 1
8697 1
8698 0
8699 0
8700 0
8701 0
8702 0
8703 0
8704 1
8705 1
8706 0
8707 1
8708 1
8709 1
8710 1
8711 1
8712 0
8713 1
8714 1
8715 2
8716 0
8717 1
8718 1
8719 0
8720 0
8721 0
8722 1
8723 1
8724 0
8725 0
8726 1
8727 1
8728 1
8729 0
8730 0
8731 0
8732 0
8733 0
8734 0
8735 0
8736 3
8737 0
8738 0
8739 1
8740 1
8741 1
8742 2
8743 0
8744 0
8745 2
8746 2
8747 2
8748 1
8749 0
8750 0
8751 0
8752 0
8753 1
8754 1
8755 0
8756 1
8757 0
8758 1
8759 1
8760 0
8761 1
8762 0
8763 0
8764 1
8765 1
8766 2
8767 0
8768 0
8769 0
8770 0
8771 3
8772 0
8773 0
8774 0
8775 1
8776 1
8777 0
8778 1
8779 0
8780 0
8781 0
8782 1
8783 1
8784 1
8785 2
8786 3
8787 0
8788 0
8789 1
8790 0
8791 2
8792 0
8793 0
8794 0
8795 0
8796 0
8797 1
8798 0
8799 1
8800 1
8801 2
8802 2
8803 0
8804 0
8805 1
8806 0
8807 1
8808 1
8809 2
8810 0
8811 0
8812 1
8813 1
8814 1
8815 5
8816 0
8817 1
8818 1
8819 2
8820 1
8821 1
8822 2
8823 2
8824 0
8825 1
8826 1
8827 0
8828 1
8829 1
8830 1
8831 2
8832 0
8833 1
8834 0
8835 2
8836 1
8837 2
8838 0
8839 0
8840 0
8841 1
8842 2
8843 0
8844 2
8845 0
8846 2
8847 1
8848 0
8849 0
8850 0
8851 2
8852 0
8853 0
8854 0
8855 0
8856 0
8857 1
8858 0
8859 0
8860 1
8861 0
8862 1
8863 2
8864 0
8865 1
8866 1
8867 1
8868 0
8869 0
8870 1
8871 0
8872 1
8873 0
8874 0
8875 0
8876 1
8877 1
8878 1
8879 0
8880 2
8881 2
8882 0
8883 1
8884 1
8885 1
8886 3
8887 0
8888 2
8889 0
8890 0
8891 1
8892 3
8893 1
8894 0
8895 0
8896 0
8897 0
8898 0
8899 0
8900 0
8901 0
8902 0
8903 0
8904 2
8905 1
8906 0
8907 0
8908 2
8909 0
8910 3
8911 5
8912 1
8913 1
8914 0
8915 2
8916 0
8917 0
8918 0
8919 0
8920 0
8921 3
8922 0
8923 0
8924 1
8925 1
8926 0
8927 1
8928 1
8929 0
8930 0
8931 0
8932 0
8933 0
8934 0
8935 0
8936 0
8937 2
8938 0
8939 0
8940 1
8941 1
8942 1
8943 1
8944 2
8945 0
8946 1
8947 0
8948 1
8949 3
8950 2
8951 2
8952 2
8953 1
8954 1
8955 0
8956 0
8957 0
8958 0
8959 2
8960 0
8961 1
8962 3
8963 1
8964 1
8965 0
8966 0
8967 1
8968 2
8969 0
8970 1
8971 0
8972 0
8973 0
8974 0
8975 2
8976 1
8977 0
8978 0
8979 0
8980 0
8981 1
8982 1
8983 1
8984 2
8985 0
8986 0
8987 0
8988 1
8989 2
8990 0
8991 0
8992 1
8993 0
8994 0
8995 0
8996 0
8997 1
8998 2
8999 1
9000 1
9001 1
9002 1
9003 1
9004 0
9005 0
9006 0
9007 0
9008 1
9009 2
9010 1
9011 0
9012 0
9013 0
9014 0
9015 1
9016 0
9017 0
9018 0
9019 0
9020 1
9021 0
9022 1
9023 0
9024 0
9025 0
9026 3
9027 0
9028 1
9029 0
9030 0
9031 0
9032 0
9033 0
9034 0
9035 0
9036 1
9037 1
9038 0
9039 2
9040 0
9041 0
9042 1
9043 0
9044 0
9045 1
9046 2
9047 1
9048 2
9049 0
9050 0
9051 2
9052 1
9053 1
9054 1
9055 0
9056 0
9057 0
9058 0
9059 1
9060 1
9061 0
9062 4
9063 0
9064 1
9065 0
9066 0
9067 0
9068 0
9069 0
9070 3
9071 1
9072 0
9073 0
9074 0
9075 0
9076 0
9077 0
9078 0
9079 0
9080 2
9081 0
9082 0
9083 0
9084 1
9085 1
9086 3
9087 0
9088 0
9089 0
9090 0
9091 1
9092 1
9093 0
9094 1
9095 2
9096 1
9097 0
9098 0
9099 0
9100 1
9101 0
9102 1
9103 0
9104 0
9105 0
9106 1
9107 2
9108 0
9109 3
9110 0
9111 0
9112 1
9113 0
9114 1
9115 0
9116 1
9117 0
9118 0
9119 2
9120 2
9121 1
9122 0
9123 1
9124 0
9125 0
9126 1
9127 0
9128 0
9129 0
9130 0
9131 0
9132 0
9133 0
9134 1
9135 0
9136 1
9137 0
9138 0
9139 1
9140 0
9141 0
9142 1
9143 1
9144 0
9145 3
9146 1
9147 0
9148 0
9149 1
9150 2
9151 1
9152 1
9153 2
9154 1
9155 0
9156 3
9157 1
9158 1
9159 0
9160 2
9161 0
9162 0
9163 0
9164 2
9165 1
9166 2
9167 4
9168 1
9169 1
9170 0
9171 1
9172 3
9173 0
9174 1
9175 0
9176 1
9177 1
9178 1
9179 1
9180 0
9181 0
9182 5
9183 0
9184 0
9185 0
9186 0
9187 3
9188 2
9189 0
9190 0
9191 2
9192 2
9193 2
9194 1
9195 0
9196 0
9197 0
9198 0
9199 0
9200 2
9201 0
9202 1
9203 1
9204 2
9205 0
9206 0
9207 1
9208 3
9209 0
9210 0
9211 1
9212 0
9213 1
9214 0
9215 1
9216 1
9217 1
9218 0
9219 0
9220 1
9221 1
9222 0
9223 1
9224 2
9225 1
9226 3
9227 0
9228 2
9229 1
9230 0
9231 0
9232 0
9233 0
9234 1
9235 2
9236 0
9237 0
9238 1
9239 0
9240 1
9241 0
9242 1
9243 1
9244 0
9245 0
9246 2
9247 1
9248 2
9249 1
9250 2
9251 2
9252 0
9253 0
9254 0
9255 1
9256 1
9257 0
9258 2
9259 1
9260 2
9261 0
9262 0
9263 0
9264 0
9265 0
9266 0
9267 1
9268 1
9269 1
9270 0
9271 1
9272 1
9273 2
9274 0
9275 1
9276 0
9277 1
9278 2
9279 0
9280 2
9281 1
9282 3
9283 0
9284 1
9285 0
9286 3
9287 1
9288 1
9289 0
9290 2
9291 0
9292 1
9293 1
9294 0
9295 0
9296 1
9297 1
9298 1
9299 1
9300 3
9301 0
9302 1
9303 0
9304 1
9305 0
9306 0
9307 0
9308 1
9309 0
9310 0
9311 0
9312 0
9313 1
9314 0
9315 1
9316 0
9317 2
9318 1
9319 0
9320 0
9321 1
9322 1
9323 0
9324 2
9325 2
9326 1
9327 1
9328 0
9329 0
9330 0
9331 0
9332 0
9333 1
9334 1
9335 1
9336 1
9337 0
9338 1
9339 2
9340 0
9341 1
9342 1
9343 2
9344 0
9345 1
9346 2
9347 1
9348 0
9349 0
9350 1
9351 2
9352 2
9353 2
9354 0
9355 0
9356 2
9357 0
9358 1
9359 2
9360 0
9361 0
9362 1
9363 0
9364 0
9365 0
9366 0
9367 1
9368 0
9369 0
9370 0
9371 0
9372 0
9373 0
9374 1
9375 0
9376 1
9377 2
9378 1
9379 0
9380 0
9381 1
9382 0
9383 1
9384 0
9385 1
9386 1
9387 3
9388 2
9389 2
9390 0
9391 2
9392 1
9393 1
9394 0
9395 0
9396 0
9397 1
9398 0
9399 2
9400 0
9401 0
9402 1
9403 1
9404 0
9405 0
9406 1
9407 1
9408 0
9409 0
9410 1
9411 1
9412 0
9413 0
9414 1
9415 2
9416 2
9417 0
9418 0
9419 0
9420 0
9421 0
9422 1
9423 1
9424 1
9425 0
9426 0
9427 0
9428 1
9429 0
9430 0
9431 1
9432 0
9433 1
9434 3
9435 3
9436 2
9437 0
9438 0
9439 0
9440 0
9441 1
9442 0
9443 0
9444 0
9445 0
9446 0
9447 0
9448 0
9449 0
9450 0
9451 0
9452 0
9453 0
9454 0
9455 1
9456 2
9457 0
9458 0
9459 1
9460 0
9461 0
9462 1
9463 1
9464 2
9465 0
9466 0
9467 0
9468 1
9469 0
9470 1
9471 0
9472 0
9473 0
9474 0
9475 0
9476 1
9477 0
9478 1
9479 0
9480 0
9481 0
9482 1
9483 0
9484 0
9485 1
9486 2
9487 0
9488 0
9489 0
9490 0
9491 0
9492 0
9493 0
9494 0
9495 0
9496 0
9497 0
9498 0
9499 1
9500 0
9501 2
9502 1
9503 0
9504 2
9505 0
9506 1
9507 0
9508 0
9509 1
9510 0
9511 0
9512 1
9513 1
9514 0
9515 1
9516 0
9517 0
9518 0
9519 1
9520 2
9521 0
9522 2
9523 0
9524 1
9525 0
9526 1
9527 0
9528 0
9529 0
9530 0
9531 0
9532 1
9533 1
9534 0
9535 0
9536 0
9537 0
9538 0
9539 0
9540 0
9541 0
9542 0
9543 0
9544 0
9545 0
9546 1
9547 0
9548 0
9549 0
9550 0
9551 0
9552 0
9553 0
9554 0
9555 2
9556 0
9557 0
9558 0
9559 1
9560 1
9561 0
9562 1
9563 0
9564 0
9565 0
9566 1
9567 0
9568 1
9569 0
9570 1
9571 0
9572 0
9573 2
9574 1
9575 0
9576 0
9577 0
9578 0
9579 1
9580 0
9581 0
9582 0
9583 1
9584 0
9585 0
9586 0
9587 0
9588 0
9589 1
9590 0
9591 1
9592 2
9593 0
9594 0
9595 0
9596 1
9597 1
9598 0
9599 0
9600 0
9601 1
9602 1
9603 0
9604 0
9605 1
9606 0
9607 0
9608 0
9609 0
9610 0
9611 0
9612 1
9613 0
9614 1
9615 0
9616 0
9617 0
9618 1
9619 0
9620 0
9621 0
9622 0
9623 0
9624 0
9625 1
9626 0
9627 0
9628 1
9629 0
9630 0
9631 1
9632 0
9633 0
9634 0
9635 0
9636 0
9637 0
9638 1
9639 0
9640 0
9641 0
9642 1
9643 2
9644 0
9645 2
9646 0
9647 2
9648 1
9649 1
9650 0
9651 1
9652 2
9653 2
9654 0
9655 0
9656 0
9657 1
9658 0
9659 0
9660 0
9661 0
9662 1
9663 0
9664 0
9665 0
9666 0
9667 1
9668 0
9669 0
9670 0
9671 1
9672 0
9673 0
9674 0
9675 0
9676 1
9677 1
9678 1
9679 1
9680 0
9681 0
9682 1
9683 1
9684 0
9685 0
9686 0
9687 0
9688 1
9689 2
9690 0
9691 1
9692 0
9693 1
9694 0
9695 0
9696 1
9697 0
9698 1
9699 1
9700 2
9701 0
9702 0
9703 0
9704 0
9705 0
9706 1
9707 1
9708 1
9709 1
9710 1
9711 0
9712 0
9713 1
9714 1
9715 0
9716 0
9717 0
9718 0
9719 0
9720 0
9721 0
9722 0
9723 0
9724 0
9725 1
9726 1
9727 1
9728 1
9729 1
9730 2
9731 0
9732 0
9733 2
9734 1
9735 0
9736 0
9737 1
9738 0
9739 0
9740 1
9741 1
9742 0
9743 1
9744 0
9745 0
9746 2
9747 0
9748 0
9749 1
9750 0
9751 0
9752 0
9753 0
9754 0
9755 0
9756 2
9757 0
9758 0
9759 2
9760 1
9761 0
9762 1
9763 1
9764 0
9765 0
9766 1
9767 0
9768 0
9769 0
9770 1
9771 0
9772 1
9773 0
9774 0
9775 0
9776 0
9777 1
9778 0
9779 1
9780 0
9781 1
9782 0
9783 1
9784 0
9785 2
9786 1
9787 0
9788 2
9789 0
9790 0
9791 1
9792 1
9793 0
9794 2
9795 0
9796 2
9797 1
9798 2
9799 0
9800 1
9801 1
9802 0
9803 2
9804 0
9805 1
9806 2
9807 1
9808 0
9809 0
9810 0
9811 0
9812 2
9813 1
9814 1
9815 1
9816 0
9817 0
9818 0
9819 2
9820 0
9821 0
9822 0
9823 2
9824 1
9825 1
9826 0
9827 0
9828 1
9829 1
9830 1
9831 1
9832 1
9833 1
9834 0
9835 0
9836 0
9837 0
9838 0
9839 0
9840 0
9841 0
9842 1
9843 0
9844 2
9845 0
9846 1
9847 0
9848 2
9849 0
9850 0
9851 1
9852 0
9853 1
9854 0
9855 0
9856 0
9857 1
9858 0
9859 0
9860 2
9861 1
9862 0
9863 0
9864 0
9865 1
9866 3
9867 1
9868 0
9869 1
9870 0
9871 1
9872 0
9873 0
9874 0
9875 0
9876 1
9877 3
9878 1
9879 2
9880 0
9881 0
9882 1
9883 1
9884 0
9885 1
9886 2
9887 0
9888 0
9889 0
9890 1
9891 0
9892 0
9893 0
9894 0
9895 0
9896 1
9897 0
9898 2
9899 1
9900 0
9901 0
9902 1
9903 0
9904 0
9905 0
9906 4
9907 0
9908 0
9909 1
9910 0
9911 0
9912 0
9913 1
9914 1
9915 0
9916 0
9917 1
9918 1
9919 1
9920 0
9921 0
9922 3
9923 0
9924 2
9925 0
9926 1
9927 0
9928 1
9929 0
9930 0
9931 0
9932 1
9933 0
9934 0
9935 0
9936 0
9937 0
9938 0
9939 1
9940 0
9941 1
9942 0
9943 0
9944 0
9945 0
9946 0
9947 0
9948 1
9949 1
9950 0
9951 1
9952 0
9953 0
9954 1
9955 0
9956 0
9957 1
9958 0
9959 2
9960 0
9961 0
9962 0
9963 1
9964 0
9965 1
9966 0
9967 1
9968 0
9969 0
9970 0
9971 0
9972 0
9973 0
9974 0
9975 2
9976 1
9977 1
9978 0
9979 0
9980 0
9981 0
9982 0
9983 0
9984 0
9985 0
9986 1
9987 0
9988 1
9989 0
9990 0
9991 0
9992 0
9993 0
9994 1
9995 2
9996 1
9997 0
9998 0
9999 1
10000 1
10001 5129
