Sample	Merged.Kept	Merged.Lost	Paired.Kept	Paired.Lost
LAN131	4422424	16681	3047517	1238473
LAN098	1584095	5056	824078	402204
THU168	3700301	14936	3033935	1100860
LAN132	3475168	13303	3182016	1101192
LAN119	5186650	16091	2944927	1041608
LAN099	4826534	17665	3342913	1335331
THU182	3971971	13173	2490299	864085
LAN133	4022051	12307	2190948	803319
THU183	4502463	16937	3366287	1282600
LAN134	5581687	19420	3544795	1502012
LAN135	6948351	21000	3869965	1762824
THU185	5747695	20225	3977930	1561959
THU187	5430371	17225	2897792	1365875
SUO001	5891393	22820	4122725	1673819
SUO002	3539400	12025	2003174	869905
BRZ001	4597312	17188	3188627	1264955
SUO003	4533663	15427	2690864	1127691
SUO004	6785453	26009	4647329	1863750
THU010	2778413	10354	1654139	722462
SUO005	4583405	20164	4046934	1412521
BRZ004	6175590	27073	5744635	1968294
THU011	5400405	20410	3989447	1513611
SUO006	1719247	6243	777704	406753
BRZ005	5614133	19661	3980876	1504816
SUO020	5655788	24057	4315259	1617827
BRZ006	7400074	26569	4982381	2031303
BRZ020	5504359	19684	3014487	1358533
THU014	3699710	15163	2906771	1065970
SUO022	2645208	9948	1661031	710408
SUO009	5293786	19789	3474757	1404155
BRZ021	3553773	12932	1934373	908830
BRZ008	6172793	23545	4357861	1722572
SUO023	3826143	14727	2647014	1060678
BIE030	2586638	8671	1405517	669689
BRZ025	2876334	10508	1747129	769458
THU019	4998043	22187	4070967	1500387
SUO027	4094110	17674	3244242	1185812
BRZ026	3152648	13746	2350072	905021
WAL003	6603978	27697	6006168	2032131
BRZ040	2151587	8704	1102912	512186
BRZ027	3465665	10682	1838950	877312
WAL004	7797840	29087	6075245	2199730
BRZ028	4607722	19055	3254689	1268354
BRZ041	3126266	11695	1767725	814538
SUO043	7009445	24707	4556531	1837705
BIE050	4422135	16797	3258769	1257785
WAL006	9397745	35580	8211215	2846016
WAL007	4525255	21236	4447835	1468306
BRZ044	2533934	9743	1710736	718056
WAL021	1890899	6455	1628836	375000
THU038	9125661	37277	6965758	2648501
BRZ045	1156301	3908	468805	209672
WAL022	5282019	19335	3959425	1555940
WAL009	6416383	28134	5473169	1961587
THU039	5452960	22792	3988807	1559624
SUO060	3251793	12830	1760089	837717
SUO047	3610602	17110	3305365	1064935
BRZ046	4189059	15874	2606558	1114527
SUO061	3120512	10397	1698219	802289
SUO048	4982000	18099	3034307	1355427
BRZ047	3094630	11979	1877288	833289
WAL024	4963179	20777	4588745	1473783
SUO049	4191999	15111	2512293	1117070
LAN005	4627666	19585	3305502	1296362
THU056	4195438	17234	3347592	1254461
WAL040	6254014	21000	4396859	1694203
WAL041	5828148	20529	3970336	1556492
LAN022	4430278	17595	3202291	1239689
WAL042	2569995	11813	2776450	876748
SUO100	5746452	19423	3538352	1467898
SUO080	5054724	18017	2477500	1218012
BRZ066	1343662	5930	655728	323883
THU073	3344518	10310	2731648	640104
SUO101	5197648	21301	4574572	1614346
SUO081	3296073	10563	1266092	769029
SUO102	6343853	23320	4363219	1696074
SUO082	4075426	14857	1645048	962292
BRZ068	3514614	13347	2114348	917562
WAL045	6197306	28639	7280868	2189648
SUO083	935162	3982	303333	203144
SUO104	5000651	18768	4053308	1522514
SUO084	4689791	14877	2102406	1095728
LAN040	8189146	31463	5960587	2272441
BRZ083	6372800	23683	4222093	1677779
THU110	1484650	6197	1085332	418370
THU077	4597030	14076	2594978	1219396
SUO105	5004625	16145	3175618	1364262
LAN041	6112184	24168	4025309	1667818
BIE092	5982424	24956	3369561	1584718
THU111	3696063	16896	3688584	1208711
THU091	3547173	15315	2299545	980475
LAN042	7795234	26203	3948292	1944242
LAN029	608718	2107	254831	161827
THU079	4371019	17919	3057648	1158411
SUO120	3647866	13666	2686218	1042192
SUO087	5328545	21252	3957326	1514866
LAN043	6716532	24531	4744661	1920151
THU113	2894975	13222	1660795	760950
SUO108	1739733	10609	3289071	808815
SUO088	5131066	17121	3562682	1419350
LAN044	1968336	6796	792375	458492
BRZ107	4329124	24142	2766838	1154699
THU114	5276120	18192	3096564	1439279
SUO122	2850156	11236	2003101	803383
LAN045	1565905	7817	1079570	432551
BRZ108	635983	3296	478520	182100
SUO124	5665186	18970	3262888	1479594
LAN060	5182825	19677	3433853	1426070
LAN047	1767154	7670	1189092	490086
THU097	4993344	20192	3493369	1436340
SUO125	4794455	17339	3065262	1307297
LAN061	4010934	14803	2534720	830696
LAN048	1683426	5317	949952	280139
THU118	2859438	10366	1548687	751275
SUO126	5369073	18697	3398806	1426740
LAN062	2344505	7188	896941	415090
LAN049	3673318	9925	1427328	834956
THU119	2263861	9053	1800292	669344
THU099	4527522	17790	2856514	1195044
SUO127	6428737	21190	3956573	1695917
LAN063	3601691	12507	1759848	875866
LAN064	3274117	10158	1325472	765490
WAL084	4093235	15669	3984310	1273973
LAN065	4946346	17094	2469111	1250241
WAL086	4664161	19042	3734262	1359738
LAN067	6332221	21269	2977723	1585968
WAL088	5472924	20870	4362029	1594329
LAN102	3425240	11215	2568039	958523
LAN103	4489949	17609	3687623	1297337
LAN087	5043447	20021	3417616	1431536
LAN088	5042451	17942	3039390	1291273
LAN089	6694371	19410	3006809	1583365
THU173	404443	2646	1757668	343628
THU190	3259789	12604	2370153	942968
THU177	5075083	19191	4245362	1565520
THU179	3561691	12243	2358463	986117
BIE002	2739801	10711	1767853	742367
THU001	1080361	4170	486725	263771
THU002	3792864	13320	2560335	1018588
BIE004	2372647	8622	1337432	601868
THU197	3236750	13056	2357702	917723
SUO011	6306760	24069	4992215	1809015
BIE005	1363307	4661	586479	324254
THU198	2651496	10215	1638700	725222
THU004	2317949	7811	1244569	572844
SUO012	3121573	12131	2031605	886172
BIE006	793445	2764	357696	194263
BRZ011	4103650	16960	3034271	1197649
THU199	1370889	6643	684114	357274
THU005	3813340	14749	2420731	1018298
BIE007	2020320	7915	1133795	527461
BRZ013	3683104	13610	2791299	1047968
BIE008	1124283	3912	446454	265084
THU007	4903943	20219	3805935	1450160
BRZ014	1545598	5286	850647	410062
SUO016	9192217	32647	6029301	2458021
BRZ015	2694186	11237	1754275	735899
SUO030	6404076	27502	6073869	2061583
SUO031	1621323	4989	835136	264583
SUO019	7655932	28638	6365788	2224259
BRZ031	2355783	6630	1208772	379461
BRZ019	1859025	7590	1117921	497348
SUO034	5937124	18891	3208277	1485493
BIE028	5103118	17666	3287621	1387237
BRZ033	1449492	4612	788330	244117
WAL010	7226632	30693	5807921	2109509
THU027	3320386	13719	2553098	963821
BRZ034	1874478	5514	1038159	304237
BIE044	2769602	9607	2293265	530964
BIE045	1169601	3557	476996	179386
WAL014	4941690	17516	3953527	1456166
BRZ052	5497080	21049	3488195	1488825
BRZ039	3274470	12334	1882358	793689
ZUR011	7228739	21152	3640681	1796576
WAL016	8404235	33651	6260124	2387746
BIE048	4900525	19651	3222838	1285985
WAL030	3466774	10622	1768783	666387
THU060	4222121	18596	3878583	1316309
BRZ054	4938181	17503	2878314	1303654
BIE049	2297464	9375	1481785	649216
WAL031	6219017	24238	4860317	1782197
THU061	3793408	22040	5915638	1586039
SUO056	5655180	20878	4055890	1224113
WAL033	6634009	24376	4301524	1854216
SUO058	3588495	11300	1885466	678145
BRZ070	4448409	16844	2494423	1170027
BRZ057	5928655	24181	4050174	1701645
SUO059	6449506	23173	4542321	1805223
BRZ071	2560480	10392	1390113	669283
ZUR018	5121706	18152	3382610	1400359
WAL036	5296865	24463	4966857	1734746
THU066	800866	3837	509022	217024
LAN017	6743939	22616	4823932	1809448
THU080	4390251	18809	3244943	1195935
THU067	5451818	19499	3865860	982968
LAN018	4979218	17698	3447605	1333723
THU081	3891396	14992	2750806	1095472
SUO076	5783528	19027	2614302	1429542
LAN019	7822933	31602	5236345	2151511
THU082	5606781	19043	3513002	1146273
SUO090	5413507	22614	4965584	1626744
SUO077	4777809	16212	2495061	1147037
LAN033	3092522	11889	1641368	776169
THU083	3832437	14422	2518255	811368
SUO111	527062	3310	1800092	363769
BRZ110	1368780	6333	721144	341316
THU104	4738047	18642	3550785	1342956
THU084	4464919	18848	3517329	1291096
SUO112	5572160	18512	3323155	1501034
SUO092	4993849	17620	3157343	1350315
BRZ111	1386620	5337	605887	337876
THU106	6030702	24125	4493644	1758404
THU086	4107748	16608	3310086	1200754
SUO114	5252230	20235	4202198	1601938
SUO094	7533619	23836	4493005	2056180
LAN050	6182181	18647	3078191	1588211
THU120	3364520	11852	2735518	964072
THU107	5156545	17497	3633231	1453523
THU087	4856277	20056	3353288	1365945
SUO115	6693509	24191	4673750	1914091
SUO095	106970	379	34267	25495
LAN038	4544409	18257	3098365	1279234
BRZ114	3370702	12579	1978386	901077
THU108	6373292	24514	4178959	1725743
SUO116	4971866	19111	3793341	1424411
LAN052	2315533	11115	1474182	602720
LAN039	6760824	27909	4879728	1940283
BRZ115	1642175	7326	1000989	449057
THU109	4758245	21032	4519919	1502939
SUO117	3439100	13120	2281116	945254
SUO097	2866859	8757	1917797	509370
SUO118	4340877	15527	3133103	1230641
THU124	1982367	7854	1481001	555907
SUO119	5728730	22142	4093338	1635988
SUO099	4123152	14479	3473248	1208886
BRZ099	4031586	15389	3243186	1150375
THU127	3609160	15351	3178720	1112875
LAN071	4978718	19797	3870602	1467166
WAL078	6813035	23834	4580934	1906023
THU128	4874305	19891	4253429	1495232
LAN072	3909514	13747	2535442	1032390
LAN059	5705753	20413	3649777	1578856
WAL079	4189212	16278	3366803	1242541
THU143	2493122	9474	1606388	685337
LAN074	5643590	19969	3608566	1548199
LAN090	4842692	20748	4488715	1522414
LAN111	3202227	13618	2904031	993212
LAN092	4632194	18033	3301804	1305477
LAN113	3149193	11985	2381785	898245
LAN093	3954769	19045	4866250	1436684
LAN114	4790915	16300	3264862	1326057
THU164	5011197	18973	3941319	1478487
LAN115	6328458	23514	4639488	1812448
LAN095	6157373	28701	5489270	1928667
THU165	2875287	14303	3527566	1036692
LAN130	3611921	12170	2199564	976619
LAN117	1163268	6074	1586349	438465
LAN097	5967357	17996	2958927	1521810
175600	5805631	20834	4453450	1635717
175601	3024188	9394	2266766	568550
175602	2520620	8381	2029968	493994
175603	4713409	16038	3621988	893760
175604	5952602	21630	4246694	1626044
175605	5470435	20773	4314882	1550297
175606	7708167	27067	5383416	2012928
175607	4768840	16080	3325480	1347299
175608	4552906	16302	3149090	1292389
175609	5530694	19914	3994436	1585014
175610	7252209	21623	4461801	1478066
175611	5961520	19899	4107754	1286773
175612	6467330	19715	4163161	1337004
175613	6535588	21925	4269545	1751322
175614	6244427	21990	4423728	1741815
175615	6795684	23757	4667691	1892693
175616	7127045	24869	4860901	2003913
175617	6238366	22924	4543362	1824367
175618	8200690	25632	5147760	2207247
175619	7139819	23598	4953372	2041406
175620	6646178	19828	3719974	1692912
175621	5668696	21486	4954316	1720528
