       clusters_total  hidepth_min clusters_hidepth avg_depth_total avg_depth_mj avg_depth_stat sd_depth_total sd_depth_mj sd_depth_stat
175600         278992          6.0            78743           39.12       134.81         134.81         188.52      336.40        336.40
175601         250927          6.0            74405           21.35        68.54          68.54         105.59      185.55        185.55
175602         138405          6.0            74165           33.72        61.64          61.64         118.68      156.87        156.87
175603         222275          6.0            76618           38.24       108.14         108.14         152.23      244.48        244.48
175604         208382          6.0            78735           52.35       136.10         136.10         229.90      358.62        358.62
175605         160833          6.0            77361           65.29       134.10         134.10         239.11      331.27        331.27
175606         268250          6.0            81789           51.95       166.92         166.92         243.56      418.98        418.98
175607         173323          6.0            76708           50.41       111.97         111.97         202.42      292.88        292.88
175608         235255          6.0            77173           34.89       103.36         103.36         163.61      273.17        273.17
175609         212698          6.0            78884           48.11       127.13         127.13         212.02      333.58        333.58
175610         226590          6.0            78938           54.13       152.65         152.65         267.30      436.11        436.11
175611         239676          6.0            78802           43.65       129.75         129.75         204.34      340.51        340.51
175612         253860          6.0            79703           43.39       134.95         134.95         232.78      400.45        400.45
175613         352491          6.0            82255           32.76       135.20         135.20         191.09      377.87        377.87
175614         229110          6.0            79888           49.80       140.01         140.01         241.59      393.56        393.56
175615         221403          6.0            80264           55.78       151.19         151.19         239.76      379.86        379.86
175616         308044          6.0            82180           41.56       151.47         151.47         231.06      428.55        428.55
175617         229658          6.0            79971           50.47       142.10         142.10         215.97      347.95        347.95
175618         308482          6.0            84774           46.59       165.40         165.40         255.95      467.88        467.88
175619         251220          6.0            81172           51.99       157.75         157.75         240.72      403.50        403.50
175620         233153          6.0            78636           48.04       139.55         139.55         214.36      351.57        351.57
175621         197193          6.0            81624           57.89       137.76         137.76         234.02      348.46        348.46
BIE002         236316          6.0            69412           19.71        63.51          63.51          80.93      139.92        139.92
BIE004         260244          6.0            63714           14.23        53.51          53.51          65.06      123.47        123.47
BIE005         133621          6.0            49413           15.36        38.82          38.82          61.49       96.69         96.69
BIE006         131722          6.0            41097            8.99        25.32          25.32          30.19       50.32         50.32
BIE007         139534          6.0            57935           24.13        55.91          55.91          72.83      105.10        105.10
BIE008         116935          6.0            44845           14.26        34.56          34.56          46.15       69.88         69.88
BIE028         180227          6.0            78340           49.99       113.02         113.02         203.99      297.82        297.82
BIE030         191191          6.0            66245           22.12        61.02          61.02          91.21      147.29        147.29
BIE044         184897          6.0            74316           27.55        66.42          66.42          92.10      136.30        136.30
BIE045         178870          6.0            48721            9.00        29.01          29.01          39.83       72.60         72.60
BIE048         199440          6.0            77829           43.74       109.73         109.73         167.61      254.66        254.66
BIE049         124168          6.0            64829           33.06        61.83          61.83          88.18      114.72        114.72
BIE050         187339          6.0            75974           44.18       106.76         106.76         165.16      246.32        246.32
BIE092         223682          6.0            81530           45.50       122.25         122.25         224.41      359.02        359.02
BRZ001         281910          6.0            79074           29.52       101.12         101.12         145.39      261.21        261.21
BRZ004         261711          6.0            82812           48.14       148.82         148.82         254.15      435.09        435.09
BRZ005         253623          6.0            80694           40.23       123.13         123.13         189.15      319.95        319.95
BRZ006         390221          6.0            89976           33.79       140.83         140.83         198.01      393.89        393.89
BRZ008         308776          6.0            83453           36.32       130.17         130.17         194.95      358.53        358.53
BRZ011         218036          6.0            75991           35.09        97.86          97.86         141.74      227.14        227.14
BRZ013         195219          6.0            74655           35.35        90.02          90.02         140.28      215.92        215.92
BRZ014         123489          6.0            54058           20.87        45.51          45.51          85.46      124.90        124.90
BRZ015         252458          6.0            66275           18.64        66.61          66.61          78.92      143.53        143.53
BRZ019         201447          6.0            58202           15.71        50.59          50.59          59.00      101.66        101.66
BRZ020         430536          6.0            87515           20.88        95.69          95.69         134.72      286.82        286.82
BRZ021         281407          6.0            68193           20.67        80.42          80.42         103.52      198.77        198.77
BRZ025         216668          6.0            68665           22.78        68.63          68.63          96.01      161.27        161.27
BRZ026         293285          6.0            75317           19.93        73.00          73.00          92.44      171.70        171.70
BRZ027         295456          6.0            71348           19.17        74.39          74.39         108.80      212.12        212.12
BRZ028         358347          6.0            79815           22.91        97.06          97.06         119.53      238.90        238.90
BRZ031         267335          6.0            66510           13.44        49.36          49.36          76.57      147.79        147.79
BRZ033         198846          6.0            60263           11.27        33.68          33.68          55.57       97.30         97.30
BRZ034         224980          6.0            66640           13.19        40.96          40.96          63.18      111.26        111.26
BRZ039         222333          6.0            70868           24.77        74.38          74.38         110.41      186.10        186.10
BRZ040         186350          6.0            61590           18.54        52.93          52.93          78.73      130.32        130.32
BRZ041         210567          6.0            69741           24.97        72.30          72.30         118.97      198.46        198.46
BRZ044         256127          6.0            67740           17.25        61.02          61.02          74.89      136.37        136.37
BRZ045         194568          6.0            45002            8.18        30.31          30.31          35.66       69.71         69.71
BRZ046         413103          6.0            81487           16.14        74.58          74.58          98.17      211.17        211.17
BRZ047         498867          6.0            81534            8.39        41.86          41.86          47.38      111.31        111.31
BRZ052         384522          6.0            83946           24.25       104.72         104.72         155.92      321.05        321.05
BRZ054         479133          6.0            87578           16.39        81.63          81.63         101.92      227.20        227.20
BRZ057         487181          6.0            99288           21.00        95.48          95.48         122.85      259.00        259.00
BRZ066         453754          6.0            22025            2.16        11.45          11.45           7.06       30.25         30.25
BRZ068         291083          6.0            72137           20.32        77.25          77.25          98.56      186.78        186.78
BRZ070         418556          6.0            79144           17.10        83.01          83.01         102.44      223.91        223.91
BRZ071         408307          6.0            67527            8.82        44.89          44.89          46.28      106.72        106.72
BRZ083         279541          6.0            78319           40.41       140.21         140.21         209.03      376.99        376.99
BRZ099         222436          6.0            74307           34.69       100.88         100.88         150.33      247.12        247.12
BRZ107         512938          6.0           102137           12.66        55.55          55.55          77.10      165.97        165.97
BRZ108         191773          6.0            41714            5.14        17.98          17.98          18.98       37.96         37.96
BRZ110         339418          6.0            47361            4.85        24.65          24.65          20.16       49.52         49.52
BRZ111         443184          6.0            36189            2.77        14.43          14.43          11.07       36.60         36.60
BRZ114         486909          6.0            84195           10.18        50.05          50.05          75.05      175.06        175.06
BRZ115         333531          6.0            61071            7.51        33.94          33.94          36.10       79.11         79.11
LAN005         284121          6.0            78572           28.70        99.82          99.82         146.19      265.13        265.13
LAN017         264805          6.0            84537           45.91       140.46         140.46         224.09      379.69        379.69
LAN018         238542          6.0            79117           36.84       108.01         108.01         191.95      321.74        321.74
LAN019         419121          6.0            91925           32.28       141.20         141.20         226.07      466.72        466.72
LAN022         253878          6.0            76148           31.15       100.30         100.30         142.00      245.75        245.75
LAN029         103291          6.0            35639            8.78        22.27          22.27          32.50       52.73         52.73
LAN033         197678          6.0            62893           24.96        75.16          75.16         106.84      179.39        179.39
LAN038         238256          6.0            77548           33.75       100.44         100.44         150.97      251.84        251.84
LAN039         284724          6.0            80962           42.68       146.05         146.05         234.62      422.68        422.68
LAN040         423562          6.0            91166           34.06       152.26         152.26         243.61      507.86        507.86
LAN041         357266          6.0            83858           28.95       118.18         118.18         156.72      306.97        306.97
LAN042         284787          6.0            76066           43.34       157.92         157.92         239.72      444.12        444.12
LAN043         252256          6.0            83994           48.20       141.65         141.65         226.21      374.95        374.95
LAN044         141743          6.0            53733           20.62        51.76          51.76          95.24      149.55        149.55
LAN045         128850          6.0            57846           21.18        45.17          45.17          64.04       89.95         89.95
LAN047         165736          6.0            59517           18.34        48.28          48.28          69.05      108.97        108.97
LAN048         143113          6.0            65606           18.65        38.72          38.72          82.09      118.14        118.14
LAN049         147213          6.0            63182           37.14        84.41          84.41         179.29      266.42        266.42
LAN050         211780          6.0            76174           47.07       128.04         128.04         246.98      399.18        399.18
LAN052         287518          6.0            67189           12.73        49.56          49.56          57.31      110.82        110.82
LAN059         184789          6.0            79501           54.62       124.92         124.92         219.41      321.28        321.28
LAN060         220392          6.0            79079           41.68       113.45         113.45         181.71      289.81        289.81
LAN061         261764          6.0            75377           25.40        84.47          84.47         136.43      244.42        244.42
LAN062         118055          6.0            56229           28.58        58.13          58.13         117.42      165.17        165.17
LAN063         132545          6.0            65798           43.35        85.61          85.61         169.19      232.63        232.63
LAN064         129655          6.0            61388           38.18        78.80          78.80         153.67      216.20        216.20
LAN065         138840          6.0            69394           57.37       113.19         113.19         230.45      316.27        316.27
LAN067         189062          6.0            73204           53.03       134.51         134.51         267.61      417.28        417.28
LAN071         232444          6.0            76011           40.29       120.18         120.18         151.85      247.04        247.04
LAN072         210052          6.0            73291           32.58        90.61          90.61         146.31      237.02        237.02
LAN074         308895          6.0            79302           31.59       118.52         118.52         164.50      308.59        308.59
LAN087         213812          6.0            76016           42.31       116.34         116.34         157.25      247.08        247.08
LAN088         218869          6.0            75067           39.12       111.15         111.15         175.72      286.59        286.59
LAN089         245962          6.0            77084           42.44       132.06         132.06         251.73      436.46        436.46
LAN090         163191          6.0            79990           60.94       122.76         122.76         272.78      379.88        379.88
LAN092         232924          6.0            76682           35.97       106.22         106.22         162.18      269.33        269.33
LAN093         218614          6.0            79393           42.22       113.67         113.67         243.10      393.33        393.33
LAN095         249067          6.0            79659           49.07       150.19         150.19         239.19      404.78        404.78
LAN097         329651          6.0            78925           28.74       114.75         114.75         178.22      350.62        350.62
LAN098         138018          6.0            57610           18.62        42.36          42.36          72.91      108.48        108.48
LAN099         196873          6.0            75946           43.75       111.02         111.02         223.71      349.80        349.80
LAN102         204240          6.0            74563           30.80        81.77          81.77         170.77      275.30        275.30
LAN103         251048          6.0            76698           33.95       107.71         107.71         192.21      336.30        336.30
LAN111         232754          6.0            75906           27.16        80.23          80.23         157.91      268.84        268.84
LAN113         245539          6.0            74972           21.78        67.82          67.82         119.24      208.59        208.59
LAN114         281394          6.0            79269           30.02       102.64         102.64         182.20      332.42        332.42
LAN115         233690          6.0            81766           49.80       139.52         139.52         264.38      432.89        432.89
LAN117         121718          6.0            68965           23.48        40.22          40.22         100.56      131.15        131.15
LAN119         360181          6.0            80944           22.81        95.70          95.70         148.88      302.95        302.95
LAN130         279881          6.0            72492           21.75        79.64          79.64         127.40      241.12        241.12
LAN131         205812          6.0            76314           38.53       101.34         101.34         177.29      280.17        280.17
LAN132         185021          6.0            76128           37.83        89.82          89.82         195.44      297.04        297.04
LAN133         381950          6.0            76898           15.95        72.89          72.89         103.56      221.82        221.82
LAN134         161045          6.0            76911           60.96       125.94         125.94         256.45      360.03        360.03
LAN135         231699          6.0            80233           49.97       141.41         141.41         262.72      431.90        431.90
SUO001         210792          6.0            79011           49.94       130.64         130.64         254.68      403.27        403.27
SUO002         331944          6.0            70589           16.80        72.92          72.92          87.90      179.80        179.80
SUO003         229584          6.0            73293           32.93        99.92          99.92         139.92      233.94        233.94
SUO004         358372          6.0            85534           33.43       134.90         134.90         195.63      383.17        383.17
SUO005         227244          6.0            77569           39.89       114.00         114.00         181.78      297.42        297.42
SUO006         129437          6.0            52096           20.15        47.61          47.61          73.31      109.96        109.96
SUO009         231664          6.0            76890           39.98       117.35         117.35         170.40      280.21        280.21
SUO011         261854          6.0            81203           45.51       143.32         143.32         247.33      428.25        428.25
SUO012         156331          6.0            67597           35.08        79.09          79.09         133.88      195.04        195.04
SUO016         291354          6.0            86059           55.63       184.48         184.48         310.85      550.97        550.97
SUO019         282761          6.0            84589           52.19       170.81         170.81         292.79      516.23        516.23
SUO020         221035          6.0            77119           47.49       133.36         133.36         194.06      310.82        310.82
SUO022         565344          6.0            76150            5.86        32.47          32.47          39.46      103.62        103.62
SUO023         229423          6.0            75216           29.71        87.58          87.58         159.83      270.06        270.06
SUO027         281989          6.0            74980           26.60        95.98          95.98         152.77      284.98        284.98
SUO030         283785          6.0            81082           46.16       157.59         157.59         266.53      480.87        480.87
SUO031         165520          6.0            61091           14.89        37.64          37.64          70.32      112.15        112.15
SUO034         196159          6.0            74465           49.86       128.82         128.82         232.61      363.98        363.98
SUO043         209318          6.0            78483           58.78       154.16         154.16         292.65      462.46        462.46
SUO047         158195          6.0            75931           45.79        93.75          93.75         197.57      277.30        277.30
SUO048         167473          6.0            75483           51.45       112.22         112.22         195.56      279.52        279.52
SUO049         155359          6.0            72155           46.46        98.25          98.25         189.40      268.76        268.76
SUO056         180801          6.0            78680           55.44       125.43         125.43         259.02      381.45        381.45
SUO058         139595          6.0            68115           40.46        81.22          81.22         164.95      229.17        229.17
SUO059         238375          6.0            79015           49.24       145.41         145.41         260.46      436.83        436.83
SUO060         155914          6.0            65487           34.00        78.74          78.74         120.21      175.93        175.93
SUO061         146963          6.0            65145           34.90        76.73          76.73         130.37      187.61        187.61
SUO076         196657          6.0            70001           45.68       125.44         125.44         207.75      333.72        333.72
SUO077         223864          6.0            72237           34.26       102.92         102.92         150.24      250.98        250.98
SUO080         164749          6.0            70169           48.70       112.18         112.18         198.94      293.09        293.09
SUO081         149462          6.0            59645           32.60        79.27          79.27         148.82      227.74        227.74
SUO082         199609          6.0            65404           30.58        90.16          90.16         159.80      269.54        269.54
SUO083          89975          6.0            39497           14.66        31.12          31.12          52.58       76.25         76.25
SUO084         176602          6.0            66115           40.96       106.81         106.81         183.41      287.96        287.96
SUO087         167467          6.0            77743           59.03       125.34         125.34         225.71      318.63        318.63
SUO088         166715          6.0            75293           55.52       121.08         121.08         218.92      313.49        313.49
SUO090         179956          6.0            78299           60.79       137.75         137.75         320.69      475.26        475.26
SUO092         306871          6.0            77267           27.75       105.59         105.59         162.91      311.94        311.94
SUO094         255097          6.0            80008           50.86       158.70         158.70         288.37      498.19        498.19
SUO095          44971          6.0             7727            3.40         9.92           9.92           9.69       22.06         22.06
SUO097         182016          6.0            71477           26.84        66.10          66.10         125.79      194.30        194.30
SUO099         162788          6.0            75633           49.58       104.99         104.99         217.33      309.71        309.71
SUO100         258324          6.0            77144           38.15       124.12         124.12         205.86      362.45        362.45
SUO101         289841          6.0            79527           35.48       125.32         125.32         177.63      322.29        322.29
SUO102         253302          6.0            78757           44.80       140.69         140.69         254.41      441.38        441.38
SUO104         228848          6.0            78109           42.23       120.83         120.83         219.60      363.18        363.18
SUO105         230541          6.0            76000           37.98       112.14         112.14         196.52      330.07        330.07
SUO108         153537          6.0            73863           33.98        69.06          69.06         251.05      358.66        358.66
SUO111         113902          6.0            71469           20.91        32.40          32.40         190.53      239.79        239.79
SUO112         197991          6.0            75863           47.68       121.85         121.85         233.91      365.90        365.90
SUO114         225886          6.0            78711           44.57       125.14         125.14         207.00      336.16        336.16
SUO115         184046          6.0            79837           66.31       150.87         150.87         276.48      404.46        404.46
SUO116         290384          6.0            80099           31.37       109.70         109.70         193.84      357.41        357.41
SUO117         304485          6.0            74309           19.31        74.34          74.34         116.91      228.03        228.03
SUO118         208720          6.0            75645           38.08       102.44         102.44         223.91      363.10        363.10
SUO119         315097          6.0            81341           32.62       121.78         121.78         171.84      321.98        321.98
SUO120         179146          6.0            73904           37.64        89.10          89.10         171.83      258.96        258.96
SUO122         169977          6.0            70187           30.18        70.93          70.93         125.18      187.40        187.40
SUO124         170559          6.0            75019           56.32       126.07         126.07         228.52      331.73        331.73
SUO125         257887          6.0            75104           32.55       108.06         108.06         179.45      320.20        320.20
SUO126         320701          6.0            77232           28.64       114.06         114.06         167.32      326.55        326.55
SUO127         244085          6.0            77560           45.49       139.93         139.93         216.52      366.69        366.69
THU001         160771          6.0            45135            9.75        30.82          30.82          35.68       62.56         62.56
THU002         170634          6.0            72222           39.78        91.85          91.85         132.42      191.64        191.64
THU004         243644          6.0            62267           14.74        53.30          53.30          65.18      120.94        120.94
THU005         200233          6.0            73433           33.10        87.65          87.65         134.60      211.42        211.42
THU007         373771          6.0            82370           23.89       102.86         102.86         132.34      267.34        267.34
THU010         300020          6.0            66337           14.86        61.85          61.85          74.23      148.59        148.59
THU011         212740          6.0            78581           47.02       124.76         124.76         189.28      295.66        295.66
THU014         238312          6.0            76736           29.10        87.24          87.24         128.04      214.31        214.31
THU019         270128          6.0            78652           35.29       117.55         117.55         170.61      300.71        300.71
THU027         420206          6.0            78138           13.42        64.67          64.67          69.80      151.55        151.55
THU038         380219          6.0            89725           44.36       182.81         182.81         241.36      470.92        470.92
THU039         396885          6.0            82077           24.69       113.16         113.16         112.95      227.64        227.64
THU056         320903          6.0            78681           24.24        94.18          94.18         129.68      249.20        249.20
THU060         354975          6.0            82387           23.37        95.57          95.57         130.90      258.92        258.92
THU061         210295          6.0            78747           47.98       125.71         125.71         186.19      287.95        287.95
THU066         298035          6.0            20917            2.27        12.10          12.10           7.12       24.64         24.64
THU067         417701          6.0            85776           21.86       100.15         100.15         114.29      236.42        236.42
THU073         248793          6.0            78953           24.57        74.33          74.33         117.53      199.74        199.74
THU077         332153          6.0            78390           23.14        92.75          92.75         140.12      277.21        277.21
THU079         301118          6.0            79102           25.82        93.81          93.81         119.41      219.10        219.10
THU080         256466          6.0            78796           31.51        99.05          99.05         154.46      266.59        266.59
THU081         292845          6.0            76687           23.95        87.07          87.07         117.04      216.59        216.59
THU082         326671          6.0            80993           28.63       110.72         110.72         157.41      301.62        301.62
THU083         434806          6.0            82664           14.01        66.39          66.39          82.67      180.44        180.44
THU084         342043          6.0            79754           24.16        98.20          98.20         128.27      251.81        251.81
THU086         243038          6.0            76648           31.89        97.82          97.82         138.87      234.10        234.10
THU087         286819          6.0            76796           30.44       109.39         109.39         154.10      283.14        283.14
THU091         487805          6.0            83376           10.58        53.08          53.08          65.92      152.44        152.44
THU097         260131          6.0            76688           34.76       114.36         114.36         157.63      274.40        274.40
THU099         444319          6.0            84762           16.50        78.91          78.91          95.86      208.21        208.21
THU104         269296          6.0            76873           32.61       110.39         110.39         161.83      288.57        288.57
THU106         242222          6.0            78499           46.53       140.45         140.45         216.01      361.84        361.84
THU107         186930          6.0            76308           50.65       121.95         121.95         206.68      309.92        309.92
THU108         329977          6.0            80211           33.88       134.29         134.29         192.96      373.97        373.97
THU109         230691          6.0            76864           42.61       124.93         124.93         189.68      312.76        312.76
THU110         245487          6.0            64432           10.54        35.90          35.90          50.65       94.34         94.34
THU111         270616          6.0            77549           28.65        96.14          96.14         135.66      240.49        240.49
THU113         457932          6.0            75862            8.71        43.56          43.56          53.90      126.78        126.78
THU114         552047          6.0           106193           14.69        68.12          68.12         102.55      226.11        226.11
THU118         409365          6.0            72915           10.39        50.21          50.21          61.65      139.29        139.29
THU119         299813          6.0            71142           13.83        53.35          53.35          65.53      126.67        126.67
THU120         292759          6.0            76128           21.66        78.90          78.90         102.92      190.55        190.55
THU124         319430          6.0            68059           10.40        43.02          43.02          52.93      108.60        108.60
THU127         364239          6.0            79621           18.95        80.97          80.97         116.28      238.59        238.59
THU128         327589          6.0            81377           29.29       113.09         113.09         161.34      308.94        308.94
THU143         352533          6.0            70608           11.47        50.87          50.87          69.97      150.00        150.00
THU164         337174          6.0            83052           28.04       108.94         108.94         160.20      309.03        309.03
THU165         235983          6.0            76835           28.27        83.76          83.76         133.09      223.24        223.24
THU168         378027          6.0            80796           18.00        78.17          78.17         108.96      225.71        225.71
THU173         165120          6.0            69052           12.91        28.87          28.87         104.89      160.84        160.84
THU177         309120          6.0            81238           32.07       117.58         117.58         180.41      337.54        337.54
THU179         257464          6.0            74411           24.62        81.45          81.45         112.86      198.82        198.82
THU182         363031          6.0            77124           17.91        78.53          78.53          96.51      197.91        197.91
THU183         224521          6.0            77426           37.54       106.01         106.01         161.57      261.81        261.81
THU185         346621          6.0            82982           29.69       118.86         118.86         172.85      338.16        338.16
THU187         411128          6.0            83760           20.97        96.44          96.44         136.00      289.20        289.20
THU190         217571          6.0            74024           27.63        78.29          78.29         110.28      178.48        178.48
THU197         367602          6.0            77064           15.16        66.06          66.06          79.10      162.98        162.98
THU198         382750          6.0            72153           10.81        50.04          50.04          54.44      117.56        117.56
THU199         411102          6.0            39779            3.28        18.26          18.26          15.25       46.30         46.30
WAL003         227543          6.0            84162           58.54       155.68         155.68         227.53      353.55        353.55
WAL004         262985          6.0            87540           55.68       164.16         164.16         243.18      400.01        400.01
WAL006         328596          6.0            91425           56.38       198.50         198.50         290.67      525.06        525.06
WAL007         265129          6.0            80358           35.20       112.65         112.65         133.29      223.63        223.63
WAL009         277824          6.0            82796           45.12       147.82         147.82         184.11      314.19        314.19
WAL010         269697          6.0            87441           50.87       153.67         153.67         218.85      363.43        363.43
WAL014         211845          6.0            81658           44.60       113.33         113.33         178.14      273.20        273.20
WAL016         229103          6.0            82955           68.06       185.27         185.27         277.39      437.00        437.00
WAL021         164420          6.0            73085           21.66        46.89          46.89          79.79      114.78        114.78
WAL022         235472          6.0            78079           41.96       123.48         123.48         184.69      304.83        304.83
WAL024         199332          6.0            80121           50.72       123.98         123.98         169.44      249.90        249.90
WAL030         137568          6.0            67648           39.97        79.61          79.61         151.40      208.61        208.61
WAL031         201456          6.0            78751           58.66       147.70         147.70         237.58      362.45        362.45
WAL033         194177          6.0            78621           61.00       148.49         148.49         262.89      397.28        397.28
WAL036         239848          6.0            77702           45.51       137.41         137.41         169.26      275.57        275.57
WAL040         226262          6.0            77332           50.16       143.93         143.93         201.54      324.78        324.78
WAL041         250611          6.0            77359           41.44       130.90         130.90         193.76      331.72        331.72
WAL042         233540          6.0            74202           23.74        71.59          71.59          89.51      147.84        147.84
WAL045         207991          6.0            81358           68.59       173.02         173.02         236.12      353.01        353.01
WAL078         221081          6.0            83236           55.54       144.95         144.95         247.55      387.22        387.22
WAL079         181040          6.0            76633           44.56       103.26         103.26         146.78      211.94        211.94
WAL084         188539          6.0            77219           44.98       107.73         107.73         161.02      237.99        237.99
WAL086         199731          6.0            80161           44.38       108.31         108.31         168.80      253.30        253.30
WAL088         229071          6.0            81071           45.66       126.25         126.25         202.09      324.56        324.56
ZUR011         511925          6.0            95078           22.21       111.70         111.70         171.31      384.93        384.93
ZUR018         345325          6.0            79890           26.05       107.22         107.22         140.11      276.18        276.18