        reads_raw  trim_adapter_bp_read1  trim_adapter_bp_read2  trim_quality_bp_read1  trim_quality_bp_read2  reads_filtered_by_Ns  reads_filtered_by_minlen  reads_passed_filter
175600   11915632                 246140                 182295                6011675                4245021                 34658                      1627             11879347
175601    5868898                 124625                  94604                1881163                1568274                 10369                       547              5857982
175602    5052963                 105580                  84680                1625438                1335704                  8880                       384              5043699
175603    9245195                 191679                 138216                2900269                2330787                 16580                       669              9227946
175604   11846970                 246522                 188173                5775202                4191684                 35114                      1512             11810344
175605   11356387                 233039                 178832                5465527                4020690                 33781                      1453             11321153
175606   15131578                 319526                 239663                7173660                5217642                 44445                      1868             15085265
175607    9457699                 195202                 146459                4869929                3511839                 27660                      1317              9428722
175608    9010687                 186412                 143102                4723538                3418841                 26635                      1216              8982836
175609   11130058                 233003                 176985                5731241                4164520                 32782                      1584             11095692
175610   13213699                 276444                 206502                4959498                3740342                 32484                      1151             13180064
175611   11375946                 241308                 176489                4318860                3238274                 27921                       994             11347031
175612   11987210                 250246                 193115                4538551                3424836                 29327                      1233             11956650
175613   12578380                 263300                 202396                6336262                4570778                 36723                      1626             12540031
175614   12431960                 255578                 191176                6279810                4537378                 36156                      1629             12394175
175615   13379825                 275269                 213541                6806587                4850472                 39435                      1673             13338717
175616   14016728                 291535                 228475                7307612                5219600                 41233                      1933             13973562
175617   12629019                 258187                 189688                6656499                4667861                 37225                      1666             12590128
175618   15581329                 328236                 245883                8073589                5770252                 44877                      2107             15534345
175619   14158195                 297393                 220801                7421136                5323205                 42607                      1964             14113624
175620   12078892                 247567                 181368                6324741                4191169                 35865                      1482             12041545
175621   12365026                 249958                 189244                6319849                4451717                 36382                      1624             12327020
BIE002    5260732                 118743                  85849                2768681                1964991                 15522                       798              5244412
BIE004    4320569                 100984                  70524                2236084                1628248                 12901                       741              4306927
BIE005    2278701                  51896                  36538                1191611                 872637                  6588                       298              2271815
BIE006    1348168                  31359                  21301                 726739                 524418                  3940                       209              1344019
BIE007    3689491                  80872                  54713                1980279                1342280                 11238                       484              3677769
BIE008    1839733                  42306                  28572                 977680                 706087                  5421                       264              1834048
BIE028    9795642                 212686                 152036                5044774                3592587                 29564                      1307              9764771
BIE030    4670515                 101224                  71871                2466923                1833912                 13728                       690              4656097
BIE044    5603438                 123950                  85490                1719526                1440748                 10141                       488              5592809
BIE045    1829540                  39739                  27125                 616457                 504971                  3215                       162              1826163
BIE048    9428999                 200412                 140497                4573710                3206714                 27792                      1048              9400159
BIE049    4437840                  96131                  62152                2381222                1566202                 13430                       574              4423836
BIE050    8955486                 190088                 135652                4569850                3124512                 26471                      1087              8927928
BIE092   10961659                 231307                 170507                5869785                4114473                 32517                      1374             10927768
BRZ001    9068082                 200704                 140397                4658571                3298271                 26744                      1343              9039995
BRZ004   13915592                 301709                 214453                7271553                5135448                 42024                      2015             13871553
BRZ005   11119486                 251117                 172632                5537936                3793385                 33463                      1340             11084683
BRZ006   14440327                 329166                 229847                7545789                5501381                 42773                      2323             14395231
BRZ008   12276771                 275207                 197613                6336460                4739294                 36245                      1898             12238628
BRZ011    8352530                 185517                 123612                4424339                3075855                 25275                      1179              8326076
BRZ013    7535981                 164939                 113691                3937393                2688596                 22816                      1079              7512086
BRZ014    2811593                  56086                  40327                1519910                 956272                  8330                       326              2802937
BRZ015    5195597                 117742                  78488                2753606                1921577                 15717                       726              5179154
BRZ019    3481884                  78886                  52685                1855591                1324522                 10571                       514              3470799
BRZ020    9897063                 233558                 164264                4994762                3677462                 28976                      1410              9866677
BRZ021    6409908                 146453                  97661                3328612                2319907                 19477                       868              6389563
BRZ025    5403429                 119413                  83152                2779067                2004370                 16555                       772              5386102
BRZ026    6421487                 142943                  97312                3315156                2562510                 18949                      1003              6401535
BRZ027    6192609                 139390                 102582                3280485                2409291                 18772                       884              6172953
BRZ028    9149820                 206433                 132976                4646339                3397889                 26747                      1331              9121742
BRZ031    3950646                  90288                  64008                1265067                1059288                  7037                       380              3943229
BRZ033    2486551                  55486                  40709                 835329                 681392                  4532                       246              2481773
BRZ034    3222388                  71328                  51641                1014855                 838055                  5627                       265              3216496
BRZ039    5962851                 132912                  93617                2853889                1979548                 17495                       621              5944735
BRZ040    3775389                  83721                  58762                1856029                1303348                 10981                       484              3763924
BRZ041    5720224                 124924                  88038                2968684                2114537                 16647                       739              5702838
BRZ044    4972469                 111283                  75258                2686796                1773171                 15009                       645              4956815
BRZ045    1838686                  42388                  28192                 734376                 528521                  4399                       186              1834101
BRZ046    7926018                 178071                 123888                4082059                2868861                 23252                      1141              7901625
BRZ047    5817186                 137085                  91473                3095609                2276705                 17372                      1026              5798788
BRZ052   10495149                 232065                 159527                5473601                3899877                 30903                      1510             10462736
BRZ054    9137652                 204375                 143412                4858101                3412923                 27245                      1418              9108989
BRZ057   11704655                 264460                 169817                6270135                4464553                 35076                      1825             11667754
BRZ066    2329203                  55302                  43414                1257377                1018189                  6740                       508              2321955
BRZ068    6559871                 143504                  96881                3368070                2352841                 19205                       880              6539786
BRZ070    8129703                 178791                 118564                4332045                3000287                 24431                      1219              8104053
BRZ071    4630268                 104493                  71669                2544425                1733481                 13751                       762              4615755
BRZ083   12296355                 262680                 186263                6164583                4315091                 35633                      1459             12259263
BRZ099    8440536                 177355                 125593                4255808                2927387                 25008                      1074              8414454
BRZ107    8274803                 193719                 128113                4414374                3173278                 24151                      1267              8249385
BRZ108    1299899                  30903                  20268                 681484                 494871                  3905                       216              1295778
BRZ110    2437573                  57597                  38744                1305268                 960021                  7055                       401              2430117
BRZ111    2335720                  52625                  39319                1327429                1068050                  6764                       569              2328387
BRZ114    6262744                 147939                  98083                3371823                2533601                 18555                      1147              6243042
BRZ115    3099547                  72296                  48420                1687200                1228386                  9072                       542              3089933
LAN005    9249115                 206723                 137672                4830899                3489805                 27469                      1453              9220193
LAN017   13399935                 307242                 205297                6634608                4508682                 40151                      1736             13358048
LAN018    9778244                 220817                 142842                4893791                3381301                 29359                      1304              9747581
LAN019   15242391                 343668                 239689                7889979                6069170                 44598                      2416             15195377
LAN022    8889853                 202447                 129695                4614235                3265126                 25904                      1397              8862552
LAN029    1027483                  23467                  15007                 686375                 412062                  3009                       175              1024299
LAN033    5521948                 125281                  82829                2867897                2087838                 16160                       835              5504953
LAN038    8940265                 201309                 133235                4772167                3343547                 26993                      1387              8911885
LAN039   13608744                 300044                 194209                7187848                5232368                 40679                      2071             13565994
LAN040   16453637                 372345                 258954                8401835                6153952                 48609                      2507             16402521
LAN041   11829479                 268178                 181215                6140545                4464159                 35190                      1893             11792396
LAN042   13713971                 308266                 188352                7045568                5140299                 40732                      1857             13671382
LAN043   13405875                 295279                 210143                7086024                5134721                 40198                      1938             13363739
LAN044    3225999                  70755                  47370                1683196                1299454                  9373                       456              3216170
LAN045    3085843                  69451                  41680                1574951                1145175                  9112                       404              3076327
LAN047    3454002                  77082                  47020                1794888                1337587                 10277                       591              3443134
LAN048    2918834                  65666                  45315                 946306                 787005                  5095                       282              2913457
LAN049    5945527                 126742                  83576                3046991                2215153                 17114                       783              5927630
LAN050   10867230                 241125                 159498                5743802                4181932                 32743                      1555             10832932
LAN052    4403550                  96839                  66036                2198833                1642256                 12605                       645              4390300
LAN059   10954799                 237768                 160876                5799311                3870903                 32799                      1451             10920549
LAN060   10062425                 218873                 147503                5204381                3596961                 29735                      1257             10031433
LAN061    7391153                 161609                 117752                2840081                2143327                 18399                       757              7371997
LAN062    3663724                  79425                  55599                1402578                1001690                  8995                       296              3654433
LAN063    6249912                 137759                  89804                3146943                2210895                 18105                       713              6231094
LAN064    5375237                 116906                  69781                2799745                1941746                 15655                       629              5358953
LAN065    8682792                 187211                 138847                4543923                3111346                 25762                      1057              8655973
LAN067   10917181                 237117                 186332                5761486                4104456                 33164                      1388             10882629
LAN071   10336283                 222937                 142205                5492081                3673223                 31617                      1420             10303246
LAN072    7491093                 160543                 107471                3765588                2664251                 22090                       883              7468120
LAN074   10820324                 232052                 158195                5711123                3810061                 31978                      1505             10786841
LAN087    9912620                 212933                 137319                5287504                3497815                 29613                      1298              9881709
LAN088    9391056                 204101                 143123                4695176                3245382                 27650                      1216              9362190
LAN089   11303955                 240322                 166794                5696863                4058180                 32928                      1424             11269603
LAN090   10874569                 228015                 154936                5534707                3898987                 31636                      1502             10841431
LAN092    9257508                 205852                 128726                4796268                3266980                 27424                      1242              9228842
LAN093   10276748                 218140                 143951                5226890                3717456                 30574                      1364             10244810
LAN095   13604011                 292915                 182289                7092725                4784741                 40907                      1873             13561231
LAN097   10466090                 228948                 140568                5534358                4096598                 31487                      1477             10433126
LAN098    2815433                  61193                  41462                1459517                1067993                  8306                       414              2806713
LAN099    9522443                 207688                 137704                4851923                3477007                 27967                      1308              9493168
LAN102    6963017                 152715                 100305                3456654                2423664                 21053                       917              6941047
LAN103    9492518                 205251                 138937                4717774                3250168                 28620                      1155              9462743
LAN111    7113088                 154037                 102037                3638321                2732182                 21266                      1120              7090702
LAN113    6441208                 137295                 104239                3266544                2506353                 18699                       969              6421540
LAN114    9398134                 203561                 138086                4859685                3511978                 27205                      1428              9369501
LAN115   12803908                 273096                 189832                6643587                4692567                 37883                      1837             12764188
LAN117    3194156                  69664                  45010                1580050                1173928                  9410                       468              3184278
LAN119    9189276                 199537                 140283                3551774                2740816                 22667                      1037              9165572
LAN130    6800274                 148501                 101591                3615139                2643865                 20444                      1020              6778810
LAN131    8725095                 188726                 127357                4485087                3260182                 25788                      1219              8698088
LAN132    7771679                 168792                 115816                3979858                2858832                 23570                      1105              7747004
LAN133    7028625                 151583                 107602                2785898                2179845                 16997                       844              7010784
LAN134   10647914                 226819                 157424                5463910                4082550                 31329                      1450             10615135
LAN135   12602140                 260501                 183889                6415668                4550879                 36900                      1596             12563644
SUO001   11710757                 262867                 175738                6200787                4287848                 35214                      1618             11673925
SUO002    6424504                 154612                  96604                3242394                2316181                 19083                       991              6404430
SUO003    8367645                 194808                 127095                4164557                2863465                 25323                      1051              8341271
SUO004   13322541                 302217                 201860                6915954                5145208                 38812                      2001             13281728
SUO005   10063024                 223568                 144385                5214927                3654376                 30010                      1462             10031552
SUO006    2909947                  66738                  41930                1516896                1074256                  8602                       357              2900988
SUO009   10192487                 231956                 148931                5199858                3716400                 29547                      1487             10161453
SUO011   13132059                 294163                 187938                6777233                4719342                 39195                      1907             13090957
SUO012    6051481                 133356                  85012                3270627                2264999                 18063                       848              6032570
SUO016   17712186                 398189                 295170                9016473                6412800                 52009                      2454             17657723
SUO019   16274617                 364943                 245760                8262066                5916656                 48661                      2319             16223637
SUO020   11612931                 257454                 165722                5900930                4204296                 34617                      1522             11576792
SUO022    5026595                 115091                  82333                2712261                2283154                 14528                      1175              5010892
SUO023    7548562                 166583                 114636                3952269                2957451                 22663                      1144              7524755
SUO027    8541838                 189460                 121777                4382246                3186103                 24964                      1294              8515580
SUO030   14567030                 320674                 220395                7674997                5186099                 44249                      2178             14520603
SUO031    2726031                  61719                  42076                 908965                 756423                  4739                       277              2721015
SUO034   10649785                 227252                 154585                5431702                3795903                 31249                      1396             10617140
SUO043   13428388                 286597                 219628                6539259                4763861                 40036                      1717             13386635
SUO047    7998012                 173980                 114916                3813072                2744714                 23459                       999              7973554
SUO048    9389833                 206721                 135599                4957911                3370441                 28032                      1228              9360573
SUO049    7836473                 170550                 112488                4068814                2823957                 22939                       943              7812591
SUO056   10956061                 240017                 162373                4144484                3095736                 26905                      1066             10928090
SUO058    6163406                 135964                  91585                2334480                1683894                 15406                       556              6147444
SUO059   12820223                 279696                 191706                6519824                4558589                 37812                      1632             12780779
SUO060    5862429                 131553                  81570                3110612                2149931                 17342                       801              5844286
SUO061    5631417                 126143                  80541                2985907                2066144                 16720                       790              5613907
SUO076    9846399                 226752                 139777                5231792                3752160                 29574                      1407              9815418
SUO077    8436119                 183229                 127867                4236970                2920265                 24485                      1038              8410596
SUO080    8768253                 193730                 127596                4416677                3089730                 25542                      1032              8741679
SUO081    5341757                 115473                  80239                2863611                1921903                 16195                       632              5324930
SUO082    6697623                 147730                  96379                3578808                2425069                 19536                       872              6677215
SUO083    1445621                  31732                  19746                 732537                 545138                  4157                       192              1441272
SUO084    7902802                 172769                 112580                3983442                2756507                 23121                       945              7878736
SUO087   10821989                 235805                 157753                5535782                3908083                 31311                      1408             10789270
SUO088   10130219                 221354                 146093                5256865                3557350                 30026                      1406             10098787
SUO090   12028449                 259964                 169552                5928137                4143195                 35226                      1518             11991705
SUO092    9519127                 203994                 140103                4900832                3538877                 27571                      1312              9490244
SUO094   14106640                 303326                 207342                7437882                5409207                 42304                      2029             14062307
SUO095     167111                   3504                   2668                  91170                  71149                   474                        31               166606
SUO097    5302783                 114996                  77085                1662475                1378261                  9273                       455              5293055
SUO099    8819765                 193343                 130332                4382005                3033087                 26678                      1176              8791911
SUO100   10772125                 232733                 158971                5222450                3861502                 31530                      1496             10739099
SUO101   11407867                 249874                 169650                5877503                4444923                 33553                      1805             11372509
SUO102   12426466                 265656                 181760                6029510                4475439                 36638                      1712             12388116
SUO104   10595241                 228357                 152597                5535148                3931670                 31612                      1531             10562098
SUO105    9560650                 206498                 140741                4995556                3609292                 28355                      1411              9530884
SUO108    5848228                 125885                  84646                2924300                2172571                 17012                       911              5830305
SUO111    2694233                  60897                  39532                1347908                1041957                  7821                       458              2685954
SUO112   10414861                 230127                 154465                5514135                4122141                 30809                      1575             10382477
SUO114   11076601                 242874                 166111                5868812                4288644                 33505                      1665             11041431
SUO115   13305541                 289431                 195490                7035104                5041569                 39499                      1864             13264178
SUO116   10208729                 222426                 147573                5177231                3819546                 29770                      1436             10177523
SUO117    6678590                 146939                  97623                3460298                2581911                 19480                      1043              6658067
SUO118    8720148                 189967                 131302                4454194                3188794                 25904                      1203              8693041
SUO119   11480198                 252091                 167893                5950051                4285857                 33835                      1679             11444684
SUO120    7389942                 159873                 107431                3790870                2703881                 21947                      1031              7366964
SUO122    5667876                 125218                  81434                2930353                2037883                 17047                       765              5650064
SUO124   10426638                 225954                 150125                5428455                4036031                 30989                      1450             10394199
SUO125    9184353                 199464                 134022                4773238                3568667                 27533                      1398              9155422
SUO126   10213316                 220713                 146294                5299572                3911547                 30264                      1555             10181497
SUO127   12102417                 259091                 177256                6204065                4391923                 35260                      1646             12065511
THU001    1835027                  41977                  29320                 989981                 740655                  5322                       327              1829378
THU002    7385107                 163158                 108744                3792852                2657414                 21936                      1032              7362139
THU004    4143173                  97172                  65228                2121355                1512026                 12322                       652              4130199
THU005    7267118                 160636                 114794                3775469                2695586                 21375                      1006              7244737
THU007   10180257                 226111                 156280                5353177                4028723                 30628                      1543             10148086
THU010    5165368                 115987                  80960                2701169                2002722                 14979                       878              5149511
THU011   10923873                 237281                 168743                5603244                3856287                 32397                      1537             10889939
THU014    7687614                 169937                 116604                3935756                2800858                 22585                      1057              7663972
THU019   10591584                 230968                 159743                5547661                4093215                 31614                      1654             10558316
THU027    6851024                 156798                 103132                3639247                2703558                 20884                      1237              6828903
THU038   18777197                 412353                 308266                9696014                7035219                 55469                      2807             18718921
THU039   11024183                 241032                 162816                5702565                4072733                 33474                      1613             10989096
THU056    8814725                 191027                 134039                4574486                3259378                 26856                      1242              8786627
THU060    9435609                 204470                 145383                4887458                3802505                 27983                      1484              9406142
THU061   11317125                 238868                 169116                5773545                4102910                 34020                      1612             11281493
THU066    1530749                  36694                  27373                 835935                 712397                  4436                       382              1525931
THU067   10320145                 232173                 153957                3203548                2836267                 18365                       952             10300828
THU073    6726580                 149633                 108782                2150784                1810440                 12403                       620              6713557
THU077    8425480                 177210                 134838                4443103                3243965                 24824                      1247              8399409
THU079    8604997                 189783                 130735                4153138                2937354                 25557                      1002              8578438
THU080    8849938                 190549                 135695                4281845                3012292                 26130                      1036              8822772
THU081    7752666                 167069                 115455                4023011                2834084                 22810                      1055              7728801
THU082   10285099                 224198                 157158                3913247                2847587                 25390                       952             10258757
THU083    7176482                 163925                 116326                2815256                2141902                 17734                       774              7157974
THU084    9292192                 201250                 142942                4674197                3359894                 26685                      1276              9264231
THU086    8635196                 184965                 130992                4428726                2988524                 26000                      1060              8608136
THU087    9595566                 206765                 146583                5004034                3466919                 28364                      1276              9565926
THU091    6842508                 159925                 104971                3661648                2663226                 20412                      1207              6820889
THU097    9943245                 215071                 146256                5243299                3659174                 30065                      1300              9911880
THU099    8596870                 189035                 131748                4381844                3176443                 25164                      1168              8570538
THU104    9650430                 206878                 146443                4909622                3354994                 28797                      1236              9620397
THU106   12306875                 262531                 184793                6494189                4356085                 36612                      1539             12268724
THU107   10260796                 216362                 156781                5381457                3559284                 30851                      1254             10228691
THU108   12302508                 264312                 189676                6275227                4400777                 35877                      1591             12265040
THU109   10802135                 225074                 163044                5525730                3715131                 31995                      1388             10768752
THU110    2994549                  64641                  46913                1560920                1098377                  8766                       433              2985350
THU111    8610254                 182000                 137449                4393928                3052023                 25793                      1092              8583369
THU113    5329942                 125370                  87456                2934531                2087641                 15864                       926              5313152
THU114    9830155                 219744                 156738                5342814                3942770                 28758                      1737              9799660
THU118    5169766                 120742                  79310                2768024                2083867                 15504                       845              5153417
THU119    4742550                 103685                  71492                2460600                1809254                 13745                       750              4728055
THU120    7075962                 157563                 105167                3497440                2500307                 21273                       967              7053722
THU124    4027129                  92212                  64478                2050010                1482668                 12181                       614              4014334
THU127    7916106                 173466                 123399                4059500                3136663                 23664                      1280              7891162
THU128   10642857                 229948                 168556                5436286                4146501                 30881                      1628             10610348
THU143    4794321                 108234                  75135                2536835                1889625                 14031                       817              4779473
THU164   10449976                 226136                 161502                5427787                3915782                 30432                      1561             10417983
THU165    7453848                 157388                 113910                3791360                2741832                 22072                      1072              7430704
THU168    7850032                 169161                 124341                4070205                2965477                 22752                      1178              7826102
THU173    2508385                  57484                  39332                1275173                 993992                  7351                       439              2500595
THU177   10905156                 233514                 166583                5749527                4175466                 32383                      1686             10871087
THU179    6918514                 150702                 108486                3632260                2672482                 20629                      1086              6896799
THU182    7339528                 161670                 109046                2988223                2240500                 18527                       881              7320120
THU183    9168287                 198823                 140942                4660847                3382405                 27050                      1283              9139954
THU185   11307809                 245535                 174016                5750708                4132906                 32893                      1627             11273289
THU187    9711263                 201296                 157112                5051833                3701080                 27937                      1407              9681919
THU190    6585514                 142744                 103703                3436695                2410357                 19946                       870              6564698
THU197    6525231                 145719                 106338                3360759                2432437                 19644                       995              6504592
THU198    5025633                 114199                  74533                2712183                2020247                 14836                       850              5009947
THU199    2418920                  56771                  39012                1408441                1148848                  6984                       651              2411285
WAL003   14669974                 321198                 227506                7512211                5393911                 43469                      2089             14624416
WAL004   16101902                 362007                 246939                8045389                5577400                 48081                      2005             16051816
WAL006   20490556                 443025                 329907               10620292                7792794                 62117                      3172             20425267
WAL007   10462632                 226976                 152851                5415474                3804233                 30983                      1487             10430162
WAL009   13879273                 299554                 206538                7272126                5270881                 41945                      2094             13835234
WAL010   15174755                 333374                 233189                7699873                5582245                 44477                      2091             15128187
WAL014   10368899                 220778                 163107                5338932                3736112                 31570                      1391             10335938
WAL016   17085756                 360441                 254510                8779922                6084998                 50725                      2406             17032625
WAL021    3901190                  84675                  65633                1245405                1068990                  7027                       351              3893812
WAL022   10816719                 227930                 175179                5638698                4074122                 32181                      1548             10782990
WAL024   11046484                 236916                 168029                5333586                3733138                 33166                      1266             11012052
WAL030    5912566                 125059                  92718                2257276                1595067                 14683                       490              5897393
WAL031   12885769                 272483                 205220                6435393                4572331                 37181                      1675             12846913
WAL033   12814125                 268405                 212863                6763345                4652479                 38377                      1611             12774137
WAL036   12022931                 252896                 179163                6331536                4399858                 36406                      1654             11984871
WAL040   12366076                 258576                 197186                6216600                4224760                 36886                      1423             12327767
WAL041   11375505                 242155                 182008                5666464                3914667                 33323                      1455             11340727
WAL042    6235006                 132058                  95001                3200154                2224881                 18566                       884              6215556
WAL045   15696461                 329829                 239446                7894921                5551393                 46806                      2087             15647568
WAL078   13323826                 274566                 213775                6921770                4941538                 38655                      1786             13283385
WAL079    8814834                 187058                 128882                4554158                3184844                 26397                      1251              8787186
WAL084    9367187                 201589                 136696                4608403                3173978                 28145                      1213              9337829
WAL086    9777203                 210098                 147754                5002629                3657045                 28536                      1427              9747240
WAL088   11450152                 243145                 185048                5870015                4122794                 33482                      1741             11414929
ZUR011   12687148                 264562                 193998                6664641                4924551                 37696                      2059             12647393
ZUR018    9922827                 210186                 147271                5112702                3658199                 29536                      1415              9891876