# Title:27-mer spectra for: 175619_12877AAC_ATGCGCAG-AGCTAGAA_R1_001.fastq.gz
# XLabel:27-mer frequency
# YLabel:# distinct 27-mers
# Kmer value:27
# Input 1:../../data/fastq/175619_12877AAC_ATGCGCAG-AGCTAGAA_R1_001.fastq.gz
###
1 62592161
2 5695667
3 1698536
4 794070
5 468337
6 334698
7 262116
8 217734
9 191882
10 173722
11 165989
12 153848
13 144737
14 140112
15 132800
16 130330
17 123009
18 118435
19 111493
20 112858
21 108257
22 104256
23 102671
24 98909
25 96420
26 93969
27 91318
28 83854
29 87322
30 83050
31 81563
32 80421
33 76431
34 75303
35 73198
36 71908
37 71023
38 70360
39 69447
40 67202
41 67815
42 66771
43 64602
44 62439
45 60710
46 59724
47 59894
48 60027
49 59408
50 59581
51 56616
52 56504
53 57083
54 57728
55 57327
56 56424
57 54321
58 52536
59 52443
60 50539
61 50057
62 47507
63 47849
64 46141
65 46783
66 45141
67 45239
68 43186
69 42569
70 41786
71 40512
72 40536
73 40743
74 39421
75 38790
76 38388
77 36309
78 36755
79 35646
80 34841
81 34054
82 33996
83 33977
84 32820
85 34584
86 33771
87 33121
88 32253
89 31958
90 32201
91 30603
92 31062
93 30857
94 30615
95 29889
96 29622
97 29261
98 28773
99 29809
100 29460
101 30320
102 30241
103 29519
104 28492
105 28175
106 29307
107 29041
108 29356
109 29555
110 30373
111 30012
112 29481
113 28503
114 27996
115 28205
116 27416
117 28048
118 27538
119 27558
120 28082
121 28494
122 27747
123 27391
124 27664
125 26803
126 25808
127 24791
128 24559
129 24624
130 23974
131 24292
132 23771
133 23335
134 22764
135 22434
136 21809
137 21620
138 21260
139 21148
140 19982
141 19466
142 18842
143 18207
144 18128
145 17220
146 17429
147 16553
148 15949
149 15564
150 14769
151 14994
152 14215
153 14054
154 13514
155 12908
156 12050
157 11743
158 11319
159 10489
160 10806
161 10030
162 9662
163 9452
164 8710
165 8345
166 7915
167 8122
168 7814
169 7433
170 6874
171 6613
172 6689
173 6391
174 5957
175 5669
176 5310
177 5061
178 4819
179 4974
180 4678
181 4442
182 4183
183 4085
184 4029
185 3897
186 3858
187 3581
188 3504
189 3328
190 3306
191 3238
192 3237
193 2948
194 3003
195 2988
196 3205
197 2913
198 2843
199 2606
200 2625
201 2663
202 2605
203 2226
204 2233
205 2391
206 2224
207 2264
208 2481
209 2321
210 2385
211 2182
212 2208
213 2243
214 2167
215 2086
216 2028
217 2142
218 2054
219 2048
220 2055
221 2001
222 1941
223 2018
224 2172
225 2041
226 2033
227 2193
228 2052
229 2027
230 1998
231 2007
232 1897
233 1875
234 1912
235 1909
236 1830
237 1766
238 1892
239 1997
240 1868
241 1946
242 1868
243 1791
244 1762
245 1731
246 1716
247 1620
248 1425
249 1491
250 1616
251 1540
252 1498
253 1560
254 1692
255 1584
256 1499
257 1548
258 1459
259 1531
260 1403
261 1376
262 1466
263 1548
264 1498
265 1475
266 1424
267 1384
268 1523
269 1493
270 1492
271 1347
272 1400
273 1349
274 1417
275 1471
276 1343
277 1396
278 1362
279 1285
280 1361
281 1296
282 1231
283 1223
284 1177
285 1250
286 1267
287 1224
288 1178
289 1201
290 1096
291 1168
292 1217
293 1150
294 1172
295 1125
296 1075
297 1073
298 1075
299 1007
300 1020
301 993
302 1016
303 1002
304 1042
305 999
306 1042
307 947
308 947
309 954
310 952
311 870
312 899
313 838
314 872
315 807
316 823
317 768
318 728
319 720
320 737
321 696
322 644
323 727
324 658
325 680
326 666
327 668
328 713
329 753
330 690
331 681
332 754
333 759
334 750
335 639
336 684
337 636
338 569
339 616
340 586
341 617
342 616
343 589
344 582
345 580
346 560
347 589
348 564
349 503
350 550
351 595
352 526
353 517
354 473
355 498
356 479
357 500
358 518
359 539
360 502
361 485
362 464
363 465
364 478
365 495
366 421
367 449
368 396
369 392
370 401
371 427
372 413
373 357
374 347
375 372
376 393
377 379
378 381
379 380
380 382
381 342
382 360
383 376
384 343
385 329
386 388
387 334
388 372
389 374
390 358
391 361
392 327
393 341
394 350
395 370
396 349
397 352
398 349
399 352
400 352
401 354
402 334
403 333
404 307
405 330
406 311
407 313
408 299
409 325
410 308
411 288
412 311
413 266
414 294
415 274
416 270
417 235
418 256
419 264
420 269
421 262
422 254
423 281
424 250
425 287
426 261
427 240
428 281
429 314
430 259
431 226
432 243
433 293
434 279
435 269
436 242
437 267
438 284
439 283
440 236
441 291
442 275
443 272
444 257
445 232
446 259
447 270
448 289
449 242
450 242
451 273
452 273
453 281
454 269
455 268
456 275
457 235
458 242
459 245
460 250
461 233
462 278
463 256
464 256
465 248
466 230
467 239
468 237
469 238
470 205
471 222
472 261
473 240
474 222
475 245
476 182
477 185
478 206
479 191
480 200
481 214
482 198
483 193
484 211
485 183
486 210
487 164
488 180
489 203
490 186
491 206
492 197
493 178
494 191
495 189
496 198
497 183
498 164
499 167
500 186
501 182
502 203
503 207
504 181
505 165
506 162
507 172
508 169
509 176
510 185
511 177
512 167
513 166
514 178
515 192
516 178
517 156
518 190
519 164
520 161
521 134
522 149
523 133
524 153
525 165
526 159
527 160
528 186
529 174
530 174
531 194
532 169
533 182
534 157
535 177
536 130
537 165
538 164
539 137
540 156
541 153
542 137
543 192
544 172
545 155
546 151
547 167
548 155
549 154
550 180
551 154
552 155
553 145
554 168
555 146
556 136
557 131
558 155
559 161
560 188
561 156
562 161
563 127
564 164
565 130
566 181
567 140
568 144
569 137
570 139
571 143
572 162
573 146
574 129
575 132
576 118
577 134
578 139
579 124
580 113
581 122
582 133
583 122
584 126
585 105
586 142
587 117
588 119
589 129
590 123
591 122
592 129
593 126
594 118
595 109
596 120
597 116
598 97
599 103
600 111
601 122
602 141
603 117
604 119
605 98
606 119
607 96
608 92
609 102
610 81
611 87
612 83
613 100
614 93
615 109
616 102
617 84
618 95
619 128
620 120
621 122
622 106
623 100
624 112
625 137
626 141
627 109
628 121
629 139
630 121
631 128
632 134
633 111
634 111
635 109
636 116
637 110
638 112
639 92
640 104
641 114
642 94
643 97
644 87
645 110
646 111
647 107
648 113
649 106
650 113
651 87
652 121
653 110
654 100
655 93
656 114
657 99
658 110
659 102
660 102
661 99
662 124
663 112
664 91
665 107
666 94
667 95
668 84
669 88
670 96
671 74
672 86
673 100
674 93
675 98
676 105
677 105
678 86
679 90
680 91
681 78
682 86
683 85
684 94
685 105
686 77
687 78
688 91
689 81
690 77
691 124
692 73
693 90
694 90
695 80
696 89
697 80
698 71
699 83
700 74
701 85
702 87
703 80
704 89
705 90
706 103
707 96
708 91
709 88
710 75
711 104
712 86
713 78
714 62
715 74
716 64
717 61
718 68
719 70
720 71
721 66
722 65
723 100
724 84
725 79
726 90
727 61
728 77
729 51
730 71
731 60
732 76
733 73
734 55
735 94
736 68
737 72
738 94
739 64
740 69
741 75
742 76
743 86
744 54
745 83
746 79
747 93
748 77
749 68
750 71
751 78
752 69
753 83
754 88
755 69
756 66
757 64
758 73
759 76
760 77
761 96
762 69
763 61
764 70
765 59
766 72
767 76
768 70
769 82
770 63
771 81
772 85
773 80
774 77
775 67
776 68
777 70
778 78
779 52
780 68
781 85
782 71
783 62
784 56
785 79
786 53
787 67
788 61
789 62
790 58
791 82
792 53
793 79
794 59
795 64
796 60
797 59
798 63
799 51
800 46
801 57
802 51
803 61
804 57
805 54
806 49
807 43
808 63
809 67
810 47
811 46
812 63
813 42
814 56
815 59
816 82
817 60
818 62
819 61
820 70
821 57
822 41
823 48
824 72
825 63
826 50
827 60
828 60
829 61
830 43
831 55
832 59
833 65
834 63
835 47
836 51
837 51
838 56
839 51
840 59
841 61
842 50
843 62
844 60
845 55
846 68
847 46
848 41
849 54
850 51
851 43
852 36
853 40
854 39
855 41
856 51
857 41
858 48
859 35
860 47
861 60
862 61
863 51
864 55
865 45
866 46
867 65
868 66
869 52
870 45
871 70
872 59
873 50
874 57
875 42
876 44
877 38
878 57
879 44
880 30
881 40
882 39
883 34
884 45
885 46
886 39
887 43
888 44
889 56
890 46
891 43
892 43
893 39
894 55
895 49
896 33
897 41
898 47
899 46
900 47
901 45
902 36
903 47
904 41
905 27
906 38
907 42
908 35
909 46
910 46
911 26
912 53
913 37
914 30
915 49
916 46
917 43
918 46
919 42
920 57
921 38
922 26
923 42
924 57
925 44
926 55
927 38
928 50
929 52
930 44
931 52
932 50
933 43
934 48
935 39
936 46
937 30
938 30
939 25
940 35
941 39
942 44
943 49
944 41
945 45
946 38
947 34
948 38
949 48
950 59
951 45
952 34
953 36
954 35
955 35
956 38
957 38
958 31
959 52
960 57
961 55
962 69
963 51
964 49
965 56
966 48
967 41
968 36
969 26
970 46
971 44
972 29
973 31
974 32
975 34
976 43
977 40
978 50
979 40
980 30
981 32
982 30
983 43
984 37
985 43
986 40
987 48
988 33
989 37
990 52
991 53
992 30
993 30
994 24
995 21
996 29
997 38
998 21
999 26
1000 26
1001 24
1002 33
1003 25
1004 26
1005 22
1006 34
1007 34
1008 39
1009 42
1010 36
1011 40
1012 36
1013 34
1014 31
1015 34
1016 37
1017 39
1018 47
1019 29
1020 33
1021 27
1022 43
1023 37
1024 27
1025 36
1026 24
1027 35
1028 28
1029 49
1030 31
1031 27
1032 37
1033 39
1034 30
1035 26
1036 26
1037 32
1038 24
1039 24
1040 30
1041 34
1042 30
1043 27
1044 29
1045 30
1046 33
1047 29
1048 32
1049 38
1050 26
1051 26
1052 27
1053 30
1054 30
1055 27
1056 30
1057 36
1058 29
1059 34
1060 30
1061 25
1062 30
1063 16
1064 26
1065 21
1066 24
1067 22
1068 34
1069 29
1070 34
1071 40
1072 28
1073 31
1074 37
1075 35
1076 34
1077 29
1078 38
1079 34
1080 37
1081 21
1082 39
1083 25
1084 24
1085 35
1086 34
1087 29
1088 29
1089 30
1090 35
1091 37
1092 24
1093 26
1094 43
1095 36
1096 35
1097 34
1098 22
1099 32
1100 39
1101 39
1102 33
1103 26
1104 33
1105 28
1106 30
1107 42
1108 33
1109 32
1110 30
1111 20
1112 39
1113 38
1114 32
1115 30
1116 31
1117 42
1118 38
1119 22
1120 28
1121 39
1122 38
1123 35
1124 25
1125 31
1126 30
1127 35
1128 22
1129 28
1130 20
1131 32
1132 24
1133 24
1134 18
1135 21
1136 25
1137 25
1138 19
1139 31
1140 22
1141 25
1142 30
1143 16
1144 22
1145 25
1146 26
1147 33
1148 31
1149 37
1150 38
1151 29
1152 32
1153 27
1154 38
1155 28
1156 29
1157 34
1158 36
1159 33
1160 26
1161 31
1162 25
1163 28
1164 19
1165 32
1166 21
1167 19
1168 20
1169 20
1170 15
1171 22
1172 21
1173 24
1174 30
1175 22
1176 26
1177 25
1178 27
1179 26
1180 25
1181 33
1182 29
1183 22
1184 29
1185 25
1186 28
1187 23
1188 26
1189 22
1190 17
1191 29
1192 26
1193 18
1194 31
1195 30
1196 31
1197 27
1198 23
1199 20
1200 28
1201 18
1202 31
1203 29
1204 22
1205 27
1206 27
1207 23
1208 29
1209 16
1210 15
1211 22
1212 16
1213 32
1214 23
1215 12
1216 27
1217 24
1218 24
1219 32
1220 26
1221 22
1222 28
1223 20
1224 18
1225 19
1226 13
1227 12
1228 14
1229 24
1230 16
1231 22
1232 13
1233 25
1234 15
1235 19
1236 18
1237 24
1238 16
1239 15
1240 19
1241 19
1242 15
1243 22
1244 22
1245 13
1246 15
1247 13
1248 16
1249 26
1250 16
1251 14
1252 20
1253 23
1254 19
1255 23
1256 21
1257 20
1258 23
1259 21
1260 19
1261 34
1262 31
1263 29
1264 21
1265 20
1266 21
1267 25
1268 26
1269 23
1270 15
1271 20
1272 20
1273 16
1274 19
1275 24
1276 28
1277 23
1278 26
1279 29
1280 34
1281 19
1282 23
1283 29
1284 23
1285 25
1286 25
1287 24
1288 19
1289 18
1290 13
1291 26
1292 23
1293 16
1294 18
1295 36
1296 19
1297 24
1298 26
1299 16
1300 16
1301 22
1302 17
1303 22
1304 20
1305 21
1306 19
1307 20
1308 25
1309 21
1310 20
1311 20
1312 24
1313 24
1314 14
1315 17
1316 22
1317 26
1318 24
1319 19
1320 22
1321 24
1322 15
1323 24
1324 23
1325 28
1326 29
1327 32
1328 23
1329 17
1330 22
1331 15
1332 21
1333 21
1334 26
1335 27
1336 25
1337 20
1338 20
1339 21
1340 19
1341 23
1342 25
1343 10
1344 17
1345 26
1346 17
1347 22
1348 24
1349 22
1350 13
1351 21
1352 19
1353 26
1354 25
1355 17
1356 14
1357 19
1358 16
1359 18
1360 24
1361 24
1362 17
1363 19
1364 15
1365 14
1366 18
1367 19
1368 15
1369 25
1370 18
1371 22
1372 28
1373 23
1374 21
1375 25
1376 22
1377 22
1378 24
1379 24
1380 17
1381 8
1382 16
1383 20
1384 16
1385 23
1386 15
1387 16
1388 24
1389 23
1390 19
1391 23
1392 21
1393 27
1394 17
1395 31
1396 16
1397 20
1398 19
1399 16
1400 22
1401 18
1402 16
1403 19
1404 20
1405 12
1406 20
1407 21
1408 27
1409 25
1410 21
1411 25
1412 19
1413 18
1414 20
1415 11
1416 18
1417 26
1418 16
1419 25
1420 24
1421 18
1422 19
1423 23
1424 24
1425 26
1426 19
1427 15
1428 24
1429 19
1430 18
1431 23
1432 15
1433 15
1434 19
1435 13
1436 23
1437 17
1438 21
1439 22
1440 16
1441 16
1442 20
1443 14
1444 16
1445 15
1446 18
1447 15
1448 17
1449 22
1450 22
1451 26
1452 27
1453 17
1454 9
1455 21
1456 11
1457 17
1458 25
1459 22
1460 17
1461 19
1462 23
1463 19
1464 13
1465 8
1466 11
1467 15
1468 21
1469 21
1470 24
1471 21
1472 21
1473 17
1474 17
1475 15
1476 15
1477 12
1478 15
1479 13
1480 14
1481 23
1482 23
1483 15
1484 9
1485 16
1486 16
1487 22
1488 22
1489 18
1490 27
1491 11
1492 7
1493 27
1494 25
1495 21
1496 20
1497 16
1498 23
1499 14
1500 14
1501 22
1502 15
1503 17
1504 13
1505 21
1506 20
1507 12
1508 18
1509 6
1510 20
1511 24
1512 9
1513 21
1514 10
1515 15
1516 19
1517 20
1518 21
1519 13
1520 11
1521 11
1522 14
1523 13
1524 11
1525 11
1526 12
1527 12
1528 17
1529 16
1530 17
1531 14
1532 19
1533 13
1534 17
1535 20
1536 17
1537 17
1538 16
1539 11
1540 19
1541 16
1542 11
1543 9
1544 9
1545 13
1546 12
1547 10
1548 12
1549 6
1550 14
1551 15
1552 11
1553 12
1554 14
1555 16
1556 27
1557 18
1558 15
1559 16
1560 19
1561 12
1562 18
1563 19
1564 12
1565 19
1566 12
1567 13
1568 16
1569 11
1570 11
1571 22
1572 14
1573 12
1574 16
1575 14
1576 14
1577 17
1578 22
1579 13
1580 18
1581 12
1582 12
1583 9
1584 12
1585 8
1586 8
1587 11
1588 13
1589 15
1590 16
1591 10
1592 21
1593 13
1594 13
1595 16
1596 10
1597 10
1598 11
1599 15
1600 15
1601 20
1602 13
1603 16
1604 18
1605 18
1606 13
1607 13
1608 17
1609 20
1610 17
1611 18
1612 11
1613 12
1614 17
1615 21
1616 28
1617 17
1618 12
1619 10
1620 11
1621 20
1622 13
1623 10
1624 17
1625 14
1626 20
1627 8
1628 12
1629 15
1630 14
1631 16
1632 10
1633 11
1634 10
1635 13
1636 19
1637 15
1638 19
1639 13
1640 13
1641 18
1642 14
1643 13
1644 12
1645 12
1646 16
1647 13
1648 17
1649 14
1650 14
1651 15
1652 15
1653 17
1654 18
1655 14
1656 12
1657 15
1658 12
1659 15
1660 17
1661 13
1662 11
1663 16
1664 9
1665 20
1666 11
1667 15
1668 9
1669 13
1670 16
1671 15
1672 12
1673 13
1674 13
1675 16
1676 13
1677 15
1678 14
1679 13
1680 17
1681 14
1682 20
1683 8
1684 11
1685 11
1686 9
1687 12
1688 14
1689 18
1690 15
1691 19
1692 13
1693 7
1694 18
1695 16
1696 9
1697 17
1698 10
1699 16
1700 10
1701 16
1702 19
1703 12
1704 14
1705 14
1706 21
1707 6
1708 16
1709 13
1710 14
1711 15
1712 6
1713 5
1714 15
1715 9
1716 12
1717 15
1718 18
1719 11
1720 12
1721 18
1722 14
1723 18
1724 12
1725 10
1726 13
1727 13
1728 7
1729 9
1730 13
1731 9
1732 14
1733 10
1734 10
1735 10
1736 19
1737 14
1738 16
1739 19
1740 9
1741 16
1742 10
1743 7
1744 9
1745 14
1746 13
1747 19
1748 21
1749 10
1750 12
1751 13
1752 7
1753 10
1754 14
1755 14
1756 14
1757 13
1758 16
1759 10
1760 9
1761 10
1762 13
1763 12
1764 16
1765 10
1766 12
1767 10
1768 11
1769 12
1770 11
1771 17
1772 10
1773 16
1774 14
1775 16
1776 12
1777 16
1778 16
1779 10
1780 5
1781 16
1782 7
1783 9
1784 11
1785 15
1786 14
1787 18
1788 13
1789 10
1790 16
1791 9
1792 16
1793 16
1794 15
1795 6
1796 17
1797 8
1798 13
1799 9
1800 12
1801 13
1802 18
1803 15
1804 17
1805 10
1806 10
1807 11
1808 12
1809 7
1810 14
1811 13
1812 19
1813 15
1814 17
1815 20
1816 7
1817 16
1818 14
1819 6
1820 8
1821 11
1822 16
1823 11
1824 9
1825 17
1826 12
1827 13
1828 8
1829 14
1830 11
1831 18
1832 7
1833 12
1834 10
1835 8
1836 9
1837 13
1838 10
1839 5
1840 10
1841 7
1842 13
1843 12
1844 14
1845 11
1846 8
1847 17
1848 14
1849 14
1850 13
1851 13
1852 4
1853 10
1854 11
1855 9
1856 11
1857 9
1858 12
1859 8
1860 8
1861 13
1862 14
1863 17
1864 15
1865 14
1866 7
1867 18
1868 15
1869 16
1870 11
1871 10
1872 13
1873 15
1874 14
1875 9
1876 13
1877 16
1878 10
1879 13
1880 12
1881 9
1882 12
1883 10
1884 9
1885 9
1886 19
1887 13
1888 12
1889 12
1890 9
1891 11
1892 15
1893 13
1894 15
1895 20
1896 16
1897 13
1898 13
1899 12
1900 10
1901 13
1902 8
1903 8
1904 7
1905 15
1906 12
1907 10
1908 10
1909 8
1910 10
1911 7
1912 7
1913 2
1914 16
1915 12
1916 11
1917 14
1918 10
1919 10
1920 15
1921 18
1922 6
1923 12
1924 18
1925 8
1926 13
1927 14
1928 13
1929 9
1930 11
1931 11
1932 17
1933 8
1934 13
1935 12
1936 17
1937 11
1938 14
1939 5
1940 9
1941 7
1942 16
1943 6
1944 19
1945 9
1946 11
1947 13
1948 13
1949 6
1950 15
1951 7
1952 12
1953 10
1954 9
1955 7
1956 7
1957 7
1958 9
1959 13
1960 11
1961 16
1962 6
1963 13
1964 14
1965 11
1966 17
1967 14
1968 6
1969 12
1970 10
1971 13
1972 12
1973 13
1974 14
1975 11
1976 5
1977 9
1978 10
1979 7
1980 16
1981 10
1982 12
1983 6
1984 12
1985 8
1986 8
1987 12
1988 7
1989 10
1990 6
1991 9
1992 8
1993 9
1994 8
1995 6
1996 11
1997 6
1998 6
1999 8
2000 11
2001 11
2002 13
2003 11
2004 8
2005 10
2006 10
2007 8
2008 8
2009 12
2010 4
2011 10
2012 6
2013 14
2014 14
2015 10
2016 10
2017 8
2018 10
2019 11
2020 12
2021 18
2022 15
2023 8
2024 7
2025 9
2026 11
2027 7
2028 15
2029 5
2030 8
2031 10
2032 12
2033 7
2034 13
2035 13
2036 9
2037 14
2038 12
2039 12
2040 10
2041 12
2042 10
2043 8
2044 11
2045 11
2046 12
2047 11
2048 9
2049 12
2050 8
2051 9
2052 10
2053 6
2054 10
2055 7
2056 14
2057 7
2058 19
2059 5
2060 19
2061 14
2062 7
2063 6
2064 9
2065 8
2066 8
2067 9
2068 11
2069 8
2070 8
2071 14
2072 10
2073 6
2074 7
2075 11
2076 11
2077 11
2078 9
2079 5
2080 12
2081 10
2082 10
2083 8
2084 10
2085 11
2086 6
2087 11
2088 7
2089 7
2090 10
2091 3
2092 6
2093 5
2094 6
2095 8
2096 7
2097 18
2098 8
2099 10
2100 16
2101 9
2102 4
2103 10
2104 4
2105 9
2106 10
2107 11
2108 10
2109 14
2110 7
2111 12
2112 12
2113 13
2114 6
2115 11
2116 8
2117 9
2118 15
2119 9
2120 11
2121 5
2122 10
2123 10
2124 6
2125 6
2126 11
2127 9
2128 7
2129 10
2130 12
2131 10
2132 9
2133 14
2134 9
2135 11
2136 11
2137 13
2138 8
2139 5
2140 7
2141 15
2142 5
2143 6
2144 8
2145 6
2146 4
2147 8
2148 7
2149 8
2150 12
2151 7
2152 6
2153 6
2154 12
2155 12
2156 11
2157 5
2158 8
2159 6
2160 11
2161 8
2162 5
2163 9
2164 9
2165 9
2166 11
2167 7
2168 7
2169 8
2170 8
2171 7
2172 4
2173 4
2174 7
2175 6
2176 8
2177 10
2178 9
2179 12
2180 11
2181 7
2182 4
2183 11
2184 8
2185 10
2186 5
2187 15
2188 10
2189 9
2190 6
2191 9
2192 6
2193 6
2194 5
2195 12
2196 4
2197 5
2198 5
2199 6
2200 7
2201 12
2202 8
2203 12
2204 10
2205 11
2206 8
2207 9
2208 9
2209 8
2210 11
2211 5
2212 5
2213 7
2214 8
2215 9
2216 6
2217 13
2218 11
2219 16
2220 10
2221 9
2222 4
2223 8
2224 9
2225 8
2226 10
2227 8
2228 7
2229 12
2230 3
2231 9
2232 12
2233 4
2234 9
2235 9
2236 7
2237 9
2238 11
2239 8
2240 13
2241 4
2242 12
2243 10
2244 8
2245 7
2246 4
2247 14
2248 11
2249 8
2250 8
2251 4
2252 14
2253 9
2254 15
2255 5
2256 6
2257 10
2258 10
2259 9
2260 6
2261 6
2262 6
2263 9
2264 8
2265 15
2266 7
2267 9
2268 8
2269 5
2270 5
2271 6
2272 6
2273 7
2274 13
2275 5
2276 5
2277 6
2278 5
2279 7
2280 11
2281 11
2282 9
2283 9
2284 4
2285 5
2286 10
2287 3
2288 10
2289 8
2290 4
2291 11
2292 6
2293 12
2294 10
2295 13
2296 7
2297 8
2298 7
2299 10
2300 7
2301 7
2302 5
2303 7
2304 9
2305 10
2306 6
2307 5
2308 6
2309 7
2310 7
2311 9
2312 6
2313 4
2314 6
2315 3
2316 5
2317 7
2318 7
2319 7
2320 7
2321 4
2322 6
2323 5
2324 8
2325 9
2326 9
2327 10
2328 5
2329 7
2330 6
2331 7
2332 5
2333 8
2334 8
2335 11
2336 8
2337 4
2338 10
2339 4
2340 15
2341 10
2342 5
2343 11
2344 11
2345 12
2346 5
2347 12
2348 13
2349 7
2350 11
2351 5
2352 11
2353 9
2354 11
2355 12
2356 18
2357 11
2358 7
2359 16
2360 7
2361 6
2362 10
2363 9
2364 7
2365 6
2366 16
2367 6
2368 11
2369 6
2370 7
2371 9
2372 5
2373 14
2374 8
2375 6
2376 1
2377 7
2378 9
2379 11
2380 12
2381 11
2382 13
2383 13
2384 12
2385 7
2386 6
2387 7
2388 7
2389 13
2390 7
2391 6
2392 7
2393 5
2394 7
2395 6
2396 4
2397 9
2398 14
2399 7
2400 10
2401 3
2402 10
2403 5
2404 5
2405 8
2406 6
2407 12
2408 7
2409 15
2410 11
2411 8
2412 8
2413 14
2414 8
2415 8
2416 3
2417 4
2418 9
2419 5
2420 9
2421 10
2422 7
2423 9
2424 12
2425 7
2426 4
2427 10
2428 5
2429 3
2430 8
2431 3
2432 7
2433 6
2434 10
2435 9
2436 13
2437 9
2438 11
2439 5
2440 3
2441 6
2442 8
2443 16
2444 10
2445 12
2446 4
2447 5
2448 12
2449 8
2450 12
2451 6
2452 5
2453 9
2454 8
2455 6
2456 12
2457 7
2458 13
2459 7
2460 7
2461 13
2462 13
2463 8
2464 10
2465 7
2466 3
2467 5
2468 4
2469 3
2470 3
2471 8
2472 12
2473 8
2474 5
2475 9
2476 9
2477 5
2478 6
2479 8
2480 10
2481 7
2482 10
2483 5
2484 6
2485 8
2486 7
2487 6
2488 9
2489 10
2490 7
2491 9
2492 4
2493 8
2494 10
2495 11
2496 1
2497 3
2498 5
2499 8
2500 11
2501 13
2502 8
2503 8
2504 4
2505 8
2506 7
2507 6
2508 6
2509 4
2510 8
2511 7
2512 7
2513 8
2514 2
2515 4
2516 9
2517 8
2518 10
2519 5
2520 6
2521 6
2522 2
2523 3
2524 7
2525 8
2526 5
2527 5
2528 6
2529 8
2530 6
2531 3
2532 4
2533 4
2534 7
2535 5
2536 1
2537 2
2538 3
2539 7
2540 2
2541 4
2542 5
2543 6
2544 7
2545 9
2546 9
2547 8
2548 8
2549 8
2550 9
2551 8
2552 4
2553 10
2554 13
2555 9
2556 9
2557 6
2558 6
2559 7
2560 7
2561 3
2562 7
2563 2
2564 10
2565 9
2566 6
2567 7
2568 9
2569 8
2570 3
2571 6
2572 5
2573 8
2574 10
2575 5
2576 8
2577 5
2578 7
2579 4
2580 10
2581 6
2582 5
2583 7
2584 4
2585 8
2586 5
2587 8
2588 7
2589 9
2590 5
2591 13
2592 8
2593 9
2594 5
2595 10
2596 3
2597 2
2598 4
2599 10
2600 11
2601 3
2602 8
2603 7
2604 3
2605 11
2606 7
2607 9
2608 7
2609 4
2610 7
2611 5
2612 8
2613 2
2614 4
2615 3
2616 9
2617 5
2618 7
2619 10
2620 10
2621 9
2622 9
2623 4
2624 5
2625 6
2626 5
2627 5
2628 7
2629 8
2630 5
2631 5
2632 8
2633 9
2634 10
2635 5
2636 9
2637 7
2638 2
2639 2
2640 6
2641 5
2642 7
2643 4
2644 3
2645 5
2646 4
2647 6
2648 5
2649 6
2650 3
2651 4
2652 2
2653 9
2654 5
2655 4
2656 5
2657 8
2658 6
2659 5
2660 5
2661 10
2662 5
2663 6
2664 1
2665 5
2666 8
2667 5
2668 7
2669 6
2670 4
2671 3
2672 10
2673 7
2674 5
2675 3
2676 3
2677 4
2678 7
2679 4
2680 11
2681 5
2682 9
2683 10
2684 8
2685 4
2686 1
2687 8
2688 8
2689 6
2690 4
2691 3
2692 3
2693 2
2694 6
2695 6
2696 4
2697 6
2698 3
2699 7
2700 6
2701 6
2702 8
2703 6
2704 3
2705 8
2706 10
2707 3
2708 7
2709 7
2710 1
2711 8
2712 7
2713 12
2714 3
2715 6
2716 7
2717 6
2718 5
2719 5
2720 6
2721 8
2722 4
2723 5
2724 9
2725 3
2726 7
2727 9
2728 10
2729 5
2730 7
2731 8
2732 6
2733 4
2734 6
2735 1
2736 1
2737 4
2738 3
2739 5
2740 7
2741 10
2742 6
2743 8
2744 9
2745 9
2746 6
2747 6
2748 9
2749 9
2750 13
2751 7
2752 6
2753 5
2754 8
2755 6
2756 6
2757 0
2758 3
2759 4
2760 7
2761 2
2762 8
2763 9
2764 8
2765 6
2766 4
2767 2
2768 8
2769 9
2770 4
2771 6
2772 9
2773 7
2774 7
2775 8
2776 8
2777 5
2778 6
2779 6
2780 7
2781 3
2782 4
2783 7
2784 5
2785 6
2786 9
2787 12
2788 9
2789 8
2790 3
2791 10
2792 3
2793 6
2794 3
2795 7
2796 5
2797 3
2798 3
2799 2
2800 6
2801 3
2802 6
2803 6
2804 3
2805 4
2806 5
2807 8
2808 5
2809 6
2810 7
2811 5
2812 5
2813 4
2814 6
2815 8
2816 8
2817 4
2818 5
2819 3
2820 6
2821 5
2822 5
2823 3
2824 2
2825 1
2826 5
2827 6
2828 6
2829 6
2830 8
2831 6
2832 6
2833 6
2834 5
2835 3
2836 8
2837 4
2838 6
2839 3
2840 6
2841 7
2842 6
2843 5
2844 6
2845 3
2846 2
2847 5
2848 4
2849 5
2850 7
2851 4
2852 7
2853 2
2854 5
2855 4
2856 2
2857 4
2858 5
2859 5
2860 3
2861 3
2862 9
2863 2
2864 5
2865 2
2866 7
2867 3
2868 11
2869 3
2870 11
2871 5
2872 4
2873 8
2874 8
2875 4
2876 4
2877 4
2878 7
2879 4
2880 8
2881 13
2882 8
2883 6
2884 6
2885 11
2886 8
2887 5
2888 10
2889 5
2890 4
2891 4
2892 6
2893 4
2894 1
2895 4
2896 7
2897 5
2898 7
2899 4
2900 6
2901 5
2902 6
2903 4
2904 8
2905 6
2906 2
2907 6
2908 6
2909 9
2910 3
2911 4
2912 8
2913 7
2914 10
2915 7
2916 9
2917 9
2918 13
2919 5
2920 8
2921 5
2922 6
2923 5
2924 2
2925 2
2926 7
2927 3
2928 10
2929 3
2930 5
2931 5
2932 4
2933 2
2934 10
2935 6
2936 6
2937 3
2938 6
2939 4
2940 9
2941 8
2942 4
2943 12
2944 2
2945 11
2946 3
2947 3
2948 8
2949 5
2950 3
2951 7
2952 5
2953 7
2954 7
2955 9
2956 8
2957 5
2958 4
2959 8
2960 4
2961 3
2962 7
2963 5
2964 7
2965 7
2966 4
2967 6
2968 6
2969 5
2970 6
2971 8
2972 10
2973 4
2974 6
2975 7
2976 7
2977 6
2978 10
2979 7
2980 2
2981 0
2982 5
2983 6
2984 8
2985 7
2986 6
2987 5
2988 6
2989 5
2990 3
2991 4
2992 4
2993 5
2994 7
2995 5
2996 7
2997 5
2998 8
2999 4
3000 2
3001 5
3002 6
3003 10
3004 1
3005 8
3006 1
3007 10
3008 5
3009 5
3010 10
3011 3
3012 5
3013 4
3014 8
3015 3
3016 5
3017 2
3018 4
3019 8
3020 5
3021 6
3022 7
3023 6
3024 3
3025 4
3026 5
3027 5
3028 8
3029 5
3030 6
3031 3
3032 4
3033 7
3034 7
3035 2
3036 7
3037 4
3038 5
3039 4
3040 3
3041 5
3042 9
3043 2
3044 4
3045 4
3046 6
3047 11
3048 7
3049 8
3050 2
3051 6
3052 8
3053 3
3054 6
3055 12
3056 5
3057 9
3058 4
3059 6
3060 6
3061 7
3062 5
3063 8
3064 4
3065 5
3066 5
3067 9
3068 7
3069 3
3070 6
3071 4
3072 2
3073 5
3074 4
3075 8
3076 3
3077 7
3078 6
3079 3
3080 3
3081 4
3082 8
3083 2
3084 1
3085 7
3086 4
3087 7
3088 4
3089 4
3090 6
3091 5
3092 1
3093 6
3094 2
3095 3
3096 2
3097 7
3098 6
3099 11
3100 3
3101 6
3102 1
3103 8
3104 7
3105 2
3106 4
3107 4
3108 7
3109 4
3110 10
3111 6
3112 5
3113 3
3114 3
3115 10
3116 5
3117 6
3118 6
3119 5
3120 4
3121 7
3122 3
3123 7
3124 2
3125 5
3126 5
3127 6
3128 1
3129 5
3130 5
3131 3
3132 3
3133 7
3134 1
3135 4
3136 4
3137 7
3138 6
3139 4
3140 6
3141 5
3142 8
3143 3
3144 5
3145 3
3146 4
3147 2
3148 0
3149 3
3150 2
3151 2
3152 9
3153 7
3154 6
3155 6
3156 2
3157 3
3158 4
3159 7
3160 4
3161 4
3162 2
3163 6
3164 4
3165 4
3166 3
3167 5
3168 1
3169 0
3170 2
3171 6
3172 4
3173 7
3174 4
3175 5
3176 3
3177 4
3178 5
3179 3
3180 6
3181 5
3182 5
3183 4
3184 4
3185 2
3186 3
3187 3
3188 8
3189 1
3190 5
3191 8
3192 5
3193 4
3194 6
3195 5
3196 6
3197 2
3198 4
3199 1
3200 7
3201 2
3202 2
3203 3
3204 3
3205 3
3206 3
3207 3
3208 3
3209 3
3210 2
3211 4
3212 5
3213 3
3214 4
3215 2
3216 3
3217 9
3218 7
3219 3
3220 12
3221 2
3222 4
3223 7
3224 12
3225 3
3226 4
3227 9
3228 3
3229 6
3230 7
3231 7
3232 6
3233 3
3234 4
3235 6
3236 4
3237 7
3238 8
3239 6
3240 2
3241 5
3242 3
3243 5
3244 9
3245 4
3246 2
3247 3
3248 3
3249 4
3250 7
3251 5
3252 10
3253 7
3254 11
3255 4
3256 5
3257 8
3258 5
3259 5
3260 3
3261 3
3262 2
3263 6
3264 4
3265 7
3266 2
3267 2
3268 5
3269 8
3270 5
3271 5
3272 3
3273 2
3274 9
3275 5
3276 2
3277 3
3278 7
3279 5
3280 7
3281 6
3282 8
3283 5
3284 2
3285 5
3286 8
3287 7
3288 5
3289 6
3290 3
3291 9
3292 4
3293 7
3294 3
3295 6
3296 5
3297 5
3298 3
3299 1
3300 2
3301 6
3302 4
3303 3
3304 6
3305 4
3306 5
3307 1
3308 4
3309 7
3310 2
3311 2
3312 2
3313 2
3314 2
3315 4
3316 4
3317 5
3318 4
3319 9
3320 6
3321 4
3322 8
3323 7
3324 4
3325 8
3326 6
3327 5
3328 5
3329 3
3330 3
3331 5
3332 3
3333 5
3334 3
3335 2
3336 7
3337 7
3338 6
3339 1
3340 7
3341 2
3342 3
3343 4
3344 4
3345 3
3346 6
3347 4
3348 6
3349 3
3350 2
3351 4
3352 6
3353 7
3354 9
3355 5
3356 5
3357 4
3358 3
3359 1
3360 2
3361 4
3362 4
3363 6
3364 10
3365 3
3366 3
3367 7
3368 5
3369 5
3370 5
3371 5
3372 6
3373 3
3374 2
3375 6
3376 5
3377 9
3378 1
3379 4
3380 2
3381 3
3382 3
3383 1
3384 5
3385 4
3386 5
3387 5
3388 8
3389 2
3390 0
3391 5
3392 5
3393 5
3394 2
3395 4
3396 3
3397 1
3398 2
3399 3
3400 5
3401 1
3402 4
3403 4
3404 2
3405 2
3406 0
3407 6
3408 2
3409 9
3410 7
3411 11
3412 5
3413 2
3414 8
3415 5
3416 8
3417 6
3418 2
3419 4
3420 3
3421 6
3422 2
3423 5
3424 4
3425 4
3426 4
3427 5
3428 1
3429 2
3430 1
3431 4
3432 3
3433 4
3434 3
3435 2
3436 6
3437 3
3438 6
3439 3
3440 4
3441 5
3442 2
3443 4
3444 0
3445 7
3446 3
3447 3
3448 2
3449 2
3450 4
3451 3
3452 4
3453 2
3454 5
3455 3
3456 5
3457 4
3458 6
3459 2
3460 5
3461 3
3462 3
3463 1
3464 4
3465 2
3466 4
3467 5
3468 3
3469 0
3470 1
3471 2
3472 4
3473 7
3474 2
3475 5
3476 2
3477 5
3478 1
3479 2
3480 5
3481 5
3482 3
3483 2
3484 3
3485 6
3486 3
3487 3
3488 4
3489 2
3490 0
3491 3
3492 4
3493 1
3494 1
3495 4
3496 4
3497 2
3498 4
3499 5
3500 7
3501 3
3502 4
3503 3
3504 4
3505 4
3506 3
3507 2
3508 3
3509 4
3510 4
3511 4
3512 5
3513 5
3514 3
3515 6
3516 4
3517 2
3518 4
3519 7
3520 6
3521 1
3522 1
3523 5
3524 4
3525 4
3526 2
3527 0
3528 1
3529 7
3530 2
3531 4
3532 0
3533 3
3534 4
3535 4
3536 3
3537 2
3538 4
3539 0
3540 3
3541 7
3542 5
3543 2
3544 4
3545 1
3546 4
3547 1
3548 3
3549 2
3550 3
3551 2
3552 1
3553 1
3554 3
3555 1
3556 1
3557 2
3558 3
3559 7
3560 5
3561 1
3562 3
3563 3
3564 2
3565 4
3566 4
3567 1
3568 6
3569 1
3570 7
3571 5
3572 2
3573 4
3574 6
3575 5
3576 4
3577 2
3578 7
3579 4
3580 5
3581 3
3582 2
3583 3
3584 6
3585 4
3586 7
3587 4
3588 3
3589 2
3590 2
3591 5
3592 2
3593 3
3594 3
3595 4
3596 2
3597 3
3598 0
3599 4
3600 2
3601 2
3602 4
3603 3
3604 3
3605 3
3606 4
3607 1
3608 3
3609 5
3610 6
3611 3
3612 4
3613 3
3614 3
3615 1
3616 5
3617 0
3618 3
3619 4
3620 7
3621 3
3622 3
3623 6
3624 4
3625 3
3626 1
3627 5
3628 1
3629 5
3630 5
3631 6
3632 4
3633 5
3634 1
3635 8
3636 2
3637 5
3638 6
3639 2
3640 2
3641 4
3642 7
3643 3
3644 4
3645 1
3646 4
3647 3
3648 2
3649 4
3650 0
3651 2
3652 3
3653 4
3654 1
3655 3
3656 3
3657 1
3658 7
3659 3
3660 4
3661 3
3662 3
3663 3
3664 3
3665 5
3666 5
3667 2
3668 2
3669 5
3670 3
3671 3
3672 2
3673 1
3674 1
3675 3
3676 4
3677 4
3678 5
3679 3
3680 6
3681 5
3682 3
3683 3
3684 8
3685 3
3686 5
3687 4
3688 6
3689 2
3690 4
3691 4
3692 4
3693 1
3694 5
3695 1
3696 2
3697 1
3698 2
3699 2
3700 3
3701 1
3702 4
3703 4
3704 2
3705 3
3706 2
3707 1
3708 2
3709 4
3710 2
3711 7
3712 6
3713 7
3714 5
3715 5
3716 3
3717 3
3718 3
3719 4
3720 3
3721 5
3722 3
3723 2
3724 7
3725 6
3726 2
3727 3
3728 4
3729 5
3730 4
3731 4
3732 7
3733 1
3734 2
3735 3
3736 4
3737 2
3738 4
3739 4
3740 4
3741 1
3742 4
3743 2
3744 2
3745 2
3746 3
3747 2
3748 2
3749 2
3750 4
3751 5
3752 4
3753 4
3754 4
3755 6
3756 4
3757 1
3758 3
3759 3
3760 3
3761 1
3762 3
3763 3
3764 4
3765 4
3766 4
3767 1
3768 5
3769 1
3770 5
3771 1
3772 1
3773 3
3774 1
3775 0
3776 3
3777 2
3778 7
3779 2
3780 3
3781 5
3782 3
3783 8
3784 3
3785 1
3786 4
3787 3
3788 3
3789 2
3790 1
3791 1
3792 4
3793 6
3794 4
3795 1
3796 1
3797 3
3798 2
3799 2
3800 4
3801 2
3802 2
3803 2
3804 3
3805 4
3806 1
3807 4
3808 2
3809 3
3810 4
3811 0
3812 4
3813 3
3814 3
3815 3
3816 1
3817 2
3818 3
3819 4
3820 4
3821 2
3822 0
3823 1
3824 3
3825 3
3826 1
3827 3
3828 3
3829 4
3830 4
3831 2
3832 2
3833 3
3834 0
3835 4
3836 2
3837 2
3838 1
3839 2
3840 1
3841 2
3842 1
3843 2
3844 4
3845 3
3846 4
3847 1
3848 1
3849 5
3850 5
3851 4
3852 3
3853 1
3854 2
3855 2
3856 2
3857 2
3858 3
3859 0
3860 10
3861 1
3862 3
3863 5
3864 7
3865 4
3866 5
3867 3
3868 2
3869 4
3870 0
3871 2
3872 5
3873 1
3874 3
3875 4
3876 1
3877 3
3878 2
3879 6
3880 1
3881 0
3882 3
3883 2
3884 4
3885 5
3886 3
3887 5
3888 4
3889 4
3890 3
3891 0
3892 4
3893 2
3894 4
3895 0
3896 1
3897 1
3898 4
3899 4
3900 5
3901 3
3902 4
3903 4
3904 2
3905 3
3906 7
3907 4
3908 2
3909 2
3910 2
3911 7
3912 5
3913 0
3914 4
3915 1
3916 4
3917 4
3918 0
3919 3
3920 1
3921 8
3922 8
3923 4
3924 0
3925 2
3926 0
3927 7
3928 0
3929 4
3930 3
3931 0
3932 5
3933 5
3934 5
3935 2
3936 4
3937 3
3938 3
3939 2
3940 4
3941 6
3942 7
3943 3
3944 6
3945 7
3946 4
3947 2
3948 4
3949 3
3950 3
3951 6
3952 6
3953 1
3954 4
3955 3
3956 4
3957 6
3958 5
3959 2
3960 2
3961 5
3962 3
3963 4
3964 5
3965 7
3966 1
3967 3
3968 5
3969 6
3970 1
3971 3
3972 4
3973 2
3974 4
3975 6
3976 4
3977 5
3978 4
3979 2
3980 2
3981 5
3982 1
3983 3
3984 3
3985 2
3986 5
3987 2
3988 5
3989 3
3990 5
3991 2
3992 5
3993 5
3994 1
3995 4
3996 2
3997 5
3998 4
3999 2
4000 2
4001 4
4002 1
4003 3
4004 4
4005 3
4006 5
4007 5
4008 1
4009 2
4010 5
4011 4
4012 2
4013 3
4014 5
4015 1
4016 3
4017 2
4018 1
4019 2
4020 1
4021 6
4022 4
4023 2
4024 4
4025 1
4026 1
4027 1
4028 1
4029 0
4030 3
4031 2
4032 0
4033 2
4034 1
4035 3
4036 2
4037 0
4038 2
4039 4
4040 2
4041 2
4042 2
4043 1
4044 1
4045 2
4046 1
4047 4
4048 5
4049 2
4050 3
4051 2
4052 1
4053 5
4054 3
4055 2
4056 5
4057 0
4058 2
4059 4
4060 0
4061 3
4062 3
4063 0
4064 2
4065 5
4066 4
4067 3
4068 1
4069 2
4070 3
4071 6
4072 4
4073 4
4074 4
4075 3
4076 2
4077 3
4078 4
4079 1
4080 5
4081 2
4082 2
4083 2
4084 5
4085 2
4086 3
4087 0
4088 2
4089 4
4090 3
4091 4
4092 1
4093 3
4094 3
4095 5
4096 2
4097 2
4098 4
4099 4
4100 4
4101 4
4102 6
4103 1
4104 5
4105 2
4106 4
4107 4
4108 5
4109 5
4110 2
4111 2
4112 2
4113 2
4114 0
4115 4
4116 1
4117 2
4118 6
4119 3
4120 0
4121 0
4122 2
4123 3
4124 2
4125 3
4126 0
4127 5
4128 5
4129 4
4130 1
4131 1
4132 2
4133 4
4134 3
4135 3
4136 1
4137 0
4138 1
4139 3
4140 2
4141 4
4142 1
4143 3
4144 4
4145 4
4146 4
4147 4
4148 0
4149 2
4150 2
4151 0
4152 3
4153 3
4154 2
4155 2
4156 1
4157 1
4158 2
4159 0
4160 5
4161 3
4162 1
4163 2
4164 3
4165 3
4166 5
4167 3
4168 1
4169 2
4170 2
4171 1
4172 5
4173 2
4174 2
4175 2
4176 1
4177 3
4178 4
4179 2
4180 2
4181 2
4182 2
4183 1
4184 2
4185 1
4186 5
4187 2
4188 3
4189 1
4190 5
4191 2
4192 6
4193 1
4194 0
4195 2
4196 1
4197 3
4198 3
4199 2
4200 6
4201 2
4202 2
4203 4
4204 1
4205 2
4206 1
4207 6
4208 3
4209 1
4210 3
4211 1
4212 3
4213 4
4214 2
4215 0
4216 5
4217 3
4218 5
4219 2
4220 3
4221 2
4222 0
4223 1
4224 3
4225 3
4226 3
4227 2
4228 1
4229 2
4230 4
4231 2
4232 4
4233 3
4234 2
4235 1
4236 1
4237 2
4238 4
4239 4
4240 1
4241 4
4242 2
4243 3
4244 3
4245 3
4246 2
4247 2
4248 4
4249 3
4250 2
4251 3
4252 3
4253 1
4254 2
4255 2
4256 3
4257 2
4258 1
4259 3
4260 1
4261 1
4262 1
4263 3
4264 0
4265 5
4266 1
4267 1
4268 1
4269 3
4270 4
4271 0
4272 0
4273 1
4274 3
4275 3
4276 4
4277 1
4278 0
4279 0
4280 2
4281 3
4282 2
4283 2
4284 0
4285 1
4286 1
4287 1
4288 3
4289 3
4290 2
4291 2
4292 5
4293 1
4294 0
4295 0
4296 4
4297 3
4298 5
4299 5
4300 3
4301 1
4302 1
4303 0
4304 2
4305 3
4306 0
4307 3
4308 2
4309 2
4310 1
4311 3
4312 3
4313 1
4314 2
4315 4
4316 3
4317 5
4318 3
4319 1
4320 2
4321 3
4322 1
4323 1
4324 0
4325 3
4326 3
4327 1
4328 1
4329 1
4330 2
4331 0
4332 1
4333 0
4334 0
4335 1
4336 0
4337 0
4338 3
4339 1
4340 1
4341 1
4342 3
4343 4
4344 3
4345 0
4346 4
4347 3
4348 1
4349 3
4350 3
4351 1
4352 5
4353 2
4354 3
4355 1
4356 5
4357 1
4358 1
4359 3
4360 4
4361 3
4362 6
4363 3
4364 2
4365 3
4366 2
4367 3
4368 2
4369 3
4370 1
4371 4
4372 2
4373 3
4374 1
4375 3
4376 1
4377 2
4378 1
4379 2
4380 5
4381 4
4382 3
4383 1
4384 2
4385 3
4386 2
4387 2
4388 1
4389 3
4390 3
4391 1
4392 3
4393 2
4394 7
4395 5
4396 3
4397 2
4398 2
4399 3
4400 7
4401 1
4402 2
4403 1
4404 0
4405 4
4406 1
4407 2
4408 0
4409 4
4410 3
4411 2
4412 1
4413 3
4414 3
4415 4
4416 2
4417 1
4418 1
4419 3
4420 2
4421 3
4422 2
4423 2
4424 5
4425 1
4426 3
4427 1
4428 1
4429 3
4430 3
4431 0
4432 6
4433 2
4434 5
4435 5
4436 1
4437 4
4438 4
4439 2
4440 4
4441 4
4442 2
4443 0
4444 2
4445 2
4446 2
4447 0
4448 4
4449 1
4450 1
4451 1
4452 2
4453 5
4454 3
4455 4
4456 2
4457 1
4458 2
4459 2
4460 2
4461 2
4462 2
4463 2
4464 2
4465 2
4466 2
4467 0
4468 3
4469 3
4470 2
4471 0
4472 2
4473 3
4474 2
4475 2
4476 1
4477 2
4478 1
4479 3
4480 4
4481 3
4482 2
4483 2
4484 4
4485 0
4486 0
4487 3
4488 1
4489 2
4490 2
4491 5
4492 0
4493 0
4494 0
4495 3
4496 3
4497 1
4498 1
4499 3
4500 2
4501 2
4502 2
4503 3
4504 3
4505 5
4506 2
4507 3
4508 2
4509 3
4510 4
4511 5
4512 1
4513 5
4514 4
4515 2
4516 1
4517 6
4518 3
4519 1
4520 7
4521 7
4522 5
4523 2
4524 1
4525 2
4526 2
4527 3
4528 0
4529 0
4530 0
4531 0
4532 0
4533 2
4534 4
4535 4
4536 2
4537 2
4538 3
4539 4
4540 4
4541 0
4542 3
4543 3
4544 3
4545 1
4546 0
4547 5
4548 3
4549 4
4550 2
4551 1
4552 2
4553 2
4554 5
4555 7
4556 2
4557 0
4558 4
4559 4
4560 4
4561 2
4562 1
4563 5
4564 1
4565 2
4566 1
4567 2
4568 3
4569 1
4570 5
4571 2
4572 5
4573 2
4574 3
4575 6
4576 3
4577 6
4578 5
4579 4
4580 4
4581 4
4582 1
4583 3
4584 1
4585 2
4586 2
4587 3
4588 3
4589 6
4590 3
4591 0
4592 1
4593 1
4594 2
4595 3
4596 1
4597 1
4598 3
4599 1
4600 0
4601 5
4602 2
4603 4
4604 0
4605 3
4606 2
4607 5
4608 0
4609 2
4610 3
4611 4
4612 2
4613 2
4614 3
4615 2
4616 0
4617 3
4618 1
4619 0
4620 2
4621 1
4622 4
4623 3
4624 2
4625 0
4626 4
4627 2
4628 3
4629 1
4630 2
4631 1
4632 1
4633 0
4634 5
4635 8
4636 2
4637 2
4638 2
4639 3
4640 2
4641 3
4642 3
4643 1
4644 1
4645 2
4646 1
4647 5
4648 3
4649 0
4650 2
4651 0
4652 3
4653 1
4654 4
4655 4
4656 4
4657 1
4658 0
4659 3
4660 1
4661 3
4662 2
4663 4
4664 0
4665 3
4666 3
4667 2
4668 2
4669 0
4670 1
4671 1
4672 1
4673 0
4674 7
4675 0
4676 1
4677 1
4678 2
4679 2
4680 1
4681 2
4682 5
4683 1
4684 0
4685 3
4686 2
4687 3
4688 3
4689 4
4690 2
4691 0
4692 2
4693 3
4694 2
4695 3
4696 2
4697 0
4698 0
4699 1
4700 3
4701 2
4702 0
4703 3
4704 0
4705 3
4706 4
4707 1
4708 2
4709 1
4710 4
4711 3
4712 3
4713 0
4714 1
4715 2
4716 2
4717 0
4718 1
4719 2
4720 2
4721 3
4722 5
4723 4
4724 2
4725 3
4726 1
4727 2
4728 2
4729 1
4730 1
4731 1
4732 4
4733 5
4734 2
4735 1
4736 3
4737 2
4738 1
4739 3
4740 3
4741 2
4742 1
4743 6
4744 5
4745 2
4746 4
4747 4
4748 3
4749 3
4750 4
4751 1
4752 8
4753 1
4754 4
4755 1
4756 1
4757 1
4758 2
4759 3
4760 2
4761 2
4762 1
4763 2
4764 1
4765 2
4766 2
4767 0
4768 1
4769 2
4770 2
4771 1
4772 4
4773 2
4774 2
4775 2
4776 2
4777 3
4778 2
4779 2
4780 2
4781 0
4782 3
4783 2
4784 1
4785 2
4786 3
4787 3
4788 1
4789 2
4790 2
4791 4
4792 5
4793 1
4794 3
4795 3
4796 5
4797 2
4798 5
4799 3
4800 4
4801 2
4802 6
4803 0
4804 2
4805 2
4806 4
4807 4
4808 1
4809 4
4810 2
4811 0
4812 4
4813 3
4814 3
4815 3
4816 4
4817 3
4818 0
4819 1
4820 2
4821 1
4822 1
4823 3
4824 3
4825 1
4826 2
4827 3
4828 4
4829 1
4830 2
4831 1
4832 3
4833 2
4834 3
4835 4
4836 3
4837 1
4838 0
4839 2
4840 3
4841 2
4842 3
4843 3
4844 3
4845 4
4846 7
4847 1
4848 0
4849 4
4850 2
4851 4
4852 3
4853 2
4854 7
4855 1
4856 3
4857 1
4858 1
4859 1
4860 2
4861 5
4862 3
4863 2
4864 2
4865 4
4866 2
4867 2
4868 1
4869 2
4870 3
4871 1
4872 0
4873 0
4874 4
4875 1
4876 1
4877 2
4878 1
4879 2
4880 3
4881 1
4882 1
4883 3
4884 2
4885 2
4886 3
4887 1
4888 3
4889 4
4890 4
4891 3
4892 1
4893 0
4894 2
4895 2
4896 2
4897 4
4898 2
4899 3
4900 5
4901 3
4902 5
4903 3
4904 4
4905 2
4906 3
4907 1
4908 1
4909 2
4910 3
4911 0
4912 4
4913 4
4914 2
4915 4
4916 0
4917 1
4918 1
4919 4
4920 2
4921 2
4922 1
4923 7
4924 0
4925 1
4926 1
4927 2
4928 1
4929 1
4930 0
4931 3
4932 2
4933 6
4934 4
4935 2
4936 6
4937 8
4938 3
4939 8
4940 2
4941 1
4942 1
4943 5
4944 2
4945 3
4946 4
4947 3
4948 2
4949 5
4950 5
4951 2
4952 2
4953 2
4954 6
4955 2
4956 2
4957 2
4958 4
4959 2
4960 2
4961 2
4962 1
4963 2
4964 5
4965 0
4966 1
4967 0
4968 1
4969 5
4970 3
4971 2
4972 3
4973 5
4974 3
4975 2
4976 5
4977 3
4978 2
4979 1
4980 8
4981 2
4982 2
4983 1
4984 5
4985 1
4986 5
4987 1
4988 0
4989 1
4990 3
4991 0
4992 1
4993 1
4994 3
4995 2
4996 2
4997 2
4998 3
4999 2
5000 4
5001 1
5002 2
5003 2
5004 2
5005 2
5006 7
5007 5
5008 4
5009 5
5010 2
5011 3
5012 5
5013 2
5014 1
5015 2
5016 1
5017 1
5018 7
5019 4
5020 0
5021 8
5022 3
5023 0
5024 4
5025 2
5026 5
5027 3
5028 1
5029 1
5030 2
5031 1
5032 3
5033 2
5034 1
5035 1
5036 1
5037 4
5038 0
5039 2
5040 3
5041 2
5042 2
5043 2
5044 3
5045 1
5046 2
5047 4
5048 8
5049 2
5050 1
5051 5
5052 1
5053 4
5054 1
5055 1
5056 2
5057 3
5058 3
5059 2
5060 4
5061 1
5062 1
5063 2
5064 3
5065 4
5066 2
5067 0
5068 2
5069 3
5070 3
5071 3
5072 2
5073 3
5074 1
5075 1
5076 2
5077 6
5078 4
5079 0
5080 2
5081 3
5082 5
5083 0
5084 1
5085 5
5086 3
5087 3
5088 4
5089 2
5090 2
5091 4
5092 3
5093 2
5094 0
5095 1
5096 3
5097 0
5098 3
5099 4
5100 0
5101 2
5102 2
5103 2
5104 1
5105 3
5106 4
5107 2
5108 2
5109 1
5110 3
5111 3
5112 0
5113 2
5114 1
5115 2
5116 1
5117 1
5118 1
5119 1
5120 4
5121 1
5122 4
5123 2
5124 1
5125 1
5126 2
5127 2
5128 2
5129 3
5130 2
5131 3
5132 4
5133 3
5134 0
5135 2
5136 3
5137 2
5138 2
5139 3
5140 3
5141 2
5142 3
5143 2
5144 1
5145 0
5146 2
5147 2
5148 0
5149 4
5150 4
5151 1
5152 6
5153 0
5154 3
5155 0
5156 1
5157 1
5158 1
5159 1
5160 4
5161 1
5162 4
5163 3
5164 8
5165 3
5166 3
5167 2
5168 3
5169 6
5170 1
5171 0
5172 3
5173 2
5174 4
5175 2
5176 4
5177 3
5178 2
5179 1
5180 3
5181 3
5182 2
5183 1
5184 1
5185 1
5186 1
5187 1
5188 2
5189 2
5190 2
5191 3
5192 2
5193 1
5194 2
5195 0
5196 5
5197 4
5198 2
5199 4
5200 4
5201 4
5202 3
5203 4
5204 2
5205 2
5206 1
5207 3
5208 3
5209 3
5210 0
5211 3
5212 0
5213 4
5214 2
5215 0
5216 3
5217 2
5218 3
5219 2
5220 6
5221 2
5222 1
5223 1
5224 6
5225 0
5226 1
5227 2
5228 2
5229 4
5230 0
5231 1
5232 2
5233 1
5234 0
5235 0
5236 2
5237 0
5238 3
5239 1
5240 1
5241 2
5242 5
5243 2
5244 0
5245 2
5246 4
5247 5
5248 3
5249 3
5250 0
5251 1
5252 1
5253 3
5254 3
5255 5
5256 1
5257 1
5258 2
5259 3
5260 4
5261 1
5262 1
5263 0
5264 3
5265 5
5266 4
5267 2
5268 5
5269 1
5270 4
5271 2
5272 1
5273 0
5274 2
5275 3
5276 3
5277 4
5278 2
5279 4
5280 3
5281 1
5282 0
5283 1
5284 2
5285 1
5286 1
5287 3
5288 3
5289 2
5290 0
5291 1
5292 2
5293 0
5294 2
5295 1
5296 1
5297 0
5298 4
5299 2
5300 2
5301 1
5302 5
5303 3
5304 1
5305 1
5306 6
5307 1
5308 3
5309 1
5310 2
5311 0
5312 1
5313 4
5314 0
5315 1
5316 1
5317 2
5318 3
5319 2
5320 2
5321 1
5322 1
5323 3
5324 2
5325 3
5326 3
5327 3
5328 0
5329 3
5330 4
5331 4
5332 1
5333 4
5334 3
5335 1
5336 2
5337 2
5338 3
5339 2
5340 2
5341 2
5342 1
5343 2
5344 0
5345 1
5346 1
5347 3
5348 0
5349 2
5350 3
5351 3
5352 4
5353 1
5354 4
5355 3
5356 1
5357 1
5358 4
5359 4
5360 2
5361 2
5362 1
5363 4
5364 2
5365 1
5366 2
5367 1
5368 0
5369 2
5370 1
5371 3
5372 2
5373 2
5374 2
5375 2
5376 2
5377 1
5378 4
5379 6
5380 1
5381 2
5382 3
5383 2
5384 6
5385 3
5386 1
5387 2
5388 1
5389 2
5390 2
5391 0
5392 3
5393 1
5394 3
5395 1
5396 2
5397 2
5398 5
5399 2
5400 0
5401 1
5402 1
5403 0
5404 4
5405 2
5406 3
5407 1
5408 2
5409 4
5410 0
5411 1
5412 2
5413 1
5414 3
5415 3
5416 2
5417 0
5418 1
5419 1
5420 1
5421 3
5422 1
5423 1
5424 1
5425 1
5426 1
5427 2
5428 0
5429 2
5430 1
5431 6
5432 1
5433 3
5434 0
5435 1
5436 2
5437 3
5438 1
5439 0
5440 0
5441 2
5442 6
5443 1
5444 2
5445 1
5446 3
5447 1
5448 0
5449 1
5450 3
5451 1
5452 0
5453 2
5454 1
5455 1
5456 4
5457 2
5458 2
5459 1
5460 1
5461 2
5462 4
5463 0
5464 2
5465 3
5466 1
5467 1
5468 0
5469 1
5470 3
5471 1
5472 3
5473 0
5474 1
5475 2
5476 3
5477 2
5478 4
5479 0
5480 1
5481 1
5482 3
5483 1
5484 1
5485 0
5486 2
5487 1
5488 0
5489 5
5490 1
5491 0
5492 2
5493 3
5494 0
5495 1
5496 2
5497 1
5498 2
5499 2
5500 1
5501 3
5502 1
5503 5
5504 2
5505 2
5506 0
5507 2
5508 2
5509 4
5510 0
5511 1
5512 2
5513 2
5514 1
5515 1
5516 1
5517 0
5518 4
5519 2
5520 4
5521 0
5522 2
5523 1
5524 1
5525 0
5526 3
5527 0
5528 2
5529 2
5530 1
5531 3
5532 2
5533 1
5534 2
5535 0
5536 1
5537 2
5538 0
5539 1
5540 2
5541 1
5542 5
5543 1
5544 3
5545 0
5546 2
5547 2
5548 0
5549 1
5550 2
5551 1
5552 2
5553 2
5554 1
5555 2
5556 1
5557 1
5558 1
5559 1
5560 6
5561 0
5562 2
5563 2
5564 2
5565 0
5566 0
5567 0
5568 0
5569 3
5570 2
5571 1
5572 0
5573 1
5574 3
5575 2
5576 3
5577 1
5578 1
5579 1
5580 0
5581 1
5582 1
5583 5
5584 0
5585 2
5586 1
5587 2
5588 1
5589 1
5590 1
5591 2
5592 0
5593 0
5594 2
5595 3
5596 4
5597 3
5598 3
5599 3
5600 4
5601 1
5602 4
5603 1
5604 1
5605 2
5606 3
5607 0
5608 0
5609 1
5610 1
5611 1
5612 1
5613 1
5614 3
5615 1
5616 1
5617 2
5618 2
5619 3
5620 2
5621 5
5622 1
5623 1
5624 4
5625 2
5626 2
5627 3
5628 0
5629 1
5630 2
5631 0
5632 0
5633 2
5634 4
5635 3
5636 1
5637 0
5638 2
5639 0
5640 2
5641 2
5642 3
5643 3
5644 1
5645 2
5646 3
5647 0
5648 2
5649 2
5650 0
5651 2
5652 4
5653 1
5654 1
5655 1
5656 0
5657 1
5658 1
5659 1
5660 2
5661 1
5662 1
5663 0
5664 1
5665 0
5666 4
5667 4
5668 2
5669 1
5670 1
5671 2
5672 0
5673 1
5674 0
5675 0
5676 1
5677 0
5678 2
5679 0
5680 0
5681 1
5682 4
5683 1
5684 0
5685 0
5686 0
5687 0
5688 0
5689 4
5690 2
5691 2
5692 2
5693 2
5694 1
5695 3
5696 1
5697 1
5698 0
5699 2
5700 2
5701 1
5702 3
5703 0
5704 1
5705 1
5706 2
5707 2
5708 1
5709 3
5710 2
5711 1
5712 3
5713 3
5714 2
5715 0
5716 3
5717 4
5718 1
5719 0
5720 1
5721 1
5722 0
5723 1
5724 2
5725 1
5726 3
5727 1
5728 0
5729 1
5730 0
5731 1
5732 4
5733 0
5734 1
5735 3
5736 1
5737 3
5738 1
5739 2
5740 0
5741 1
5742 2
5743 1
5744 0
5745 1
5746 1
5747 0
5748 3
5749 3
5750 3
5751 2
5752 1
5753 0
5754 1
5755 0
5756 3
5757 3
5758 0
5759 1
5760 2
5761 2
5762 0
5763 3
5764 0
5765 0
5766 2
5767 1
5768 0
5769 1
5770 3
5771 2
5772 1
5773 2
5774 1
5775 0
5776 0
5777 2
5778 0
5779 2
5780 1
5781 2
5782 2
5783 2
5784 4
5785 0
5786 1
5787 1
5788 0
5789 1
5790 1
5791 1
5792 2
5793 0
5794 3
5795 1
5796 4
5797 0
5798 4
5799 0
5800 1
5801 1
5802 0
5803 0
5804 0
5805 1
5806 1
5807 1
5808 2
5809 1
5810 1
5811 0
5812 1
5813 0
5814 2
5815 1
5816 4
5817 1
5818 1
5819 1
5820 1
5821 0
5822 0
5823 2
5824 3
5825 2
5826 1
5827 0
5828 0
5829 2
5830 2
5831 2
5832 1
5833 2
5834 0
5835 2
5836 0
5837 0
5838 1
5839 2
5840 1
5841 1
5842 1
5843 0
5844 1
5845 2
5846 1
5847 0
5848 3
5849 0
5850 0
5851 2
5852 1
5853 1
5854 1
5855 1
5856 2
5857 0
5858 1
5859 3
5860 2
5861 3
5862 0
5863 2
5864 4
5865 2
5866 0
5867 2
5868 2
5869 3
5870 4
5871 1
5872 1
5873 0
5874 4
5875 1
5876 2
5877 0
5878 2
5879 1
5880 0
5881 0
5882 1
5883 0
5884 1
5885 2
5886 1
5887 0
5888 2
5889 1
5890 1
5891 1
5892 1
5893 0
5894 1
5895 1
5896 0
5897 1
5898 0
5899 1
5900 0
5901 1
5902 2
5903 2
5904 0
5905 1
5906 0
5907 0
5908 0
5909 1
5910 1
5911 1
5912 2
5913 1
5914 0
5915 1
5916 0
5917 1
5918 1
5919 1
5920 3
5921 2
5922 1
5923 1
5924 2
5925 3
5926 1
5927 3
5928 1
5929 0
5930 3
5931 0
5932 3
5933 1
5934 3
5935 1
5936 0
5937 1
5938 2
5939 0
5940 0
5941 1
5942 0
5943 1
5944 1
5945 1
5946 3
5947 1
5948 3
5949 0
5950 1
5951 0
5952 1
5953 1
5954 1
5955 1
5956 1
5957 1
5958 4
5959 2
5960 2
5961 2
5962 0
5963 0
5964 2
5965 0
5966 0
5967 1
5968 0
5969 0
5970 1
5971 0
5972 2
5973 2
5974 1
5975 0
5976 2
5977 2
5978 1
5979 4
5980 3
5981 3
5982 2
5983 1
5984 1
5985 0
5986 0
5987 0
5988 1
5989 0
5990 3
5991 4
5992 3
5993 3
5994 0
5995 1
5996 1
5997 1
5998 1
5999 1
6000 2
6001 2
6002 1
6003 0
6004 3
6005 0
6006 0
6007 2
6008 2
6009 1
6010 1
6011 2
6012 1
6013 3
6014 0
6015 1
6016 1
6017 1
6018 1
6019 0
6020 1
6021 1
6022 1
6023 2
6024 1
6025 0
6026 1
6027 1
6028 2
6029 0
6030 0
6031 1
6032 1
6033 2
6034 1
6035 0
6036 1
6037 0
6038 0
6039 0
6040 1
6041 0
6042 3
6043 0
6044 3
6045 2
6046 2
6047 0
6048 1
6049 1
6050 1
6051 2
6052 3
6053 0
6054 1
6055 1
6056 1
6057 0
6058 1
6059 1
6060 0
6061 1
6062 0
6063 2
6064 2
6065 3
6066 2
6067 2
6068 0
6069 1
6070 0
6071 2
6072 4
6073 0
6074 1
6075 2
6076 2
6077 1
6078 2
6079 0
6080 3
6081 2
6082 1
6083 0
6084 1
6085 1
6086 3
6087 3
6088 0
6089 1
6090 1
6091 0
6092 1
6093 1
6094 3
6095 1
6096 0
6097 0
6098 1
6099 1
6100 2
6101 2
6102 0
6103 0
6104 2
6105 3
6106 1
6107 3
6108 0
6109 4
6110 3
6111 4
6112 0
6113 2
6114 2
6115 0
6116 2
6117 0
6118 1
6119 0
6120 0
6121 2
6122 1
6123 3
6124 6
6125 0
6126 3
6127 2
6128 5
6129 3
6130 1
6131 0
6132 1
6133 3
6134 2
6135 1
6136 3
6137 1
6138 4
6139 3
6140 4
6141 1
6142 1
6143 2
6144 0
6145 0
6146 1
6147 0
6148 0
6149 4
6150 3
6151 2
6152 2
6153 2
6154 0
6155 2
6156 4
6157 0
6158 1
6159 0
6160 0
6161 1
6162 1
6163 1
6164 1
6165 2
6166 5
6167 2
6168 2
6169 0
6170 2
6171 1
6172 0
6173 1
6174 1
6175 2
6176 2
6177 0
6178 1
6179 1
6180 1
6181 2
6182 1
6183 0
6184 1
6185 2
6186 0
6187 0
6188 0
6189 1
6190 1
6191 2
6192 2
6193 1
6194 2
6195 1
6196 1
6197 0
6198 1
6199 2
6200 1
6201 1
6202 1
6203 0
6204 0
6205 0
6206 1
6207 0
6208 2
6209 2
6210 0
6211 0
6212 1
6213 2
6214 1
6215 1
6216 1
6217 0
6218 3
6219 1
6220 1
6221 0
6222 2
6223 3
6224 2
6225 0
6226 0
6227 1
6228 2
6229 0
6230 1
6231 0
6232 0
6233 1
6234 0
6235 0
6236 0
6237 0
6238 1
6239 0
6240 0
6241 3
6242 0
6243 0
6244 0
6245 3
6246 0
6247 3
6248 2
6249 3
6250 1
6251 1
6252 2
6253 0
6254 1
6255 1
6256 1
6257 1
6258 3
6259 2
6260 2
6261 0
6262 0
6263 3
6264 2
6265 4
6266 1
6267 1
6268 4
6269 0
6270 1
6271 2
6272 3
6273 3
6274 0
6275 0
6276 2
6277 1
6278 2
6279 2
6280 0
6281 1
6282 4
6283 1
6284 1
6285 2
6286 3
6287 2
6288 2
6289 2
6290 6
6291 2
6292 2
6293 1
6294 0
6295 0
6296 3
6297 1
6298 1
6299 2
6300 3
6301 1
6302 2
6303 0
6304 1
6305 0
6306 0
6307 1
6308 4
6309 0
6310 2
6311 1
6312 1
6313 1
6314 1
6315 0
6316 2
6317 1
6318 0
6319 2
6320 0
6321 1
6322 2
6323 2
6324 1
6325 1
6326 4
6327 0
6328 0
6329 1
6330 1
6331 2
6332 0
6333 1
6334 2
6335 2
6336 2
6337 1
6338 0
6339 0
6340 0
6341 1
6342 2
6343 2
6344 3
6345 1
6346 0
6347 1
6348 3
6349 1
6350 1
6351 0
6352 2
6353 0
6354 2
6355 0
6356 0
6357 3
6358 1
6359 0
6360 3
6361 2
6362 4
6363 0
6364 1
6365 1
6366 0
6367 2
6368 0
6369 4
6370 1
6371 2
6372 1
6373 0
6374 0
6375 1
6376 1
6377 0
6378 1
6379 2
6380 3
6381 0
6382 4
6383 0
6384 0
6385 2
6386 0
6387 1
6388 3
6389 2
6390 1
6391 3
6392 4
6393 1
6394 1
6395 1
6396 3
6397 2
6398 1
6399 2
6400 2
6401 2
6402 2
6403 1
6404 2
6405 0
6406 0
6407 1
6408 1
6409 0
6410 0
6411 1
6412 0
6413 3
6414 1
6415 2
6416 3
6417 2
6418 2
6419 2
6420 2
6421 1
6422 0
6423 0
6424 0
6425 1
6426 2
6427 2
6428 2
6429 2
6430 1
6431 2
6432 0
6433 2
6434 0
6435 0
6436 0
6437 1
6438 3
6439 1
6440 2
6441 2
6442 0
6443 0
6444 1
6445 2
6446 1
6447 0
6448 0
6449 1
6450 1
6451 2
6452 1
6453 0
6454 2
6455 0
6456 4
6457 2
6458 3
6459 1
6460 2
6461 0
6462 0
6463 2
6464 1
6465 3
6466 0
6467 0
6468 1
6469 2
6470 1
6471 2
6472 1
6473 0
6474 1
6475 5
6476 1
6477 3
6478 2
6479 1
6480 1
6481 2
6482 4
6483 1
6484 0
6485 1
6486 0
6487 1
6488 1
6489 0
6490 0
6491 0
6492 1
6493 1
6494 2
6495 0
6496 1
6497 1
6498 2
6499 0
6500 0
6501 2
6502 2
6503 0
6504 3
6505 3
6506 3
6507 1
6508 1
6509 2
6510 1
6511 3
6512 4
6513 1
6514 1
6515 2
6516 1
6517 2
6518 4
6519 1
6520 2
6521 1
6522 2
6523 3
6524 2
6525 0
6526 3
6527 0
6528 2
6529 2
6530 2
6531 2
6532 1
6533 0
6534 3
6535 1
6536 2
6537 1
6538 0
6539 1
6540 2
6541 1
6542 1
6543 0
6544 1
6545 0
6546 2
6547 1
6548 1
6549 2
6550 0
6551 5
6552 0
6553 2
6554 1
6555 3
6556 0
6557 1
6558 2
6559 1
6560 1
6561 2
6562 5
6563 1
6564 0
6565 3
6566 0
6567 1
6568 2
6569 1
6570 2
6571 2
6572 1
6573 0
6574 2
6575 3
6576 2
6577 0
6578 1
6579 2
6580 0
6581 3
6582 2
6583 2
6584 1
6585 3
6586 1
6587 1
6588 0
6589 2
6590 1
6591 1
6592 2
6593 1
6594 0
6595 0
6596 0
6597 1
6598 1
6599 2
6600 0
6601 2
6602 0
6603 1
6604 1
6605 1
6606 0
6607 2
6608 0
6609 2
6610 1
6611 1
6612 0
6613 2
6614 1
6615 3
6616 1
6617 0
6618 1
6619 2
6620 0
6621 1
6622 2
6623 1
6624 0
6625 0
6626 2
6627 1
6628 0
6629 1
6630 4
6631 2
6632 3
6633 1
6634 2
6635 3
6636 4
6637 1
6638 3
6639 6
6640 3
6641 3
6642 1
6643 1
6644 0
6645 0
6646 1
6647 2
6648 0
6649 0
6650 3
6651 3
6652 1
6653 1
6654 4
6655 1
6656 1
6657 0
6658 1
6659 3
6660 1
6661 1
6662 3
6663 1
6664 0
6665 0
6666 1
6667 0
6668 1
6669 4
6670 2
6671 3
6672 2
6673 2
6674 1
6675 0
6676 4
6677 2
6678 3
6679 3
6680 3
6681 2
6682 2
6683 1
6684 1
6685 0
6686 0
6687 1
6688 3
6689 2
6690 2
6691 1
6692 2
6693 0
6694 3
6695 3
6696 1
6697 2
6698 1
6699 1
6700 0
6701 1
6702 0
6703 0
6704 0
6705 1
6706 0
6707 4
6708 3
6709 5
6710 0
6711 0
6712 0
6713 3
6714 0
6715 1
6716 1
6717 0
6718 3
6719 2
6720 2
6721 0
6722 1
6723 2
6724 0
6725 0
6726 0
6727 1
6728 1
6729 0
6730 0
6731 0
6732 2
6733 1
6734 1
6735 1
6736 1
6737 2
6738 1
6739 0
6740 1
6741 0
6742 3
6743 1
6744 2
6745 3
6746 3
6747 0
6748 1
6749 0
6750 1
6751 1
6752 1
6753 3
6754 0
6755 2
6756 2
6757 1
6758 0
6759 1
6760 0
6761 2
6762 0
6763 2
6764 1
6765 2
6766 1
6767 1
6768 1
6769 0
6770 3
6771 3
6772 1
6773 0
6774 2
6775 0
6776 3
6777 1
6778 1
6779 1
6780 2
6781 0
6782 1
6783 0
6784 1
6785 0
6786 1
6787 3
6788 4
6789 1
6790 1
6791 0
6792 1
6793 0
6794 1
6795 0
6796 2
6797 1
6798 2
6799 3
6800 3
6801 0
6802 0
6803 0
6804 0
6805 1
6806 1
6807 0
6808 0
6809 0
6810 0
6811 1
6812 0
6813 1
6814 3
6815 1
6816 1
6817 0
6818 0
6819 2
6820 1
6821 0
6822 2
6823 1
6824 0
6825 0
6826 0
6827 1
6828 2
6829 0
6830 1
6831 0
6832 3
6833 1
6834 3
6835 1
6836 4
6837 2
6838 1
6839 5
6840 0
6841 0
6842 2
6843 0
6844 2
6845 0
6846 0
6847 1
6848 1
6849 0
6850 1
6851 0
6852 0
6853 1
6854 0
6855 1
6856 3
6857 1
6858 2
6859 2
6860 1
6861 0
6862 1
6863 0
6864 3
6865 2
6866 1
6867 0
6868 0
6869 1
6870 2
6871 1
6872 1
6873 0
6874 0
6875 0
6876 2
6877 2
6878 2
6879 0
6880 3
6881 2
6882 3
6883 1
6884 3
6885 2
6886 1
6887 0
6888 1
6889 2
6890 1
6891 1
6892 0
6893 1
6894 0
6895 0
6896 1
6897 1
6898 3
6899 0
6900 1
6901 1
6902 0
6903 2
6904 0
6905 0
6906 1
6907 3
6908 1
6909 2
6910 2
6911 4
6912 1
6913 0
6914 2
6915 2
6916 1
6917 1
6918 2
6919 4
6920 0
6921 2
6922 2
6923 0
6924 2
6925 0
6926 2
6927 1
6928 1
6929 0
6930 0
6931 1
6932 2
6933 1
6934 1
6935 0
6936 0
6937 2
6938 0
6939 2
6940 2
6941 2
6942 1
6943 1
6944 2
6945 3
6946 0
6947 2
6948 4
6949 1
6950 1
6951 0
6952 1
6953 0
6954 1
6955 1
6956 1
6957 1
6958 2
6959 2
6960 1
6961 1
6962 0
6963 1
6964 1
6965 1
6966 1
6967 0
6968 0
6969 0
6970 2
6971 0
6972 0
6973 2
6974 3
6975 2
6976 0
6977 1
6978 2
6979 0
6980 3
6981 1
6982 2
6983 2
6984 1
6985 0
6986 0
6987 1
6988 3
6989 5
6990 3
6991 0
6992 1
6993 1
6994 1
6995 3
6996 1
6997 0
6998 0
6999 2
7000 1
7001 2
7002 1
7003 0
7004 0
7005 2
7006 2
7007 1
7008 0
7009 2
7010 0
7011 1
7012 1
7013 1
7014 2
7015 0
7016 1
7017 2
7018 2
7019 0
7020 3
7021 1
7022 1
7023 1
7024 1
7025 1
7026 1
7027 3
7028 1
7029 1
7030 0
7031 0
7032 1
7033 1
7034 2
7035 2
7036 2
7037 0
7038 1
7039 1
7040 2
7041 1
7042 1
7043 1
7044 4
7045 1
7046 1
7047 0
7048 1
7049 0
7050 2
7051 5
7052 3
7053 2
7054 1
7055 2
7056 0
7057 0
7058 0
7059 0
7060 1
7061 0
7062 1
7063 3
7064 0
7065 1
7066 1
7067 0
7068 1
7069 0
7070 0
7071 1
7072 2
7073 2
7074 0
7075 0
7076 2
7077 1
7078 2
7079 0
7080 1
7081 3
7082 0
7083 0
7084 0
7085 1
7086 0
7087 0
7088 3
7089 3
7090 1
7091 1
7092 0
7093 1
7094 2
7095 3
7096 2
7097 0
7098 0
7099 1
7100 2
7101 0
7102 0
7103 1
7104 1
7105 2
7106 1
7107 2
7108 0
7109 0
7110 1
7111 1
7112 2
7113 0
7114 3
7115 0
7116 0
7117 0
7118 1
7119 1
7120 1
7121 1
7122 0
7123 0
7124 0
7125 1
7126 4
7127 0
7128 1
7129 2
7130 1
7131 1
7132 0
7133 0
7134 0
7135 2
7136 3
7137 1
7138 2
7139 0
7140 0
7141 0
7142 1
7143 1
7144 0
7145 0
7146 1
7147 2
7148 1
7149 0
7150 1
7151 0
7152 0
7153 4
7154 2
7155 2
7156 1
7157 1
7158 2
7159 0
7160 2
7161 1
7162 1
7163 1
7164 2
7165 0
7166 3
7167 1
7168 3
7169 0
7170 2
7171 0
7172 0
7173 1
7174 1
7175 1
7176 2
7177 1
7178 0
7179 0
7180 0
7181 1
7182 0
7183 1
7184 1
7185 0
7186 1
7187 3
7188 2
7189 1
7190 1
7191 0
7192 1
7193 0
7194 1
7195 0
7196 4
7197 1
7198 2
7199 0
7200 1
7201 2
7202 0
7203 1
7204 0
7205 2
7206 1
7207 0
7208 0
7209 1
7210 1
7211 1
7212 2
7213 1
7214 0
7215 0
7216 1
7217 1
7218 0
7219 1
7220 0
7221 1
7222 1
7223 2
7224 0
7225 0
7226 0
7227 2
7228 1
7229 2
7230 2
7231 2
7232 0
7233 1
7234 0
7235 1
7236 1
7237 3
7238 1
7239 1
7240 1
7241 1
7242 0
7243 1
7244 0
7245 0
7246 0
7247 0
7248 0
7249 1
7250 2
7251 1
7252 0
7253 1
7254 2
7255 0
7256 0
7257 1
7258 0
7259 3
7260 0
7261 2
7262 0
7263 0
7264 1
7265 1
7266 3
7267 0
7268 0
7269 1
7270 1
7271 1
7272 1
7273 6
7274 2
7275 0
7276 1
7277 0
7278 1
7279 5
7280 0
7281 1
7282 2
7283 4
7284 0
7285 0
7286 2
7287 1
7288 0
7289 2
7290 1
7291 5
7292 4
7293 3
7294 0
7295 1
7296 0
7297 0
7298 0
7299 3
7300 4
7301 2
7302 0
7303 1
7304 0
7305 0
7306 1
7307 1
7308 1
7309 3
7310 0
7311 1
7312 1
7313 1
7314 0
7315 0
7316 2
7317 1
7318 1
7319 1
7320 0
7321 0
7322 1
7323 2
7324 2
7325 0
7326 1
7327 0
7328 1
7329 2
7330 2
7331 1
7332 5
7333 1
7334 2
7335 4
7336 2
7337 0
7338 1
7339 3
7340 0
7341 2
7342 0
7343 2
7344 0
7345 0
7346 2
7347 0
7348 0
7349 1
7350 0
7351 1
7352 0
7353 3
7354 0
7355 0
7356 0
7357 0
7358 0
7359 1
7360 0
7361 0
7362 2
7363 0
7364 3
7365 1
7366 0
7367 0
7368 0
7369 0
7370 0
7371 1
7372 0
7373 1
7374 1
7375 1
7376 1
7377 1
7378 2
7379 0
7380 0
7381 2
7382 0
7383 1
7384 2
7385 2
7386 1
7387 2
7388 2
7389 1
7390 2
7391 2
7392 1
7393 2
7394 1
7395 0
7396 1
7397 1
7398 1
7399 0
7400 1
7401 3
7402 1
7403 3
7404 0
7405 0
7406 0
7407 1
7408 1
7409 0
7410 2
7411 3
7412 0
7413 0
7414 1
7415 1
7416 1
7417 1
7418 1
7419 1
7420 2
7421 1
7422 3
7423 0
7424 4
7425 3
7426 0
7427 1
7428 1
7429 3
7430 2
7431 2
7432 3
7433 1
7434 3
7435 2
7436 0
7437 0
7438 3
7439 1
7440 2
7441 4
7442 1
7443 1
7444 1
7445 4
7446 2
7447 4
7448 2
7449 0
7450 0
7451 1
7452 1
7453 0
7454 0
7455 1
7456 1
7457 1
7458 1
7459 0
7460 0
7461 3
7462 2
7463 8
7464 1
7465 1
7466 3
7467 2
7468 1
7469 3
7470 1
7471 2
7472 1
7473 3
7474 3
7475 4
7476 2
7477 2
7478 0
7479 0
7480 1
7481 3
7482 3
7483 1
7484 4
7485 0
7486 2
7487 1
7488 1
7489 0
7490 2
7491 1
7492 1
7493 0
7494 1
7495 0
7496 3
7497 1
7498 0
7499 1
7500 3
7501 2
7502 2
7503 0
7504 2
7505 0
7506 0
7507 2
7508 1
7509 1
7510 0
7511 0
7512 1
7513 1
7514 1
7515 0
7516 1
7517 0
7518 1
7519 1
7520 0
7521 0
7522 5
7523 1
7524 0
7525 1
7526 1
7527 2
7528 2
7529 0
7530 1
7531 0
7532 1
7533 2
7534 3
7535 1
7536 0
7537 1
7538 1
7539 1
7540 1
7541 0
7542 2
7543 0
7544 1
7545 1
7546 1
7547 0
7548 3
7549 1
7550 1
7551 2
7552 2
7553 2
7554 2
7555 1
7556 2
7557 2
7558 0
7559 0
7560 2
7561 1
7562 1
7563 1
7564 0
7565 2
7566 0
7567 0
7568 2
7569 0
7570 1
7571 1
7572 0
7573 0
7574 1
7575 0
7576 2
7577 1
7578 2
7579 0
7580 0
7581 3
7582 1
7583 3
7584 1
7585 1
7586 1
7587 1
7588 0
7589 1
7590 1
7591 0
7592 1
7593 3
7594 3
7595 1
7596 3
7597 3
7598 3
7599 1
7600 2
7601 1
7602 6
7603 2
7604 1
7605 1
7606 2
7607 1
7608 0
7609 1
7610 0
7611 1
7612 1
7613 0
7614 2
7615 0
7616 1
7617 1
7618 0
7619 3
7620 1
7621 1
7622 0
7623 2
7624 0
7625 0
7626 1
7627 1
7628 3
7629 0
7630 4
7631 1
7632 3
7633 0
7634 1
7635 1
7636 0
7637 3
7638 1
7639 5
7640 1
7641 2
7642 0
7643 3
7644 3
7645 1
7646 1
7647 2
7648 0
7649 3
7650 2
7651 0
7652 1
7653 0
7654 2
7655 2
7656 2
7657 3
7658 1
7659 3
7660 0
7661 1
7662 0
7663 1
7664 2
7665 1
7666 0
7667 1
7668 1
7669 0
7670 0
7671 1
7672 1
7673 2
7674 1
7675 0
7676 0
7677 0
7678 2
7679 1
7680 0
7681 0
7682 1
7683 4
7684 1
7685 3
7686 1
7687 0
7688 1
7689 0
7690 1
7691 2
7692 2
7693 2
7694 0
7695 1
7696 2
7697 0
7698 0
7699 0
7700 0
7701 2
7702 1
7703 2
7704 2
7705 2
7706 1
7707 0
7708 2
7709 0
7710 1
7711 2
7712 0
7713 3
7714 1
7715 2
7716 1
7717 0
7718 1
7719 1
7720 1
7721 2
7722 2
7723 0
7724 3
7725 0
7726 0
7727 0
7728 1
7729 0
7730 0
7731 1
7732 1
7733 2
7734 2
7735 2
7736 1
7737 1
7738 1
7739 3
7740 2
7741 1
7742 1
7743 0
7744 1
7745 2
7746 0
7747 1
7748 2
7749 3
7750 3
7751 0
7752 1
7753 0
7754 1
7755 1
7756 3
7757 1
7758 1
7759 0
7760 0
7761 0
7762 1
7763 0
7764 1
7765 1
7766 1
7767 1
7768 0
7769 1
7770 0
7771 0
7772 0
7773 1
7774 2
7775 1
7776 1
7777 2
7778 5
7779 1
7780 1
7781 0
7782 1
7783 1
7784 1
7785 0
7786 2
7787 3
7788 0
7789 2
7790 0
7791 3
7792 0
7793 1
7794 0
7795 1
7796 1
7797 0
7798 2
7799 2
7800 0
7801 1
7802 0
7803 0
7804 2
7805 1
7806 1
7807 1
7808 2
7809 2
7810 2
7811 0
7812 0
7813 2
7814 4
7815 0
7816 4
7817 2
7818 1
7819 3
7820 3
7821 4
7822 2
7823 0
7824 1
7825 2
7826 2
7827 1
7828 1
7829 3
7830 2
7831 1
7832 1
7833 1
7834 0
7835 0
7836 1
7837 1
7838 2
7839 0
7840 0
7841 0
7842 3
7843 1
7844 2
7845 0
7846 1
7847 0
7848 2
7849 1
7850 1
7851 2
7852 1
7853 4
7854 3
7855 0
7856 0
7857 2
7858 1
7859 2
7860 1
7861 0
7862 0
7863 4
7864 0
7865 0
7866 2
7867 0
7868 2
7869 1
7870 0
7871 3
7872 1
7873 0
7874 1
7875 0
7876 1
7877 0
7878 1
7879 1
7880 0
7881 2
7882 2
7883 0
7884 3
7885 1
7886 1
7887 3
7888 0
7889 1
7890 1
7891 1
7892 0
7893 1
7894 1
7895 0
7896 1
7897 0
7898 3
7899 1
7900 0
7901 0
7902 2
7903 2
7904 2
7905 0
7906 2
7907 1
7908 2
7909 0
7910 1
7911 0
7912 1
7913 1
7914 0
7915 2
7916 0
7917 2
7918 1
7919 0
7920 0
7921 0
7922 0
7923 1
7924 0
7925 2
7926 2
7927 2
7928 3
7929 0
7930 0
7931 0
7932 1
7933 1
7934 2
7935 2
7936 1
7937 0
7938 0
7939 4
7940 1
7941 2
7942 2
7943 0
7944 1
7945 1
7946 1
7947 0
7948 0
7949 2
7950 0
7951 1
7952 1
7953 3
7954 0
7955 0
7956 0
7957 0
7958 2
7959 2
7960 1
7961 0
7962 1
7963 0
7964 0
7965 2
7966 0
7967 1
7968 2
7969 0
7970 1
7971 1
7972 3
7973 1
7974 1
7975 0
7976 1
7977 1
7978 1
7979 0
7980 1
7981 1
7982 0
7983 1
7984 2
7985 0
7986 0
7987 0
7988 0
7989 1
7990 3
7991 1
7992 1
7993 0
7994 1
7995 2
7996 3
7997 0
7998 1
7999 1
8000 0
8001 1
8002 1
8003 0
8004 2
8005 0
8006 2
8007 2
8008 2
8009 0
8010 0
8011 0
8012 1
8013 1
8014 1
8015 0
8016 2
8017 0
8018 0
8019 1
8020 1
8021 1
8022 0
8023 0
8024 0
8025 0
8026 0
8027 0
8028 0
8029 0
8030 2
8031 0
8032 1
8033 2
8034 0
8035 1
8036 1
8037 1
8038 1
8039 0
8040 0
8041 1
8042 1
8043 0
8044 0
8045 0
8046 1
8047 1
8048 1
8049 1
8050 0
8051 1
8052 0
8053 0
8054 2
8055 1
8056 1
8057 0
8058 0
8059 1
8060 1
8061 2
8062 0
8063 2
8064 0
8065 1
8066 3
8067 3
8068 1
8069 0
8070 3
8071 0
8072 1
8073 1
8074 2
8075 4
8076 0
8077 1
8078 0
8079 0
8080 0
8081 4
8082 2
8083 0
8084 0
8085 3
8086 1
8087 0
8088 0
8089 2
8090 1
8091 1
8092 0
8093 0
8094 1
8095 1
8096 2
8097 3
8098 2
8099 0
8100 1
8101 3
8102 3
8103 2
8104 0
8105 1
8106 0
8107 0
8108 1
8109 1
8110 2
8111 0
8112 1
8113 1
8114 1
8115 3
8116 2
8117 0
8118 1
8119 0
8120 1
8121 2
8122 2
8123 3
8124 4
8125 4
8126 1
8127 1
8128 2
8129 1
8130 7
8131 1
8132 3
8133 2
8134 2
8135 3
8136 1
8137 0
8138 3
8139 5
8140 1
8141 2
8142 2
8143 2
8144 0
8145 0
8146 1
8147 0
8148 3
8149 1
8150 2
8151 1
8152 1
8153 2
8154 1
8155 0
8156 0
8157 2
8158 0
8159 0
8160 1
8161 0
8162 2
8163 1
8164 2
8165 3
8166 1
8167 0
8168 1
8169 1
8170 3
8171 1
8172 1
8173 2
8174 2
8175 1
8176 0
8177 1
8178 0
8179 0
8180 0
8181 1
8182 2
8183 1
8184 2
8185 1
8186 1
8187 0
8188 2
8189 3
8190 4
8191 4
8192 2
8193 1
8194 1
8195 2
8196 2
8197 1
8198 0
8199 1
8200 1
8201 1
8202 1
8203 1
8204 2
8205 2
8206 0
8207 1
8208 4
8209 2
8210 0
8211 0
8212 1
8213 1
8214 0
8215 2
8216 1
8217 1
8218 3
8219 1
8220 0
8221 2
8222 1
8223 2
8224 2
8225 1
8226 4
8227 1
8228 0
8229 2
8230 1
8231 2
8232 2
8233 1
8234 1
8235 0
8236 2
8237 0
8238 0
8239 0
8240 0
8241 1
8242 0
8243 2
8244 1
8245 1
8246 0
8247 1
8248 0
8249 0
8250 0
8251 0
8252 2
8253 0
8254 0
8255 1
8256 0
8257 0
8258 1
8259 2
8260 0
8261 2
8262 1
8263 3
8264 1
8265 1
8266 1
8267 1
8268 0
8269 2
8270 0
8271 1
8272 1
8273 3
8274 0
8275 0
8276 1
8277 2
8278 0
8279 1
8280 1
8281 1
8282 0
8283 3
8284 0
8285 2
8286 1
8287 4
8288 2
8289 1
8290 0
8291 3
8292 2
8293 1
8294 0
8295 0
8296 0
8297 2
8298 0
8299 0
8300 2
8301 3
8302 2
8303 2
8304 1
8305 1
8306 2
8307 1
8308 1
8309 0
8310 0
8311 2
8312 1
8313 1
8314 1
8315 2
8316 0
8317 2
8318 3
8319 1
8320 3
8321 1
8322 1
8323 0
8324 2
8325 1
8326 1
8327 2
8328 2
8329 2
8330 1
8331 2
8332 1
8333 1
8334 0
8335 0
8336 0
8337 0
8338 0
8339 1
8340 1
8341 1
8342 1
8343 0
8344 1
8345 1
8346 1
8347 1
8348 2
8349 2
8350 0
8351 0
8352 1
8353 2
8354 0
8355 0
8356 1
8357 1
8358 0
8359 1
8360 0
8361 0
8362 0
8363 1
8364 0
8365 1
8366 0
8367 0
8368 0
8369 1
8370 1
8371 0
8372 0
8373 2
8374 1
8375 0
8376 2
8377 2
8378 4
8379 2
8380 3
8381 3
8382 1
8383 1
8384 1
8385 2
8386 0
8387 0
8388 1
8389 1
8390 0
8391 2
8392 0
8393 1
8394 1
8395 0
8396 1
8397 0
8398 0
8399 0
8400 0
8401 2
8402 0
8403 0
8404 3
8405 0
8406 1
8407 3
8408 0
8409 0
8410 1
8411 1
8412 0
8413 0
8414 1
8415 0
8416 1
8417 1
8418 0
8419 3
8420 2
8421 1
8422 0
8423 0
8424 1
8425 0
8426 2
8427 2
8428 2
8429 0
8430 1
8431 1
8432 4
8433 0
8434 0
8435 2
8436 3
8437 0
8438 1
8439 0
8440 1
8441 3
8442 0
8443 2
8444 1
8445 1
8446 1
8447 1
8448 0
8449 0
8450 1
8451 0
8452 1
8453 1
8454 1
8455 0
8456 3
8457 1
8458 0
8459 3
8460 2
8461 1
8462 0
8463 1
8464 0
8465 4
8466 1
8467 2
8468 3
8469 0
8470 1
8471 1
8472 1
8473 0
8474 0
8475 0
8476 0
8477 2
8478 2
8479 0
8480 1
8481 0
8482 0
8483 0
8484 0
8485 0
8486 1
8487 1
8488 3
8489 2
8490 1
8491 0
8492 2
8493 2
8494 1
8495 1
8496 0
8497 0
8498 0
8499 0
8500 0
8501 0
8502 3
8503 0
8504 0
8505 1
8506 1
8507 1
8508 1
8509 0
8510 1
8511 0
8512 1
8513 0
8514 0
8515 0
8516 1
8517 0
8518 0
8519 2
8520 0
8521 0
8522 0
8523 0
8524 1
8525 3
8526 0
8527 1
8528 1
8529 1
8530 0
8531 2
8532 0
8533 1
8534 2
8535 2
8536 1
8537 3
8538 3
8539 1
8540 0
8541 3
8542 3
8543 2
8544 3
8545 1
8546 0
8547 1
8548 0
8549 1
8550 3
8551 0
8552 2
8553 0
8554 3
8555 0
8556 1
8557 0
8558 2
8559 1
8560 0
8561 1
8562 2
8563 1
8564 2
8565 1
8566 2
8567 1
8568 1
8569 2
8570 2
8571 1
8572 0
8573 1
8574 3
8575 1
8576 2
8577 2
8578 2
8579 1
8580 2
8581 2
8582 0
8583 1
8584 0
8585 2
8586 2
8587 1
8588 0
8589 0
8590 1
8591 1
8592 0
8593 0
8594 1
8595 2
8596 1
8597 1
8598 1
8599 0
8600 2
8601 1
8602 0
8603 0
8604 2
8605 0
8606 0
8607 1
8608 3
8609 3
8610 0
8611 1
8612 0
8613 0
8614 2
8615 3
8616 2
8617 2
8618 1
8619 1
8620 1
8621 3
8622 1
8623 0
8624 3
8625 4
8626 2
8627 3
8628 0
8629 0
8630 0
8631 0
8632 2
8633 2
8634 3
8635 1
8636 2
8637 0
8638 0
8639 1
8640 2
8641 3
8642 1
8643 0
8644 3
8645 1
8646 0
8647 2
8648 2
8649 0
8650 5
8651 0
8652 0
8653 2
8654 0
8655 1
8656 1
8657 1
8658 2
8659 3
8660 2
8661 4
8662 0
8663 0
8664 1
8665 0
8666 3
8667 0
8668 2
8669 1
8670 1
8671 3
8672 0
8673 1
8674 2
8675 1
8676 2
8677 1
8678 1
8679 2
8680 1
8681 1
8682 0
8683 0
8684 1
8685 1
8686 1
8687 0
8688 0
8689 1
8690 0
8691 0
8692 0
8693 1
8694 1
8695 1
8696 0
8697 1
8698 1
8699 2
8700 0
8701 1
8702 1
8703 0
8704 1
8705 0
8706 2
8707 3
8708 0
8709 0
8710 0
8711 2
8712 3
8713 2
8714 0
8715 1
8716 1
8717 4
8718 1
8719 0
8720 1
8721 1
8722 0
8723 1
8724 0
8725 0
8726 0
8727 0
8728 1
8729 2
8730 1
8731 2
8732 1
8733 2
8734 0
8735 3
8736 1
8737 1
8738 1
8739 0
8740 0
8741 0
8742 2
8743 4
8744 0
8745 0
8746 0
8747 1
8748 0
8749 1
8750 1
8751 0
8752 1
8753 2
8754 2
8755 0
8756 0
8757 1
8758 2
8759 1
8760 2
8761 1
8762 0
8763 0
8764 2
8765 1
8766 1
8767 3
8768 1
8769 0
8770 0
8771 1
8772 0
8773 1
8774 0
8775 1
8776 0
8777 1
8778 2
8779 2
8780 0
8781 1
8782 1
8783 1
8784 0
8785 0
8786 1
8787 1
8788 2
8789 0
8790 1
8791 1
8792 1
8793 0
8794 0
8795 1
8796 0
8797 0
8798 1
8799 1
8800 1
8801 1
8802 0
8803 1
8804 1
8805 0
8806 0
8807 0
8808 1
8809 1
8810 1
8811 0
8812 1
8813 0
8814 0
8815 0
8816 2
8817 0
8818 0
8819 2
8820 2
8821 3
8822 1
8823 0
8824 1
8825 0
8826 2
8827 1
8828 1
8829 0
8830 2
8831 0
8832 1
8833 0
8834 1
8835 0
8836 1
8837 1
8838 2
8839 0
8840 1
8841 0
8842 2
8843 0
8844 1
8845 1
8846 1
8847 0
8848 1
8849 1
8850 2
8851 1
8852 0
8853 1
8854 0
8855 0
8856 0
8857 1
8858 2
8859 1
8860 0
8861 0
8862 1
8863 4
8864 2
8865 2
8866 1
8867 2
8868 1
8869 2
8870 0
8871 3
8872 1
8873 1
8874 3
8875 2
8876 0
8877 0
8878 1
8879 0
8880 3
8881 0
8882 1
8883 2
8884 0
8885 0
8886 0
8887 2
8888 0
8889 1
8890 0
8891 0
8892 0
8893 0
8894 2
8895 0
8896 1
8897 0
8898 1
8899 1
8900 2
8901 1
8902 1
8903 2
8904 0
8905 1
8906 1
8907 2
8908 0
8909 3
8910 0
8911 1
8912 1
8913 0
8914 1
8915 2
8916 1
8917 0
8918 0
8919 1
8920 0
8921 0
8922 0
8923 1
8924 0
8925 0
8926 0
8927 0
8928 1
8929 0
8930 1
8931 0
8932 1
8933 1
8934 2
8935 1
8936 3
8937 0
8938 0
8939 0
8940 1
8941 0
8942 2
8943 0
8944 2
8945 0
8946 4
8947 0
8948 2
8949 1
8950 0
8951 2
8952 1
8953 0
8954 0
8955 0
8956 0
8957 0
8958 0
8959 2
8960 1
8961 0
8962 3
8963 2
8964 0
8965 1
8966 0
8967 0
8968 0
8969 2
8970 0
8971 0
8972 0
8973 1
8974 0
8975 2
8976 1
8977 1
8978 0
8979 1
8980 2
8981 3
8982 0
8983 0
8984 1
8985 2
8986 1
8987 2
8988 0
8989 0
8990 0
8991 1
8992 2
8993 0
8994 1
8995 1
8996 2
8997 3
8998 1
8999 0
9000 0
9001 1
9002 0
9003 1
9004 1
9005 0
9006 1
9007 0
9008 1
9009 1
9010 1
9011 0
9012 0
9013 1
9014 1
9015 1
9016 0
9017 1
9018 2
9019 0
9020 4
9021 0
9022 0
9023 0
9024 1
9025 0
9026 0
9027 2
9028 0
9029 2
9030 0
9031 1
9032 0
9033 0
9034 1
9035 0
9036 0
9037 2
9038 0
9039 1
9040 0
9041 2
9042 1
9043 1
9044 0
9045 1
9046 1
9047 0
9048 0
9049 1
9050 1
9051 0
9052 0
9053 1
9054 0
9055 1
9056 0
9057 2
9058 1
9059 1
9060 0
9061 2
9062 1
9063 1
9064 0
9065 0
9066 1
9067 0
9068 1
9069 1
9070 0
9071 0
9072 1
9073 3
9074 0
9075 1
9076 2
9077 1
9078 1
9079 3
9080 1
9081 0
9082 1
9083 0
9084 2
9085 0
9086 1
9087 1
9088 0
9089 0
9090 0
9091 1
9092 0
9093 0
9094 2
9095 0
9096 1
9097 3
9098 0
9099 1
9100 3
9101 2
9102 0
9103 0
9104 5
9105 3
9106 0
9107 1
9108 4
9109 0
9110 2
9111 1
9112 1
9113 0
9114 1
9115 4
9116 1
9117 3
9118 1
9119 0
9120 1
9121 1
9122 0
9123 0
9124 4
9125 0
9126 0
9127 3
9128 3
9129 1
9130 1
9131 0
9132 3
9133 3
9134 0
9135 1
9136 2
9137 0
9138 1
9139 1
9140 0
9141 0
9142 0
9143 1
9144 0
9145 2
9146 2
9147 0
9148 1
9149 1
9150 2
9151 0
9152 1
9153 1
9154 1
9155 1
9156 0
9157 0
9158 0
9159 1
9160 1
9161 0
9162 1
9163 0
9164 1
9165 0
9166 0
9167 0
9168 4
9169 1
9170 1
9171 1
9172 0
9173 0
9174 2
9175 2
9176 0
9177 0
9178 0
9179 3
9180 1
9181 2
9182 1
9183 1
9184 1
9185 0
9186 2
9187 2
9188 1
9189 0
9190 0
9191 3
9192 1
9193 1
9194 2
9195 2
9196 0
9197 0
9198 0
9199 0
9200 1
9201 0
9202 0
9203 1
9204 0
9205 0
9206 1
9207 1
9208 2
9209 0
9210 0
9211 4
9212 1
9213 2
9214 2
9215 2
9216 1
9217 1
9218 1
9219 1
9220 1
9221 1
9222 1
9223 2
9224 0
9225 0
9226 2
9227 0
9228 0
9229 2
9230 0
9231 1
9232 2
9233 1
9234 3
9235 1
9236 1
9237 0
9238 1
9239 2
9240 1
9241 1
9242 1
9243 2
9244 1
9245 0
9246 0
9247 1
9248 0
9249 0
9250 1
9251 0
9252 2
9253 1
9254 0
9255 1
9256 0
9257 0
9258 2
9259 1
9260 0
9261 1
9262 0
9263 2
9264 0
9265 0
9266 2
9267 0
9268 0
9269 0
9270 2
9271 0
9272 1
9273 0
9274 2
9275 2
9276 0
9277 0
9278 2
9279 2
9280 1
9281 1
9282 1
9283 0
9284 2
9285 0
9286 0
9287 2
9288 0
9289 3
9290 0
9291 2
9292 0
9293 3
9294 1
9295 3
9296 0
9297 1
9298 1
9299 0
9300 1
9301 0
9302 0
9303 0
9304 1
9305 2
9306 1
9307 2
9308 1
9309 0
9310 1
9311 1
9312 0
9313 0
9314 1
9315 0
9316 1
9317 0
9318 0
9319 2
9320 1
9321 0
9322 0
9323 1
9324 0
9325 0
9326 0
9327 2
9328 0
9329 0
9330 1
9331 0
9332 1
9333 1
9334 1
9335 0
9336 1
9337 0
9338 0
9339 0
9340 0
9341 2
9342 0
9343 1
9344 2
9345 1
9346 1
9347 2
9348 0
9349 2
9350 0
9351 0
9352 3
9353 2
9354 0
9355 1
9356 2
9357 0
9358 1
9359 1
9360 0
9361 0
9362 0
9363 1
9364 1
9365 0
9366 1
9367 1
9368 2
9369 0
9370 0
9371 0
9372 1
9373 1
9374 0
9375 0
9376 1
9377 0
9378 4
9379 0
9380 1
9381 1
9382 0
9383 0
9384 0
9385 0
9386 0
9387 1
9388 0
9389 4
9390 2
9391 1
9392 0
9393 1
9394 0
9395 1
9396 1
9397 0
9398 1
9399 1
9400 0
9401 0
9402 2
9403 0
9404 1
9405 1
9406 2
9407 1
9408 0
9409 1
9410 1
9411 1
9412 4
9413 1
9414 0
9415 1
9416 1
9417 0
9418 0
9419 1
9420 0
9421 1
9422 2
9423 2
9424 2
9425 0
9426 1
9427 1
9428 0
9429 4
9430 0
9431 2
9432 1
9433 0
9434 1
9435 0
9436 0
9437 0
9438 1
9439 0
9440 0
9441 1
9442 1
9443 0
9444 2
9445 0
9446 0
9447 1
9448 1
9449 0
9450 1
9451 0
9452 1
9453 1
9454 2
9455 1
9456 1
9457 1
9458 0
9459 0
9460 0
9461 0
9462 2
9463 1
9464 1
9465 1
9466 3
9467 1
9468 0
9469 0
9470 3
9471 0
9472 0
9473 0
9474 1
9475 0
9476 0
9477 1
9478 0
9479 2
9480 2
9481 1
9482 0
9483 0
9484 0
9485 0
9486 0
9487 3
9488 0
9489 1
9490 1
9491 1
9492 0
9493 1
9494 0
9495 1
9496 2
9497 1
9498 1
9499 0
9500 0
9501 1
9502 0
9503 1
9504 0
9505 0
9506 2
9507 1
9508 0
9509 1
9510 1
9511 3
9512 1
9513 0
9514 1
9515 0
9516 2
9517 1
9518 0
9519 0
9520 0
9521 1
9522 1
9523 0
9524 0
9525 0
9526 1
9527 0
9528 1
9529 2
9530 2
9531 1
9532 1
9533 0
9534 0
9535 0
9536 1
9537 0
9538 1
9539 2
9540 1
9541 0
9542 1
9543 0
9544 0
9545 1
9546 1
9547 1
9548 1
9549 0
9550 0
9551 1
9552 2
9553 0
9554 3
9555 0
9556 2
9557 0
9558 2
9559 1
9560 0
9561 0
9562 0
9563 0
9564 2
9565 0
9566 0
9567 0
9568 1
9569 1
9570 0
9571 1
9572 0
9573 0
9574 0
9575 0
9576 1
9577 0
9578 2
9579 1
9580 2
9581 2
9582 0
9583 0
9584 0
9585 0
9586 0
9587 1
9588 0
9589 0
9590 1
9591 0
9592 0
9593 0
9594 1
9595 1
9596 0
9597 0
9598 2
9599 0
9600 1
9601 2
9602 0
9603 0
9604 1
9605 0
9606 0
9607 1
9608 1
9609 1
9610 0
9611 3
9612 1
9613 2
9614 0
9615 0
9616 0
9617 1
9618 2
9619 0
9620 1
9621 1
9622 0
9623 1
9624 0
9625 0
9626 0
9627 0
9628 0
9629 0
9630 1
9631 1
9632 0
9633 0
9634 0
9635 0
9636 1
9637 0
9638 0
9639 0
9640 0
9641 1
9642 0
9643 2
9644 0
9645 1
9646 1
9647 1
9648 0
9649 1
9650 1
9651 1
9652 0
9653 0
9654 0
9655 0
9656 1
9657 1
9658 0
9659 0
9660 0
9661 0
9662 1
9663 0
9664 1
9665 1
9666 0
9667 0
9668 1
9669 0
9670 0
9671 2
9672 0
9673 0
9674 2
9675 0
9676 0
9677 0
9678 1
9679 0
9680 0
9681 0
9682 0
9683 0
9684 0
9685 0
9686 0
9687 0
9688 1
9689 1
9690 1
9691 1
9692 1
9693 1
9694 0
9695 0
9696 2
9697 0
9698 0
9699 1
9700 0
9701 1
9702 0
9703 0
9704 0
9705 0
9706 0
9707 1
9708 0
9709 0
9710 0
9711 1
9712 0
9713 0
9714 3
9715 1
9716 0
9717 0
9718 0
9719 0
9720 0
9721 0
9722 1
9723 0
9724 0
9725 0
9726 2
9727 0
9728 1
9729 2
9730 0
9731 0
9732 0
9733 0
9734 2
9735 1
9736 1
9737 1
9738 0
9739 1
9740 1
9741 2
9742 1
9743 2
9744 1
9745 1
9746 1
9747 0
9748 0
9749 1
9750 0
9751 0
9752 0
9753 0
9754 0
9755 1
9756 1
9757 0
9758 0
9759 0
9760 0
9761 3
9762 0
9763 1
9764 1
9765 0
9766 0
9767 0
9768 1
9769 1
9770 2
9771 0
9772 0
9773 1
9774 0
9775 1
9776 0
9777 0
9778 0
9779 0
9780 0
9781 0
9782 0
9783 0
9784 0
9785 0
9786 0
9787 0
9788 0
9789 0
9790 1
9791 2
9792 1
9793 1
9794 0
9795 0
9796 1
9797 0
9798 2
9799 0
9800 1
9801 0
9802 0
9803 1
9804 1
9805 1
9806 1
9807 0
9808 0
9809 0
9810 0
9811 0
9812 0
9813 0
9814 0
9815 1
9816 1
9817 0
9818 0
9819 1
9820 1
9821 0
9822 1
9823 0
9824 0
9825 2
9826 0
9827 0
9828 1
9829 0
9830 0
9831 2
9832 0
9833 0
9834 0
9835 1
9836 1
9837 0
9838 1
9839 0
9840 0
9841 1
9842 0
9843 0
9844 1
9845 0
9846 1
9847 1
9848 1
9849 1
9850 0
9851 0
9852 1
9853 0
9854 0
9855 0
9856 0
9857 0
9858 1
9859 1
9860 0
9861 0
9862 0
9863 1
9864 1
9865 0
9866 0
9867 0
9868 1
9869 0
9870 1
9871 2
9872 0
9873 1
9874 1
9875 1
9876 0
9877 1
9878 0
9879 0
9880 1
9881 1
9882 1
9883 1
9884 1
9885 1
9886 1
9887 0
9888 0
9889 0
9890 0
9891 0
9892 1
9893 0
9894 0
9895 2
9896 2
9897 0
9898 1
9899 1
9900 2
9901 0
9902 1
9903 1
9904 3
9905 1
9906 0
9907 1
9908 1
9909 1
9910 1
9911 0
9912 0
9913 1
9914 0
9915 2
9916 1
9917 2
9918 0
9919 0
9920 0
9921 1
9922 0
9923 0
9924 0
9925 1
9926 0
9927 2
9928 1
9929 1
9930 0
9931 1
9932 0
9933 0
9934 0
9935 0
9936 0
9937 0
9938 0
9939 0
9940 0
9941 0
9942 2
9943 0
9944 1
9945 1
9946 0
9947 0
9948 1
9949 0
9950 0
9951 1
9952 0
9953 0
9954 0
9955 0
9956 4
9957 0
9958 0
9959 0
9960 0
9961 0
9962 0
9963 0
9964 1
9965 1
9966 0
9967 0
9968 0
9969 0
9970 0
9971 2
9972 1
9973 0
9974 0
9975 1
9976 0
9977 1
9978 2
9979 0
9980 1
9981 0
9982 0
9983 1
9984 0
9985 0
9986 0
9987 1
9988 0
9989 1
9990 1
9991 1
9992 0
9993 0
9994 0
9995 0
9996 0
9997 2
9998 1
9999 0
10000 0
10001 4012
