# Title:27-mer spectra for: 175619_12877AAC_ATGCGCAG-AGCTAGAA_R2_001.fastq.gz
# XLabel:27-mer frequency
# YLabel:# distinct 27-mers
# Kmer value:27
# Input 1:../../data/fastq/175619_12877AAC_ATGCGCAG-AGCTAGAA_R2_001.fastq.gz
###
1 57237226
2 5281387
3 1555342
4 712303
5 421226
6 304074
7 234876
8 199651
9 175684
10 161505
11 151457
12 139203
13 135380
14 128281
15 121856
16 119352
17 114305
18 111503
19 103505
20 104524
21 98683
22 97284
23 94551
24 89630
25 88626
26 85909
27 84319
28 80116
29 79329
30 78496
31 77360
32 74572
33 72460
34 72111
35 69185
36 68620
37 66835
38 66653
39 64073
40 63236
41 62328
42 61405
43 59578
44 57912
45 57634
46 57513
47 57057
48 58106
49 57343
50 56941
51 55928
52 55963
53 55298
54 55390
55 53878
56 53372
57 52742
58 52451
59 51093
60 49456
61 48040
62 49428
63 47813
64 46257
65 45561
66 44658
67 43641
68 42883
69 42078
70 41357
71 39867
72 39722
73 38362
74 37914
75 37967
76 36532
77 36098
78 35487
79 35637
80 33505
81 33690
82 33804
83 33051
84 32961
85 33308
86 32148
87 31759
88 31321
89 30640
90 31097
91 30369
92 30890
93 30320
94 29669
95 29696
96 29950
97 29850
98 29812
99 29513
100 29236
101 29786
102 29474
103 29349
104 29300
105 29122
106 28578
107 28482
108 29527
109 29749
110 29157
111 29470
112 28792
113 28472
114 28190
115 28334
116 28233
117 28665
118 27483
119 27164
120 27393
121 27297
122 27072
123 26798
124 27639
125 26597
126 26624
127 26260
128 25567
129 25007
130 24980
131 24688
132 23558
133 23094
134 22980
135 22623
136 22696
137 21799
138 21016
139 20148
140 20385
141 20025
142 18277
143 18110
144 17598
145 17768
146 16984
147 16087
148 16020
149 15603
150 15270
151 14521
152 14044
153 13244
154 12247
155 12243
156 11026
157 11120
158 10380
159 10169
160 9440
161 9320
162 8649
163 8494
164 8409
165 7675
166 7431
167 7179
168 6786
169 6381
170 6448
171 6011
172 5848
173 5511
174 5471
175 5359
176 5143
177 4698
178 4570
179 4335
180 4473
181 3985
182 3603
183 3677
184 3332
185 3455
186 3371
187 3321
188 3356
189 3496
190 3241
191 3230
192 2872
193 3046
194 2894
195 2759
196 2804
197 2732
198 2637
199 2607
200 2450
201 2592
202 2533
203 2420
204 2340
205 2400
206 2380
207 2413
208 2220
209 2241
210 2211
211 2232
212 2314
213 2317
214 2217
215 2246
216 2168
217 2034
218 1994
219 2078
220 1950
221 2021
222 2096
223 1994
224 2148
225 2148
226 2191
227 2035
228 1981
229 2064
230 2026
231 1947
232 1981
233 1998
234 1984
235 1907
236 1863
237 1854
238 1791
239 1868
240 1787
241 1674
242 1642
243 1739
244 1765
245 1789
246 1805
247 1808
248 1737
249 1746
250 1648
251 1901
252 1861
253 1799
254 1687
255 1722
256 1696
257 1754
258 1743
259 1726
260 1625
261 1686
262 1715
263 1608
264 1522
265 1458
266 1444
267 1565
268 1566
269 1491
270 1530
271 1464
272 1419
273 1513
274 1385
275 1373
276 1306
277 1357
278 1371
279 1336
280 1326
281 1280
282 1312
283 1313
284 1361
285 1331
286 1227
287 1308
288 1282
289 1235
290 1211
291 1229
292 1285
293 1168
294 1088
295 1064
296 1054
297 1005
298 966
299 1086
300 934
301 1040
302 992
303 1084
304 1018
305 937
306 944
307 938
308 930
309 875
310 978
311 931
312 914
313 839
314 825
315 903
316 898
317 859
318 827
319 794
320 747
321 738
322 748
323 730
324 797
325 702
326 759
327 754
328 646
329 658
330 672
331 679
332 702
333 761
334 638
335 641
336 728
337 694
338 691
339 601
340 613
341 582
342 535
343 586
344 591
345 579
346 596
347 615
348 572
349 538
350 589
351 566
352 567
353 538
354 562
355 551
356 512
357 520
358 479
359 500
360 463
361 481
362 476
363 497
364 447
365 455
366 407
367 438
368 466
369 431
370 387
371 425
372 409
373 427
374 433
375 440
376 443
377 432
378 470
379 441
380 449
381 439
382 426
383 446
384 458
385 414
386 414
387 445
388 438
389 470
390 373
391 451
392 428
393 428
394 406
395 417
396 417
397 369
398 336
399 380
400 370
401 368
402 371
403 365
404 364
405 334
406 346
407 336
408 368
409 341
410 379
411 376
412 328
413 365
414 393
415 341
416 311
417 332
418 360
419 340
420 367
421 316
422 290
423 339
424 262
425 312
426 316
427 308
428 275
429 344
430 291
431 307
432 303
433 305
434 289
435 303
436 321
437 256
438 282
439 292
440 300
441 312
442 281
443 297
444 280
445 276
446 261
447 234
448 270
449 256
450 276
451 272
452 281
453 269
454 272
455 286
456 266
457 246
458 260
459 249
460 254
461 207
462 249
463 260
464 240
465 235
466 250
467 227
468 287
469 217
470 240
471 220
472 237
473 219
474 242
475 240
476 235
477 241
478 235
479 203
480 237
481 231
482 227
483 214
484 206
485 192
486 258
487 230
488 231
489 245
490 190
491 220
492 226
493 208
494 212
495 241
496 212
497 215
498 219
499 224
500 209
501 187
502 205
503 187
504 219
505 197
506 190
507 194
508 231
509 171
510 202
511 183
512 194
513 205
514 205
515 189
516 190
517 184
518 184
519 159
520 178
521 151
522 176
523 197
524 202
525 162
526 166
527 197
528 181
529 172
530 181
531 187
532 175
533 188
534 166
535 197
536 151
537 193
538 159
539 140
540 175
541 169
542 161
543 182
544 185
545 189
546 191
547 179
548 169
549 158
550 160
551 193
552 184
553 193
554 178
555 167
556 178
557 159
558 174
559 160
560 166
561 160
562 168
563 154
564 139
565 138
566 165
567 196
568 163
569 135
570 172
571 118
572 143
573 156
574 140
575 137
576 145
577 136
578 147
579 156
580 144
581 154
582 155
583 139
584 142
585 145
586 142
587 124
588 131
589 122
590 110
591 100
592 133
593 98
594 121
595 121
596 107
597 116
598 143
599 106
600 126
601 124
602 115
603 121
604 123
605 124
606 139
607 143
608 127
609 137
610 122
611 107
612 102
613 129
614 118
615 111
616 109
617 136
618 126
619 117
620 108
621 126
622 102
623 105
624 101
625 91
626 113
627 101
628 107
629 111
630 103
631 98
632 102
633 103
634 116
635 152
636 126
637 133
638 122
639 87
640 96
641 113
642 129
643 120
644 124
645 109
646 124
647 124
648 101
649 122
650 112
651 100
652 95
653 121
654 105
655 112
656 106
657 121
658 107
659 108
660 119
661 106
662 102
663 95
664 98
665 81
666 92
667 102
668 96
669 84
670 120
671 104
672 87
673 86
674 94
675 98
676 102
677 92
678 95
679 95
680 97
681 90
682 90
683 91
684 88
685 99
686 83
687 105
688 115
689 104
690 93
691 94
692 100
693 112
694 77
695 101
696 91
697 94
698 101
699 94
700 104
701 91
702 95
703 86
704 85
705 82
706 88
707 99
708 88
709 107
710 82
711 79
712 70
713 103
714 80
715 89
716 87
717 91
718 68
719 80
720 94
721 98
722 85
723 59
724 76
725 64
726 65
727 79
728 66
729 76
730 100
731 84
732 75
733 71
734 80
735 78
736 81
737 82
738 67
739 63
740 68
741 71
742 79
743 77
744 76
745 68
746 67
747 67
748 67
749 64
750 68
751 60
752 69
753 58
754 64
755 71
756 64
757 60
758 53
759 72
760 54
761 80
762 88
763 64
764 70
765 67
766 58
767 78
768 67
769 60
770 58
771 60
772 68
773 79
774 66
775 62
776 56
777 52
778 62
779 57
780 57
781 52
782 50
783 60
784 65
785 55
786 73
787 56
788 54
789 60
790 71
791 47
792 68
793 66
794 66
795 64
796 56
797 63
798 64
799 56
800 55
801 62
802 65
803 50
804 69
805 68
806 53
807 54
808 47
809 53
810 45
811 62
812 61
813 57
814 63
815 56
816 64
817 76
818 57
819 50
820 45
821 51
822 65
823 55
824 61
825 56
826 43
827 54
828 65
829 53
830 75
831 71
832 78
833 75
834 72
835 53
836 60
837 59
838 69
839 78
840 64
841 76
842 67
843 60
844 61
845 71
846 72
847 68
848 63
849 50
850 48
851 56
852 41
853 45
854 55
855 63
856 69
857 46
858 58
859 48
860 54
861 59
862 40
863 47
864 48
865 45
866 54
867 46
868 42
869 59
870 46
871 38
872 44
873 35
874 36
875 42
876 45
877 49
878 39
879 51
880 52
881 42
882 58
883 53
884 34
885 41
886 49
887 52
888 48
889 36
890 44
891 45
892 42
893 52
894 39
895 37
896 42
897 30
898 40
899 31
900 46
901 36
902 47
903 51
904 50
905 34
906 41
907 43
908 46
909 42
910 54
911 39
912 40
913 46
914 41
915 37
916 49
917 40
918 48
919 57
920 51
921 43
922 36
923 46
924 40
925 52
926 43
927 55
928 46
929 47
930 38
931 40
932 47
933 55
934 41
935 58
936 49
937 49
938 54
939 41
940 56
941 40
942 44
943 44
944 38
945 44
946 53
947 41
948 42
949 48
950 35
951 33
952 38
953 48
954 52
955 42
956 56
957 45
958 34
959 29
960 45
961 38
962 38
963 30
964 28
965 44
966 33
967 29
968 36
969 43
970 41
971 29
972 46
973 37
974 39
975 44
976 46
977 31
978 40
979 36
980 41
981 46
982 26
983 28
984 39
985 28
986 33
987 42
988 27
989 25
990 30
991 36
992 28
993 36
994 35
995 40
996 38
997 39
998 34
999 31
1000 33
1001 28
1002 33
1003 14
1004 35
1005 37
1006 26
1007 34
1008 26
1009 35
1010 40
1011 23
1012 24
1013 42
1014 38
1015 29
1016 41
1017 25
1018 35
1019 31
1020 29
1021 33
1022 30
1023 31
1024 28
1025 18
1026 32
1027 26
1028 30
1029 26
1030 29
1031 24
1032 30
1033 41
1034 28
1035 26
1036 37
1037 29
1038 30
1039 27
1040 27
1041 37
1042 21
1043 37
1044 29
1045 30
1046 31
1047 39
1048 29
1049 29
1050 34
1051 29
1052 27
1053 18
1054 23
1055 36
1056 28
1057 29
1058 29
1059 22
1060 28
1061 31
1062 19
1063 26
1064 32
1065 22
1066 18
1067 33
1068 33
1069 27
1070 33
1071 31
1072 39
1073 38
1074 39
1075 35
1076 31
1077 25
1078 30
1079 29
1080 29
1081 29
1082 36
1083 26
1084 32
1085 38
1086 30
1087 30
1088 38
1089 34
1090 29
1091 29
1092 29
1093 22
1094 23
1095 26
1096 24
1097 35
1098 25
1099 30
1100 27
1101 29
1102 26
1103 41
1104 34
1105 22
1106 28
1107 32
1108 21
1109 21
1110 26
1111 31
1112 27
1113 22
1114 24
1115 26
1116 32
1117 27
1118 24
1119 19
1120 31
1121 27
1122 17
1123 24
1124 23
1125 29
1126 23
1127 31
1128 25
1129 20
1130 28
1131 18
1132 24
1133 31
1134 19
1135 30
1136 24
1137 28
1138 26
1139 25
1140 22
1141 36
1142 22
1143 30
1144 21
1145 31
1146 37
1147 38
1148 31
1149 25
1150 26
1151 30
1152 24
1153 17
1154 31
1155 29
1156 20
1157 28
1158 27
1159 29
1160 22
1161 34
1162 28
1163 34
1164 36
1165 23
1166 24
1167 31
1168 20
1169 24
1170 25
1171 32
1172 23
1173 20
1174 33
1175 21
1176 22
1177 29
1178 27
1179 23
1180 27
1181 18
1182 24
1183 16
1184 16
1185 23
1186 25
1187 21
1188 33
1189 31
1190 20
1191 23
1192 25
1193 29
1194 26
1195 28
1196 19
1197 27
1198 29
1199 23
1200 23
1201 29
1202 26
1203 35
1204 15
1205 17
1206 15
1207 21
1208 21
1209 25
1210 32
1211 29
1212 23
1213 22
1214 14
1215 21
1216 22
1217 16
1218 20
1219 18
1220 18
1221 24
1222 20
1223 16
1224 15
1225 19
1226 17
1227 24
1228 17
1229 21
1230 16
1231 26
1232 21
1233 27
1234 16
1235 17
1236 13
1237 19
1238 11
1239 26
1240 21
1241 20
1242 25
1243 11
1244 14
1245 20
1246 23
1247 23
1248 28
1249 27
1250 21
1251 18
1252 15
1253 16
1254 13
1255 17
1256 14
1257 21
1258 10
1259 28
1260 20
1261 19
1262 18
1263 20
1264 23
1265 17
1266 22
1267 11
1268 20
1269 16
1270 13
1271 19
1272 15
1273 17
1274 22
1275 19
1276 17
1277 19
1278 15
1279 12
1280 16
1281 19
1282 17
1283 17
1284 14
1285 22
1286 21
1287 21
1288 20
1289 19
1290 28
1291 17
1292 13
1293 23
1294 19
1295 26
1296 23
1297 15
1298 19
1299 19
1300 33
1301 18
1302 20
1303 18
1304 15
1305 18
1306 15
1307 14
1308 14
1309 18
1310 11
1311 14
1312 21
1313 12
1314 13
1315 15
1316 13
1317 14
1318 14
1319 16
1320 19
1321 14
1322 15
1323 13
1324 21
1325 15
1326 18
1327 13
1328 14
1329 16
1330 6
1331 10
1332 18
1333 23
1334 12
1335 17
1336 17
1337 19
1338 18
1339 13
1340 21
1341 20
1342 15
1343 19
1344 18
1345 20
1346 20
1347 11
1348 13
1349 13
1350 9
1351 20
1352 13
1353 19
1354 11
1355 21
1356 16
1357 14
1358 13
1359 15
1360 15
1361 16
1362 22
1363 17
1364 15
1365 24
1366 15
1367 14
1368 16
1369 13
1370 14
1371 18
1372 11
1373 15
1374 12
1375 14
1376 8
1377 18
1378 11
1379 10
1380 18
1381 15
1382 15
1383 12
1384 6
1385 15
1386 12
1387 21
1388 15
1389 20
1390 17
1391 8
1392 16
1393 15
1394 21
1395 20
1396 18
1397 16
1398 13
1399 11
1400 13
1401 11
1402 19
1403 15
1404 16
1405 15
1406 15
1407 16
1408 15
1409 10
1410 11
1411 17
1412 22
1413 21
1414 18
1415 18
1416 13
1417 21
1418 20
1419 15
1420 19
1421 23
1422 26
1423 18
1424 22
1425 21
1426 18
1427 23
1428 13
1429 17
1430 17
1431 14
1432 14
1433 10
1434 16
1435 17
1436 17
1437 14
1438 14
1439 15
1440 13
1441 12
1442 16
1443 14
1444 13
1445 18
1446 10
1447 15
1448 15
1449 14
1450 19
1451 21
1452 19
1453 14
1454 13
1455 17
1456 14
1457 11
1458 18
1459 9
1460 17
1461 18
1462 9
1463 16
1464 13
1465 14
1466 21
1467 15
1468 17
1469 14
1470 24
1471 11
1472 22
1473 11
1474 9
1475 15
1476 16
1477 28
1478 17
1479 19
1480 11
1481 9
1482 16
1483 17
1484 17
1485 27
1486 18
1487 18
1488 24
1489 14
1490 12
1491 18
1492 15
1493 18
1494 15
1495 11
1496 15
1497 17
1498 18
1499 17
1500 16
1501 16
1502 12
1503 11
1504 10
1505 17
1506 16
1507 20
1508 14
1509 23
1510 16
1511 18
1512 17
1513 18
1514 15
1515 11
1516 15
1517 12
1518 16
1519 17
1520 15
1521 16
1522 10
1523 16
1524 20
1525 22
1526 16
1527 11
1528 17
1529 15
1530 16
1531 22
1532 13
1533 9
1534 13
1535 16
1536 9
1537 16
1538 8
1539 14
1540 14
1541 12
1542 9
1543 10
1544 12
1545 13
1546 12
1547 20
1548 6
1549 14
1550 23
1551 14
1552 6
1553 15
1554 26
1555 10
1556 14
1557 12
1558 14
1559 13
1560 11
1561 11
1562 19
1563 15
1564 17
1565 17
1566 15
1567 13
1568 11
1569 13
1570 18
1571 10
1572 16
1573 16
1574 11
1575 11
1576 8
1577 9
1578 10
1579 18
1580 13
1581 15
1582 8
1583 11
1584 15
1585 14
1586 14
1587 11
1588 14
1589 15
1590 17
1591 16
1592 8
1593 17
1594 17
1595 14
1596 15
1597 11
1598 17
1599 17
1600 5
1601 23
1602 13
1603 19
1604 16
1605 15
1606 17
1607 19
1608 15
1609 17
1610 18
1611 23
1612 12
1613 19
1614 11
1615 16
1616 19
1617 7
1618 9
1619 14
1620 14
1621 10
1622 17
1623 9
1624 18
1625 11
1626 17
1627 15
1628 13
1629 16
1630 22
1631 11
1632 18
1633 17
1634 16
1635 14
1636 18
1637 11
1638 17
1639 12
1640 18
1641 16
1642 15
1643 20
1644 11
1645 16
1646 9
1647 23
1648 24
1649 19
1650 15
1651 18
1652 12
1653 14
1654 18
1655 15
1656 17
1657 10
1658 17
1659 18
1660 21
1661 24
1662 16
1663 15
1664 16
1665 8
1666 15
1667 12
1668 19
1669 15
1670 14
1671 12
1672 13
1673 11
1674 17
1675 13
1676 13
1677 20
1678 11
1679 25
1680 15
1681 13
1682 15
1683 12
1684 13
1685 15
1686 13
1687 15
1688 13
1689 17
1690 21
1691 18
1692 11
1693 16
1694 17
1695 15
1696 12
1697 10
1698 12
1699 10
1700 9
1701 10
1702 8
1703 13
1704 16
1705 9
1706 15
1707 9
1708 11
1709 10
1710 13
1711 11
1712 18
1713 15
1714 13
1715 17
1716 12
1717 12
1718 15
1719 15
1720 10
1721 14
1722 15
1723 11
1724 13
1725 10
1726 15
1727 14
1728 10
1729 13
1730 12
1731 9
1732 8
1733 8
1734 15
1735 20
1736 16
1737 8
1738 7
1739 11
1740 14
1741 13
1742 13
1743 16
1744 20
1745 12
1746 12
1747 14
1748 10
1749 11
1750 15
1751 11
1752 13
1753 12
1754 13
1755 18
1756 5
1757 17
1758 16
1759 16
1760 10
1761 16
1762 13
1763 14
1764 7
1765 14
1766 13
1767 12
1768 10
1769 13
1770 12
1771 14
1772 11
1773 13
1774 7
1775 11
1776 13
1777 10
1778 14
1779 9
1780 10
1781 9
1782 10
1783 15
1784 10
1785 12
1786 24
1787 12
1788 16
1789 11
1790 16
1791 11
1792 20
1793 15
1794 7
1795 13
1796 14
1797 9
1798 11
1799 19
1800 12
1801 14
1802 9
1803 11
1804 6
1805 12
1806 7
1807 16
1808 9
1809 15
1810 10
1811 10
1812 8
1813 15
1814 8
1815 13
1816 13
1817 7
1818 12
1819 15
1820 14
1821 12
1822 9
1823 8
1824 11
1825 18
1826 7
1827 15
1828 7
1829 10
1830 17
1831 11
1832 11
1833 19
1834 12
1835 15
1836 12
1837 16
1838 10
1839 16
1840 10
1841 18
1842 12
1843 15
1844 9
1845 7
1846 14
1847 7
1848 16
1849 9
1850 14
1851 15
1852 7
1853 8
1854 14
1855 9
1856 11
1857 12
1858 12
1859 13
1860 16
1861 17
1862 7
1863 12
1864 11
1865 12
1866 13
1867 6
1868 4
1869 8
1870 18
1871 12
1872 13
1873 17
1874 14
1875 17
1876 13
1877 13
1878 13
1879 19
1880 13
1881 17
1882 10
1883 13
1884 15
1885 9
1886 13
1887 14
1888 21
1889 13
1890 9
1891 15
1892 13
1893 12
1894 11
1895 18
1896 10
1897 18
1898 11
1899 10
1900 12
1901 16
1902 11
1903 11
1904 17
1905 12
1906 8
1907 14
1908 14
1909 12
1910 12
1911 14
1912 12
1913 8
1914 15
1915 12
1916 6
1917 14
1918 10
1919 10
1920 12
1921 2
1922 18
1923 13
1924 14
1925 11
1926 10
1927 10
1928 13
1929 14
1930 6
1931 4
1932 5
1933 9
1934 8
1935 10
1936 9
1937 3
1938 7
1939 6
1940 15
1941 4
1942 4
1943 4
1944 10
1945 6
1946 12
1947 9
1948 9
1949 10
1950 12
1951 9
1952 10
1953 9
1954 15
1955 27
1956 12
1957 11
1958 8
1959 7
1960 9
1961 13
1962 5
1963 10
1964 10
1965 7
1966 7
1967 11
1968 8
1969 9
1970 7
1971 14
1972 13
1973 10
1974 5
1975 8
1976 8
1977 3
1978 9
1979 11
1980 12
1981 7
1982 11
1983 6
1984 4
1985 9
1986 11
1987 7
1988 8
1989 10
1990 7
1991 3
1992 7
1993 9
1994 9
1995 11
1996 14
1997 15
1998 10
1999 15
2000 17
2001 12
2002 16
2003 8
2004 11
2005 13
2006 8
2007 4
2008 9
2009 4
2010 10
2011 6
2012 8
2013 9
2014 9
2015 9
2016 13
2017 14
2018 12
2019 8
2020 15
2021 7
2022 9
2023 9
2024 5
2025 6
2026 9
2027 11
2028 9
2029 11
2030 12
2031 13
2032 12
2033 7
2034 13
2035 7
2036 5
2037 6
2038 7
2039 8
2040 5
2041 4
2042 6
2043 7
2044 8
2045 9
2046 7
2047 9
2048 13
2049 9
2050 7
2051 6
2052 7
2053 10
2054 8
2055 12
2056 9
2057 9
2058 16
2059 9
2060 10
2061 5
2062 9
2063 9
2064 12
2065 13
2066 2
2067 10
2068 10
2069 5
2070 11
2071 8
2072 10
2073 5
2074 8
2075 9
2076 9
2077 10
2078 7
2079 5
2080 4
2081 4
2082 4
2083 5
2084 11
2085 8
2086 10
2087 10
2088 6
2089 7
2090 6
2091 6
2092 10
2093 4
2094 13
2095 5
2096 12
2097 10
2098 6
2099 9
2100 11
2101 9
2102 6
2103 8
2104 6
2105 10
2106 6
2107 7
2108 13
2109 10
2110 15
2111 9
2112 7
2113 9
2114 9
2115 3
2116 3
2117 5
2118 4
2119 6
2120 14
2121 6
2122 12
2123 10
2124 7
2125 8
2126 9
2127 7
2128 3
2129 7
2130 17
2131 10
2132 7
2133 4
2134 7
2135 11
2136 5
2137 8
2138 3
2139 10
2140 16
2141 8
2142 10
2143 16
2144 6
2145 10
2146 7
2147 15
2148 4
2149 2
2150 6
2151 4
2152 7
2153 6
2154 9
2155 5
2156 7
2157 4
2158 10
2159 9
2160 5
2161 8
2162 11
2163 9
2164 10
2165 10
2166 10
2167 10
2168 9
2169 13
2170 8
2171 6
2172 14
2173 11
2174 10
2175 11
2176 13
2177 14
2178 14
2179 7
2180 9
2181 3
2182 12
2183 16
2184 14
2185 4
2186 6
2187 9
2188 9
2189 7
2190 5
2191 11
2192 6
2193 5
2194 8
2195 7
2196 6
2197 5
2198 9
2199 5
2200 12
2201 9
2202 6
2203 9
2204 5
2205 5
2206 12
2207 5
2208 6
2209 3
2210 10
2211 8
2212 7
2213 9
2214 5
2215 9
2216 5
2217 10
2218 7
2219 10
2220 10
2221 6
2222 6
2223 7
2224 7
2225 4
2226 7
2227 4
2228 2
2229 7
2230 9
2231 12
2232 3
2233 9
2234 6
2235 10
2236 7
2237 8
2238 9
2239 6
2240 5
2241 3
2242 4
2243 10
2244 9
2245 8
2246 10
2247 2
2248 4
2249 7
2250 8
2251 9
2252 4
2253 4
2254 6
2255 10
2256 2
2257 5
2258 6
2259 9
2260 4
2261 10
2262 8
2263 5
2264 6
2265 10
2266 14
2267 10
2268 8
2269 5
2270 8
2271 7
2272 6
2273 6
2274 10
2275 3
2276 6
2277 3
2278 8
2279 5
2280 4
2281 6
2282 5
2283 7
2284 3
2285 6
2286 14
2287 5
2288 6
2289 7
2290 5
2291 4
2292 2
2293 7
2294 10
2295 8
2296 7
2297 12
2298 7
2299 5
2300 10
2301 6
2302 9
2303 5
2304 5
2305 11
2306 2
2307 9
2308 12
2309 7
2310 8
2311 12
2312 6
2313 7
2314 8
2315 6
2316 4
2317 6
2318 12
2319 5
2320 7
2321 12
2322 4
2323 6
2324 8
2325 8
2326 4
2327 8
2328 8
2329 2
2330 2
2331 10
2332 4
2333 11
2334 6
2335 10
2336 7
2337 9
2338 14
2339 12
2340 6
2341 7
2342 6
2343 11
2344 6
2345 3
2346 15
2347 10
2348 6
2349 8
2350 9
2351 6
2352 9
2353 7
2354 10
2355 2
2356 7
2357 11
2358 5
2359 4
2360 7
2361 7
2362 9
2363 5
2364 6
2365 5
2366 4
2367 8
2368 11
2369 9
2370 10
2371 12
2372 7
2373 9
2374 9
2375 5
2376 5
2377 4
2378 7
2379 3
2380 3
2381 7
2382 8
2383 8
2384 8
2385 7
2386 8
2387 5
2388 10
2389 7
2390 7
2391 4
2392 7
2393 7
2394 8
2395 6
2396 7
2397 7
2398 7
2399 6
2400 9
2401 4
2402 10
2403 6
2404 7
2405 9
2406 7
2407 3
2408 3
2409 8
2410 5
2411 7
2412 9
2413 9
2414 10
2415 7
2416 6
2417 9
2418 8
2419 7
2420 5
2421 5
2422 6
2423 8
2424 7
2425 3
2426 8
2427 5
2428 4
2429 9
2430 3
2431 9
2432 7
2433 4
2434 4
2435 4
2436 6
2437 2
2438 7
2439 7
2440 7
2441 8
2442 13
2443 5
2444 10
2445 7
2446 2
2447 4
2448 8
2449 7
2450 11
2451 12
2452 11
2453 6
2454 5
2455 4
2456 4
2457 8
2458 9
2459 4
2460 10
2461 7
2462 8
2463 8
2464 6
2465 7
2466 9
2467 6
2468 1
2469 15
2470 5
2471 5
2472 9
2473 2
2474 6
2475 4
2476 2
2477 6
2478 4
2479 4
2480 4
2481 7
2482 4
2483 8
2484 10
2485 5
2486 6
2487 7
2488 5
2489 7
2490 5
2491 7
2492 3
2493 7
2494 4
2495 5
2496 4
2497 6
2498 7
2499 4
2500 6
2501 4
2502 7
2503 9
2504 9
2505 3
2506 9
2507 7
2508 7
2509 2
2510 5
2511 3
2512 6
2513 9
2514 3
2515 5
2516 3
2517 4
2518 6
2519 4
2520 6
2521 7
2522 7
2523 6
2524 4
2525 8
2526 5
2527 7
2528 4
2529 3
2530 2
2531 6
2532 11
2533 6
2534 4
2535 3
2536 2
2537 5
2538 2
2539 6
2540 8
2541 14
2542 12
2543 3
2544 8
2545 6
2546 7
2547 7
2548 5
2549 6
2550 6
2551 6
2552 2
2553 8
2554 4
2555 9
2556 9
2557 3
2558 7
2559 5
2560 4
2561 6
2562 9
2563 11
2564 14
2565 6
2566 6
2567 6
2568 4
2569 8
2570 7
2571 10
2572 7
2573 7
2574 3
2575 5
2576 3
2577 6
2578 3
2579 9
2580 7
2581 9
2582 7
2583 12
2584 6
2585 8
2586 5
2587 2
2588 7
2589 0
2590 1
2591 4
2592 5
2593 10
2594 5
2595 6
2596 12
2597 6
2598 8
2599 8
2600 5
2601 2
2602 6
2603 2
2604 13
2605 4
2606 6
2607 9
2608 5
2609 8
2610 4
2611 6
2612 7
2613 9
2614 4
2615 6
2616 2
2617 2
2618 9
2619 9
2620 3
2621 4
2622 7
2623 7
2624 11
2625 4
2626 5
2627 7
2628 7
2629 6
2630 7
2631 7
2632 7
2633 11
2634 11
2635 6
2636 8
2637 9
2638 12
2639 7
2640 4
2641 7
2642 16
2643 9
2644 6
2645 6
2646 4
2647 6
2648 11
2649 9
2650 9
2651 6
2652 8
2653 3
2654 3
2655 10
2656 8
2657 10
2658 7
2659 6
2660 6
2661 7
2662 5
2663 3
2664 5
2665 5
2666 8
2667 8
2668 8
2669 8
2670 6
2671 2
2672 7
2673 8
2674 8
2675 8
2676 5
2677 5
2678 4
2679 3
2680 9
2681 7
2682 6
2683 5
2684 4
2685 8
2686 8
2687 9
2688 6
2689 5
2690 9
2691 8
2692 12
2693 4
2694 6
2695 6
2696 2
2697 11
2698 9
2699 3
2700 7
2701 11
2702 12
2703 11
2704 7
2705 9
2706 6
2707 4
2708 7
2709 6
2710 5
2711 5
2712 10
2713 4
2714 6
2715 7
2716 9
2717 5
2718 6
2719 9
2720 7
2721 6
2722 4
2723 5
2724 7
2725 6
2726 5
2727 2
2728 6
2729 10
2730 9
2731 9
2732 8
2733 3
2734 6
2735 6
2736 7
2737 4
2738 4
2739 8
2740 6
2741 4
2742 5
2743 3
2744 2
2745 9
2746 7
2747 5
2748 4
2749 5
2750 9
2751 11
2752 3
2753 7
2754 5
2755 4
2756 2
2757 4
2758 11
2759 9
2760 10
2761 9
2762 7
2763 5
2764 6
2765 6
2766 10
2767 8
2768 9
2769 5
2770 5
2771 8
2772 4
2773 8
2774 6
2775 6
2776 8
2777 9
2778 8
2779 6
2780 2
2781 3
2782 4
2783 5
2784 3
2785 14
2786 4
2787 7
2788 6
2789 4
2790 5
2791 6
2792 6
2793 3
2794 7
2795 5
2796 4
2797 4
2798 4
2799 4
2800 6
2801 4
2802 5
2803 4
2804 8
2805 5
2806 3
2807 2
2808 5
2809 8
2810 5
2811 3
2812 3
2813 7
2814 4
2815 5
2816 3
2817 10
2818 6
2819 10
2820 6
2821 6
2822 7
2823 5
2824 2
2825 8
2826 3
2827 6
2828 5
2829 8
2830 5
2831 3
2832 5
2833 4
2834 6
2835 2
2836 8
2837 2
2838 8
2839 4
2840 3
2841 5
2842 2
2843 5
2844 7
2845 3
2846 3
2847 10
2848 5
2849 5
2850 5
2851 8
2852 9
2853 5
2854 8
2855 5
2856 11
2857 8
2858 6
2859 12
2860 10
2861 2
2862 8
2863 11
2864 7
2865 3
2866 5
2867 7
2868 10
2869 5
2870 2
2871 10
2872 4
2873 4
2874 7
2875 5
2876 3
2877 7
2878 6
2879 4
2880 1
2881 2
2882 4
2883 5
2884 2
2885 6
2886 6
2887 2
2888 3
2889 6
2890 5
2891 3
2892 3
2893 12
2894 3
2895 5
2896 5
2897 2
2898 0
2899 7
2900 6
2901 10
2902 6
2903 4
2904 6
2905 5
2906 8
2907 9
2908 4
2909 5
2910 4
2911 8
2912 5
2913 7
2914 7
2915 6
2916 10
2917 5
2918 6
2919 8
2920 10
2921 9
2922 6
2923 8
2924 9
2925 10
2926 11
2927 5
2928 9
2929 9
2930 6
2931 2
2932 8
2933 5
2934 2
2935 6
2936 4
2937 5
2938 7
2939 6
2940 6
2941 6
2942 4
2943 8
2944 9
2945 2
2946 7
2947 5
2948 10
2949 4
2950 4
2951 7
2952 5
2953 7
2954 7
2955 4
2956 6
2957 4
2958 3
2959 2
2960 4
2961 5
2962 5
2963 6
2964 5
2965 8
2966 8
2967 7
2968 3
2969 4
2970 4
2971 6
2972 7
2973 5
2974 6
2975 10
2976 5
2977 5
2978 5
2979 4
2980 2
2981 5
2982 9
2983 2
2984 8
2985 6
2986 9
2987 2
2988 3
2989 3
2990 5
2991 9
2992 5
2993 14
2994 9
2995 2
2996 6
2997 6
2998 10
2999 7
3000 4
3001 4
3002 7
3003 8
3004 8
3005 6
3006 5
3007 4
3008 2
3009 7
3010 6
3011 2
3012 7
3013 8
3014 2
3015 2
3016 5
3017 3
3018 5
3019 9
3020 4
3021 2
3022 5
3023 2
3024 7
3025 4
3026 6
3027 8
3028 6
3029 4
3030 4
3031 7
3032 8
3033 6
3034 9
3035 5
3036 10
3037 11
3038 4
3039 4
3040 4
3041 8
3042 7
3043 6
3044 6
3045 3
3046 7
3047 4
3048 6
3049 7
3050 5
3051 4
3052 7
3053 2
3054 4
3055 6
3056 2
3057 5
3058 6
3059 5
3060 4
3061 4
3062 1
3063 5
3064 10
3065 4
3066 3
3067 5
3068 6
3069 5
3070 2
3071 4
3072 5
3073 5
3074 4
3075 4
3076 9
3077 5
3078 4
3079 5
3080 2
3081 4
3082 4
3083 5
3084 1
3085 3
3086 6
3087 6
3088 2
3089 3
3090 4
3091 4
3092 4
3093 3
3094 4
3095 3
3096 3
3097 4
3098 4
3099 4
3100 7
3101 1
3102 5
3103 4
3104 3
3105 6
3106 6
3107 6
3108 6
3109 6
3110 6
3111 7
3112 4
3113 3
3114 5
3115 2
3116 5
3117 6
3118 4
3119 4
3120 3
3121 10
3122 4
3123 2
3124 4
3125 3
3126 8
3127 1
3128 2
3129 8
3130 4
3131 2
3132 2
3133 5
3134 4
3135 5
3136 5
3137 7
3138 2
3139 3
3140 5
3141 7
3142 2
3143 6
3144 5
3145 6
3146 4
3147 3
3148 5
3149 4
3150 5
3151 3
3152 2
3153 8
3154 4
3155 4
3156 1
3157 8
3158 1
3159 7
3160 2
3161 5
3162 3
3163 3
3164 1
3165 3
3166 3
3167 6
3168 3
3169 6
3170 3
3171 5
3172 2
3173 5
3174 3
3175 4
3176 5
3177 0
3178 2
3179 9
3180 5
3181 6
3182 3
3183 0
3184 2
3185 5
3186 2
3187 4
3188 2
3189 1
3190 3
3191 2
3192 4
3193 4
3194 1
3195 3
3196 3
3197 4
3198 4
3199 2
3200 3
3201 5
3202 8
3203 6
3204 5
3205 2
3206 2
3207 3
3208 4
3209 3
3210 8
3211 6
3212 0
3213 7
3214 5
3215 4
3216 0
3217 3
3218 6
3219 4
3220 4
3221 3
3222 1
3223 1
3224 8
3225 2
3226 5
3227 3
3228 5
3229 4
3230 4
3231 3
3232 2
3233 5
3234 5
3235 6
3236 7
3237 6
3238 1
3239 8
3240 5
3241 4
3242 6
3243 5
3244 3
3245 3
3246 1
3247 4
3248 8
3249 2
3250 3
3251 8
3252 3
3253 2
3254 5
3255 5
3256 1
3257 5
3258 4
3259 5
3260 7
3261 3
3262 3
3263 6
3264 3
3265 4
3266 6
3267 6
3268 1
3269 2
3270 6
3271 3
3272 3
3273 6
3274 6
3275 3
3276 8
3277 5
3278 9
3279 1
3280 5
3281 6
3282 5
3283 2
3284 4
3285 7
3286 1
3287 3
3288 3
3289 3
3290 2
3291 7
3292 3
3293 7
3294 3
3295 7
3296 3
3297 4
3298 2
3299 3
3300 2
3301 1
3302 1
3303 4
3304 1
3305 5
3306 1
3307 2
3308 5
3309 4
3310 4
3311 4
3312 5
3313 5
3314 11
3315 6
3316 4
3317 7
3318 4
3319 7
3320 2
3321 7
3322 8
3323 4
3324 4
3325 3
3326 3
3327 2
3328 2
3329 9
3330 2
3331 9
3332 7
3333 6
3334 6
3335 5
3336 6
3337 6
3338 4
3339 5
3340 4
3341 6
3342 4
3343 3
3344 5
3345 4
3346 6
3347 10
3348 0
3349 1
3350 4
3351 5
3352 5
3353 5
3354 2
3355 3
3356 7
3357 6
3358 2
3359 8
3360 5
3361 1
3362 3
3363 6
3364 3
3365 3
3366 1
3367 4
3368 7
3369 1
3370 6
3371 1
3372 6
3373 4
3374 6
3375 3
3376 6
3377 0
3378 4
3379 4
3380 4
3381 3
3382 5
3383 7
3384 7
3385 4
3386 4
3387 5
3388 4
3389 4
3390 2
3391 5
3392 4
3393 5
3394 8
3395 5
3396 5
3397 3
3398 6
3399 5
3400 3
3401 7
3402 6
3403 5
3404 1
3405 5
3406 4
3407 5
3408 7
3409 4
3410 4
3411 4
3412 4
3413 2
3414 5
3415 3
3416 2
3417 10
3418 8
3419 3
3420 3
3421 4
3422 3
3423 6
3424 4
3425 3
3426 3
3427 4
3428 6
3429 7
3430 8
3431 4
3432 1
3433 5
3434 1
3435 4
3436 6
3437 1
3438 5
3439 2
3440 4
3441 4
3442 4
3443 2
3444 7
3445 1
3446 6
3447 2
3448 5
3449 3
3450 2
3451 4
3452 5
3453 7
3454 1
3455 5
3456 4
3457 3
3458 2
3459 4
3460 1
3461 4
3462 2
3463 3
3464 6
3465 3
3466 0
3467 4
3468 3
3469 5
3470 7
3471 5
3472 4
3473 7
3474 2
3475 5
3476 3
3477 1
3478 5
3479 3
3480 6
3481 7
3482 6
3483 2
3484 3
3485 4
3486 6
3487 4
3488 3
3489 2
3490 4
3491 3
3492 5
3493 8
3494 5
3495 2
3496 4
3497 3
3498 6
3499 3
3500 6
3501 7
3502 0
3503 3
3504 5
3505 2
3506 3
3507 6
3508 5
3509 2
3510 2
3511 0
3512 1
3513 4
3514 2
3515 2
3516 4
3517 4
3518 3
3519 2
3520 4
3521 2
3522 2
3523 5
3524 6
3525 2
3526 5
3527 3
3528 4
3529 1
3530 5
3531 2
3532 0
3533 4
3534 2
3535 3
3536 4
3537 2
3538 4
3539 1
3540 4
3541 0
3542 4
3543 3
3544 5
3545 2
3546 4
3547 2
3548 4
3549 3
3550 1
3551 3
3552 1
3553 4
3554 2
3555 4
3556 1
3557 3
3558 2
3559 2
3560 6
3561 2
3562 1
3563 3
3564 1
3565 3
3566 3
3567 6
3568 2
3569 3
3570 5
3571 3
3572 4
3573 3
3574 4
3575 5
3576 4
3577 0
3578 4
3579 7
3580 3
3581 3
3582 7
3583 1
3584 1
3585 2
3586 3
3587 3
3588 5
3589 4
3590 6
3591 3
3592 2
3593 1
3594 4
3595 4
3596 6
3597 2
3598 6
3599 2
3600 9
3601 3
3602 1
3603 7
3604 5
3605 3
3606 2
3607 6
3608 2
3609 3
3610 1
3611 0
3612 1
3613 3
3614 3
3615 4
3616 3
3617 3
3618 1
3619 0
3620 3
3621 3
3622 5
3623 2
3624 3
3625 2
3626 6
3627 3
3628 2
3629 5
3630 5
3631 3
3632 6
3633 1
3634 4
3635 4
3636 3
3637 2
3638 3
3639 2
3640 6
3641 4
3642 3
3643 3
3644 4
3645 3
3646 6
3647 1
3648 6
3649 4
3650 3
3651 4
3652 2
3653 2
3654 4
3655 1
3656 0
3657 3
3658 2
3659 3
3660 3
3661 3
3662 3
3663 4
3664 4
3665 7
3666 2
3667 6
3668 9
3669 3
3670 4
3671 5
3672 6
3673 2
3674 3
3675 3
3676 3
3677 4
3678 2
3679 1
3680 4
3681 5
3682 4
3683 2
3684 3
3685 8
3686 1
3687 3
3688 4
3689 3
3690 2
3691 5
3692 0
3693 2
3694 2
3695 2
3696 3
3697 0
3698 4
3699 2
3700 4
3701 3
3702 2
3703 3
3704 2
3705 1
3706 3
3707 4
3708 4
3709 5
3710 1
3711 3
3712 4
3713 2
3714 3
3715 4
3716 3
3717 3
3718 1
3719 1
3720 1
3721 6
3722 3
3723 3
3724 3
3725 1
3726 2
3727 4
3728 1
3729 3
3730 2
3731 2
3732 5
3733 2
3734 1
3735 2
3736 3
3737 4
3738 4
3739 6
3740 5
3741 1
3742 5
3743 4
3744 6
3745 3
3746 5
3747 3
3748 2
3749 1
3750 4
3751 3
3752 2
3753 5
3754 5
3755 3
3756 4
3757 3
3758 4
3759 3
3760 5
3761 6
3762 3
3763 4
3764 1
3765 1
3766 2
3767 4
3768 2
3769 2
3770 4
3771 3
3772 4
3773 2
3774 5
3775 5
3776 2
3777 2
3778 3
3779 2
3780 2
3781 4
3782 1
3783 2
3784 7
3785 1
3786 1
3787 3
3788 3
3789 4
3790 3
3791 2
3792 5
3793 4
3794 4
3795 5
3796 1
3797 3
3798 0
3799 6
3800 5
3801 1
3802 3
3803 4
3804 2
3805 0
3806 3
3807 3
3808 3
3809 1
3810 4
3811 3
3812 2
3813 1
3814 0
3815 3
3816 3
3817 6
3818 5
3819 6
3820 5
3821 0
3822 1
3823 4
3824 3
3825 4
3826 3
3827 0
3828 2
3829 2
3830 2
3831 1
3832 2
3833 2
3834 3
3835 2
3836 2
3837 2
3838 0
3839 3
3840 1
3841 4
3842 4
3843 2
3844 0
3845 1
3846 7
3847 3
3848 2
3849 4
3850 6
3851 3
3852 6
3853 3
3854 6
3855 3
3856 7
3857 1
3858 12
3859 3
3860 3
3861 2
3862 2
3863 3
3864 4
3865 4
3866 2
3867 4
3868 2
3869 2
3870 3
3871 5
3872 0
3873 4
3874 0
3875 2
3876 3
3877 1
3878 0
3879 2
3880 2
3881 4
3882 3
3883 2
3884 2
3885 0
3886 1
3887 4
3888 4
3889 1
3890 1
3891 3
3892 3
3893 1
3894 4
3895 0
3896 1
3897 2
3898 3
3899 6
3900 2
3901 4
3902 4
3903 1
3904 6
3905 2
3906 1
3907 3
3908 2
3909 1
3910 3
3911 3
3912 5
3913 3
3914 4
3915 3
3916 1
3917 3
3918 5
3919 1
3920 2
3921 4
3922 2
3923 3
3924 3
3925 5
3926 4
3927 1
3928 2
3929 0
3930 2
3931 4
3932 4
3933 1
3934 1
3935 1
3936 3
3937 2
3938 5
3939 3
3940 3
3941 2
3942 3
3943 3
3944 3
3945 0
3946 1
3947 3
3948 3
3949 6
3950 1
3951 2
3952 2
3953 2
3954 0
3955 2
3956 4
3957 5
3958 2
3959 2
3960 3
3961 4
3962 3
3963 4
3964 2
3965 2
3966 3
3967 7
3968 3
3969 1
3970 1
3971 1
3972 3
3973 0
3974 4
3975 3
3976 1
3977 2
3978 2
3979 3
3980 2
3981 0
3982 2
3983 0
3984 1
3985 4
3986 4
3987 1
3988 3
3989 0
3990 3
3991 0
3992 3
3993 1
3994 2
3995 2
3996 5
3997 5
3998 1
3999 1
4000 2
4001 3
4002 2
4003 3
4004 3
4005 2
4006 2
4007 0
4008 1
4009 2
4010 3
4011 2
4012 4
4013 3
4014 4
4015 2
4016 2
4017 3
4018 3
4019 6
4020 3
4021 2
4022 3
4023 1
4024 1
4025 0
4026 3
4027 0
4028 0
4029 1
4030 1
4031 1
4032 5
4033 2
4034 3
4035 2
4036 3
4037 2
4038 1
4039 2
4040 2
4041 3
4042 3
4043 3
4044 3
4045 1
4046 1
4047 3
4048 4
4049 4
4050 3
4051 2
4052 5
4053 3
4054 0
4055 1
4056 0
4057 3
4058 3
4059 6
4060 2
4061 1
4062 1
4063 3
4064 3
4065 0
4066 1
4067 1
4068 3
4069 1
4070 4
4071 3
4072 2
4073 2
4074 4
4075 7
4076 1
4077 3
4078 1
4079 0
4080 4
4081 1
4082 3
4083 1
4084 2
4085 0
4086 1
4087 1
4088 2
4089 2
4090 3
4091 2
4092 3
4093 1
4094 2
4095 1
4096 3
4097 4
4098 4
4099 0
4100 0
4101 1
4102 4
4103 3
4104 2
4105 0
4106 4
4107 2
4108 2
4109 6
4110 2
4111 3
4112 2
4113 1
4114 5
4115 1
4116 2
4117 5
4118 1
4119 2
4120 0
4121 2
4122 1
4123 2
4124 3
4125 3
4126 5
4127 0
4128 2
4129 4
4130 1
4131 0
4132 2
4133 6
4134 1
4135 1
4136 2
4137 4
4138 3
4139 2
4140 4
4141 1
4142 2
4143 2
4144 3
4145 1
4146 5
4147 2
4148 5
4149 1
4150 3
4151 3
4152 6
4153 4
4154 0
4155 3
4156 3
4157 2
4158 2
4159 3
4160 1
4161 3
4162 3
4163 1
4164 2
4165 2
4166 5
4167 3
4168 5
4169 3
4170 3
4171 6
4172 2
4173 4
4174 6
4175 0
4176 1
4177 4
4178 5
4179 2
4180 2
4181 4
4182 2
4183 5
4184 3
4185 2
4186 1
4187 4
4188 2
4189 2
4190 4
4191 1
4192 2
4193 2
4194 2
4195 4
4196 1
4197 1
4198 2
4199 3
4200 3
4201 0
4202 3
4203 4
4204 1
4205 1
4206 3
4207 4
4208 1
4209 4
4210 1
4211 3
4212 2
4213 5
4214 3
4215 4
4216 1
4217 2
4218 1
4219 3
4220 2
4221 4
4222 1
4223 1
4224 1
4225 1
4226 1
4227 1
4228 4
4229 4
4230 1
4231 6
4232 3
4233 1
4234 2
4235 2
4236 1
4237 5
4238 3
4239 6
4240 3
4241 3
4242 3
4243 0
4244 0
4245 2
4246 2
4247 2
4248 2
4249 2
4250 1
4251 1
4252 4
4253 0
4254 3
4255 0
4256 2
4257 3
4258 1
4259 2
4260 1
4261 3
4262 0
4263 0
4264 4
4265 4
4266 6
4267 0
4268 3
4269 1
4270 4
4271 1
4272 1
4273 1
4274 4
4275 4
4276 1
4277 1
4278 3
4279 4
4280 3
4281 1
4282 1
4283 5
4284 4
4285 4
4286 2
4287 0
4288 4
4289 0
4290 3
4291 4
4292 2
4293 1
4294 2
4295 2
4296 1
4297 6
4298 4
4299 3
4300 2
4301 0
4302 3
4303 2
4304 2
4305 2
4306 5
4307 4
4308 1
4309 1
4310 3
4311 4
4312 1
4313 0
4314 0
4315 3
4316 3
4317 1
4318 2
4319 4
4320 2
4321 2
4322 3
4323 1
4324 3
4325 1
4326 0
4327 4
4328 3
4329 4
4330 2
4331 5
4332 2
4333 4
4334 1
4335 2
4336 1
4337 2
4338 2
4339 1
4340 7
4341 4
4342 4
4343 2
4344 1
4345 1
4346 3
4347 3
4348 4
4349 2
4350 0
4351 0
4352 2
4353 2
4354 0
4355 3
4356 3
4357 4
4358 2
4359 3
4360 2
4361 3
4362 3
4363 0
4364 3
4365 1
4366 3
4367 5
4368 1
4369 0
4370 2
4371 4
4372 0
4373 5
4374 1
4375 2
4376 3
4377 1
4378 4
4379 0
4380 3
4381 1
4382 1
4383 2
4384 0
4385 1
4386 0
4387 1
4388 2
4389 5
4390 3
4391 0
4392 1
4393 2
4394 4
4395 4
4396 3
4397 1
4398 3
4399 3
4400 1
4401 4
4402 0
4403 4
4404 1
4405 3
4406 1
4407 0
4408 2
4409 2
4410 0
4411 2
4412 3
4413 2
4414 1
4415 3
4416 1
4417 2
4418 2
4419 2
4420 4
4421 3
4422 4
4423 0
4424 4
4425 3
4426 1
4427 4
4428 4
4429 4
4430 3
4431 1
4432 0
4433 3
4434 3
4435 3
4436 2
4437 3
4438 4
4439 1
4440 0
4441 1
4442 2
4443 2
4444 4
4445 0
4446 2
4447 3
4448 1
4449 2
4450 0
4451 2
4452 2
4453 2
4454 2
4455 2
4456 2
4457 1
4458 2
4459 2
4460 0
4461 1
4462 0
4463 0
4464 3
4465 1
4466 7
4467 1
4468 1
4469 2
4470 3
4471 3
4472 2
4473 1
4474 3
4475 0
4476 0
4477 1
4478 1
4479 0
4480 2
4481 1
4482 1
4483 3
4484 5
4485 5
4486 1
4487 1
4488 1
4489 3
4490 0
4491 0
4492 1
4493 0
4494 2
4495 1
4496 2
4497 2
4498 3
4499 5
4500 1
4501 2
4502 1
4503 2
4504 1
4505 3
4506 4
4507 3
4508 1
4509 3
4510 1
4511 1
4512 1
4513 1
4514 1
4515 3
4516 2
4517 2
4518 0
4519 1
4520 2
4521 2
4522 4
4523 2
4524 2
4525 3
4526 1
4527 0
4528 2
4529 1
4530 1
4531 3
4532 3
4533 3
4534 1
4535 3
4536 4
4537 2
4538 2
4539 2
4540 0
4541 1
4542 3
4543 2
4544 2
4545 5
4546 2
4547 1
4548 5
4549 3
4550 1
4551 4
4552 3
4553 2
4554 4
4555 4
4556 1
4557 2
4558 8
4559 2
4560 2
4561 2
4562 2
4563 3
4564 3
4565 4
4566 4
4567 1
4568 2
4569 2
4570 4
4571 3
4572 0
4573 1
4574 0
4575 0
4576 1
4577 2
4578 2
4579 3
4580 3
4581 3
4582 1
4583 0
4584 1
4585 0
4586 0
4587 2
4588 0
4589 1
4590 1
4591 4
4592 3
4593 2
4594 2
4595 2
4596 0
4597 0
4598 1
4599 0
4600 1
4601 2
4602 1
4603 1
4604 1
4605 2
4606 2
4607 2
4608 3
4609 0
4610 2
4611 1
4612 1
4613 3
4614 0
4615 3
4616 2
4617 4
4618 0
4619 2
4620 3
4621 3
4622 0
4623 3
4624 1
4625 1
4626 1
4627 1
4628 0
4629 3
4630 1
4631 1
4632 2
4633 1
4634 3
4635 2
4636 0
4637 6
4638 3
4639 1
4640 2
4641 1
4642 1
4643 2
4644 0
4645 1
4646 1
4647 1
4648 1
4649 0
4650 2
4651 1
4652 2
4653 0
4654 1
4655 0
4656 2
4657 4
4658 1
4659 1
4660 1
4661 2
4662 1
4663 1
4664 2
4665 2
4666 2
4667 0
4668 3
4669 2
4670 0
4671 2
4672 1
4673 3
4674 1
4675 0
4676 2
4677 1
4678 3
4679 3
4680 0
4681 1
4682 3
4683 1
4684 3
4685 2
4686 2
4687 2
4688 1
4689 1
4690 4
4691 0
4692 3
4693 0
4694 1
4695 3
4696 0
4697 5
4698 2
4699 5
4700 0
4701 0
4702 4
4703 1
4704 0
4705 2
4706 1
4707 1
4708 1
4709 3
4710 2
4711 1
4712 2
4713 4
4714 1
4715 1
4716 1
4717 4
4718 4
4719 1
4720 3
4721 2
4722 0
4723 1
4724 1
4725 4
4726 2
4727 0
4728 1
4729 0
4730 1
4731 1
4732 3
4733 1
4734 2
4735 0
4736 1
4737 0
4738 4
4739 1
4740 6
4741 2
4742 2
4743 4
4744 4
4745 1
4746 0
4747 0
4748 3
4749 1
4750 5
4751 2
4752 1
4753 2
4754 4
4755 3
4756 3
4757 0
4758 1
4759 0
4760 1
4761 2
4762 4
4763 3
4764 0
4765 2
4766 1
4767 3
4768 1
4769 2
4770 2
4771 1
4772 0
4773 1
4774 1
4775 2
4776 0
4777 2
4778 1
4779 3
4780 2
4781 4
4782 1
4783 2
4784 0
4785 6
4786 2
4787 2
4788 2
4789 1
4790 4
4791 0
4792 5
4793 1
4794 2
4795 1
4796 0
4797 2
4798 2
4799 1
4800 1
4801 0
4802 1
4803 1
4804 0
4805 0
4806 1
4807 3
4808 0
4809 0
4810 1
4811 3
4812 3
4813 4
4814 1
4815 2
4816 1
4817 2
4818 1
4819 0
4820 0
4821 0
4822 1
4823 3
4824 1
4825 0
4826 0
4827 1
4828 0
4829 1
4830 2
4831 2
4832 2
4833 0
4834 2
4835 1
4836 1
4837 2
4838 2
4839 0
4840 1
4841 2
4842 1
4843 1
4844 1
4845 3
4846 1
4847 1
4848 2
4849 2
4850 2
4851 3
4852 1
4853 2
4854 2
4855 1
4856 2
4857 0
4858 1
4859 1
4860 1
4861 2
4862 2
4863 1
4864 1
4865 0
4866 1
4867 2
4868 0
4869 1
4870 1
4871 0
4872 1
4873 3
4874 1
4875 2
4876 1
4877 0
4878 1
4879 2
4880 1
4881 2
4882 1
4883 0
4884 3
4885 5
4886 3
4887 4
4888 2
4889 3
4890 1
4891 5
4892 2
4893 0
4894 1
4895 0
4896 0
4897 2
4898 1
4899 0
4900 1
4901 1
4902 0
4903 3
4904 1
4905 1
4906 0
4907 3
4908 2
4909 3
4910 2
4911 4
4912 2
4913 1
4914 2
4915 1
4916 0
4917 3
4918 2
4919 2
4920 0
4921 1
4922 3
4923 0
4924 1
4925 0
4926 3
4927 2
4928 0
4929 1
4930 3
4931 0
4932 2
4933 2
4934 1
4935 4
4936 3
4937 4
4938 2
4939 3
4940 4
4941 4
4942 1
4943 2
4944 0
4945 1
4946 3
4947 3
4948 4
4949 3
4950 6
4951 5
4952 0
4953 3
4954 1
4955 4
4956 1
4957 2
4958 4
4959 1
4960 1
4961 0
4962 3
4963 4
4964 1
4965 6
4966 3
4967 0
4968 3
4969 3
4970 1
4971 0
4972 0
4973 2
4974 1
4975 4
4976 1
4977 3
4978 1
4979 2
4980 6
4981 0
4982 3
4983 1
4984 2
4985 2
4986 2
4987 2
4988 1
4989 1
4990 2
4991 2
4992 1
4993 1
4994 3
4995 1
4996 0
4997 0
4998 1
4999 1
5000 1
5001 1
5002 1
5003 0
5004 2
5005 1
5006 1
5007 4
5008 2
5009 2
5010 3
5011 1
5012 2
5013 0
5014 1
5015 0
5016 0
5017 2
5018 3
5019 1
5020 2
5021 0
5022 0
5023 1
5024 2
5025 1
5026 4
5027 1
5028 1
5029 2
5030 3
5031 2
5032 3
5033 1
5034 2
5035 1
5036 1
5037 1
5038 2
5039 2
5040 1
5041 3
5042 3
5043 0
5044 2
5045 1
5046 1
5047 1
5048 3
5049 1
5050 0
5051 1
5052 4
5053 2
5054 0
5055 2
5056 1
5057 0
5058 0
5059 2
5060 0
5061 0
5062 4
5063 0
5064 0
5065 3
5066 1
5067 0
5068 1
5069 0
5070 1
5071 0
5072 0
5073 1
5074 0
5075 1
5076 0
5077 3
5078 1
5079 1
5080 0
5081 1
5082 1
5083 1
5084 1
5085 1
5086 0
5087 2
5088 3
5089 1
5090 2
5091 0
5092 1
5093 3
5094 0
5095 1
5096 0
5097 2
5098 3
5099 0
5100 0
5101 3
5102 1
5103 3
5104 2
5105 3
5106 2
5107 0
5108 1
5109 1
5110 1
5111 1
5112 0
5113 1
5114 1
5115 3
5116 3
5117 2
5118 4
5119 1
5120 3
5121 2
5122 2
5123 3
5124 1
5125 1
5126 0
5127 2
5128 2
5129 1
5130 2
5131 3
5132 2
5133 1
5134 1
5135 0
5136 0
5137 3
5138 2
5139 2
5140 1
5141 0
5142 1
5143 1
5144 0
5145 1
5146 2
5147 1
5148 2
5149 2
5150 1
5151 1
5152 1
5153 1
5154 4
5155 0
5156 1
5157 0
5158 4
5159 0
5160 2
5161 1
5162 2
5163 4
5164 2
5165 3
5166 2
5167 1
5168 3
5169 0
5170 5
5171 0
5172 0
5173 2
5174 3
5175 2
5176 2
5177 3
5178 1
5179 0
5180 2
5181 1
5182 1
5183 2
5184 1
5185 3
5186 1
5187 1
5188 0
5189 2
5190 2
5191 4
5192 1
5193 1
5194 0
5195 3
5196 3
5197 1
5198 1
5199 2
5200 3
5201 0
5202 1
5203 3
5204 2
5205 1
5206 1
5207 0
5208 0
5209 2
5210 3
5211 0
5212 2
5213 4
5214 2
5215 3
5216 4
5217 1
5218 0
5219 2
5220 1
5221 4
5222 1
5223 0
5224 1
5225 4
5226 1
5227 2
5228 0
5229 0
5230 0
5231 2
5232 2
5233 1
5234 0
5235 0
5236 3
5237 3
5238 1
5239 3
5240 2
5241 2
5242 0
5243 1
5244 1
5245 1
5246 1
5247 1
5248 2
5249 1
5250 1
5251 2
5252 0
5253 1
5254 2
5255 0
5256 1
5257 0
5258 3
5259 0
5260 1
5261 4
5262 1
5263 2
5264 2
5265 3
5266 0
5267 3
5268 0
5269 2
5270 1
5271 0
5272 0
5273 2
5274 3
5275 0
5276 3
5277 1
5278 1
5279 1
5280 0
5281 2
5282 0
5283 1
5284 2
5285 2
5286 1
5287 2
5288 2
5289 0
5290 0
5291 2
5292 3
5293 3
5294 1
5295 2
5296 6
5297 2
5298 2
5299 1
5300 1
5301 3
5302 1
5303 0
5304 1
5305 1
5306 1
5307 1
5308 0
5309 0
5310 2
5311 1
5312 1
5313 2
5314 4
5315 0
5316 0
5317 1
5318 1
5319 4
5320 1
5321 2
5322 2
5323 1
5324 0
5325 0
5326 3
5327 3
5328 1
5329 1
5330 3
5331 4
5332 0
5333 2
5334 1
5335 0
5336 0
5337 1
5338 3
5339 0
5340 0
5341 2
5342 1
5343 1
5344 3
5345 0
5346 2
5347 3
5348 0
5349 1
5350 0
5351 1
5352 2
5353 0
5354 1
5355 1
5356 0
5357 0
5358 3
5359 2
5360 1
5361 1
5362 2
5363 1
5364 0
5365 1
5366 1
5367 1
5368 0
5369 3
5370 0
5371 2
5372 1
5373 2
5374 3
5375 3
5376 1
5377 0
5378 3
5379 1
5380 0
5381 2
5382 1
5383 3
5384 1
5385 3
5386 4
5387 1
5388 2
5389 3
5390 0
5391 2
5392 3
5393 0
5394 0
5395 1
5396 0
5397 0
5398 1
5399 3
5400 1
5401 0
5402 1
5403 1
5404 2
5405 3
5406 3
5407 1
5408 0
5409 4
5410 1
5411 2
5412 2
5413 1
5414 3
5415 0
5416 5
5417 1
5418 1
5419 0
5420 1
5421 4
5422 2
5423 2
5424 4
5425 1
5426 1
5427 0
5428 1
5429 1
5430 2
5431 2
5432 0
5433 0
5434 1
5435 1
5436 3
5437 1
5438 0
5439 0
5440 3
5441 1
5442 0
5443 2
5444 1
5445 0
5446 0
5447 1
5448 0
5449 3
5450 1
5451 1
5452 0
5453 2
5454 5
5455 2
5456 4
5457 5
5458 1
5459 1
5460 3
5461 1
5462 0
5463 3
5464 4
5465 1
5466 0
5467 2
5468 1
5469 1
5470 1
5471 2
5472 3
5473 0
5474 2
5475 1
5476 1
5477 1
5478 0
5479 0
5480 1
5481 1
5482 2
5483 6
5484 2
5485 1
5486 1
5487 2
5488 3
5489 0
5490 3
5491 1
5492 2
5493 1
5494 2
5495 1
5496 2
5497 2
5498 3
5499 0
5500 0
5501 2
5502 2
5503 0
5504 0
5505 1
5506 0
5507 1
5508 0
5509 3
5510 1
5511 4
5512 3
5513 1
5514 1
5515 1
5516 0
5517 4
5518 0
5519 0
5520 3
5521 1
5522 0
5523 0
5524 2
5525 0
5526 1
5527 1
5528 3
5529 1
5530 0
5531 2
5532 2
5533 1
5534 2
5535 1
5536 1
5537 0
5538 1
5539 0
5540 0
5541 0
5542 2
5543 1
5544 2
5545 0
5546 1
5547 0
5548 0
5549 1
5550 1
5551 0
5552 3
5553 0
5554 2
5555 0
5556 1
5557 3
5558 2
5559 4
5560 1
5561 0
5562 1
5563 3
5564 0
5565 2
5566 0
5567 0
5568 0
5569 1
5570 2
5571 1
5572 1
5573 0
5574 0
5575 1
5576 1
5577 0
5578 2
5579 2
5580 2
5581 2
5582 3
5583 0
5584 1
5585 1
5586 0
5587 0
5588 2
5589 3
5590 1
5591 2
5592 2
5593 0
5594 2
5595 1
5596 0
5597 1
5598 0
5599 2
5600 7
5601 1
5602 1
5603 0
5604 1
5605 0
5606 0
5607 1
5608 1
5609 2
5610 0
5611 2
5612 2
5613 1
5614 0
5615 0
5616 0
5617 1
5618 2
5619 0
5620 0
5621 2
5622 1
5623 1
5624 1
5625 6
5626 1
5627 2
5628 1
5629 3
5630 1
5631 2
5632 0
5633 0
5634 3
5635 2
5636 1
5637 1
5638 6
5639 1
5640 3
5641 2
5642 2
5643 2
5644 0
5645 0
5646 1
5647 3
5648 3
5649 1
5650 2
5651 2
5652 1
5653 2
5654 1
5655 2
5656 1
5657 1
5658 4
5659 4
5660 5
5661 1
5662 1
5663 2
5664 0
5665 3
5666 0
5667 2
5668 1
5669 2
5670 1
5671 2
5672 1
5673 0
5674 3
5675 1
5676 1
5677 2
5678 2
5679 2
5680 1
5681 1
5682 0
5683 1
5684 2
5685 0
5686 2
5687 1
5688 3
5689 3
5690 3
5691 0
5692 2
5693 3
5694 1
5695 3
5696 2
5697 1
5698 0
5699 2
5700 0
5701 1
5702 2
5703 1
5704 1
5705 0
5706 0
5707 3
5708 0
5709 3
5710 2
5711 1
5712 1
5713 0
5714 0
5715 0
5716 1
5717 3
5718 1
5719 1
5720 2
5721 1
5722 1
5723 1
5724 0
5725 1
5726 2
5727 1
5728 1
5729 3
5730 0
5731 1
5732 1
5733 0
5734 1
5735 1
5736 1
5737 1
5738 0
5739 0
5740 3
5741 3
5742 0
5743 0
5744 2
5745 0
5746 2
5747 0
5748 0
5749 2
5750 1
5751 3
5752 0
5753 0
5754 1
5755 2
5756 0
5757 1
5758 0
5759 0
5760 2
5761 0
5762 4
5763 0
5764 1
5765 0
5766 1
5767 1
5768 2
5769 1
5770 0
5771 0
5772 5
5773 1
5774 1
5775 2
5776 2
5777 3
5778 3
5779 2
5780 1
5781 2
5782 2
5783 1
5784 1
5785 3
5786 1
5787 0
5788 4
5789 0
5790 3
5791 0
5792 1
5793 3
5794 1
5795 0
5796 3
5797 0
5798 0
5799 2
5800 2
5801 6
5802 0
5803 2
5804 1
5805 0
5806 3
5807 5
5808 3
5809 1
5810 3
5811 1
5812 3
5813 3
5814 1
5815 1
5816 0
5817 2
5818 1
5819 1
5820 0
5821 1
5822 1
5823 2
5824 1
5825 0
5826 1
5827 3
5828 1
5829 5
5830 0
5831 4
5832 3
5833 2
5834 1
5835 2
5836 1
5837 0
5838 0
5839 4
5840 1
5841 4
5842 1
5843 4
5844 2
5845 2
5846 2
5847 3
5848 0
5849 2
5850 2
5851 0
5852 1
5853 0
5854 3
5855 2
5856 0
5857 1
5858 2
5859 2
5860 2
5861 1
5862 0
5863 0
5864 3
5865 2
5866 1
5867 4
5868 1
5869 0
5870 2
5871 2
5872 2
5873 0
5874 1
5875 4
5876 0
5877 2
5878 0
5879 1
5880 0
5881 0
5882 1
5883 1
5884 0
5885 1
5886 2
5887 0
5888 0
5889 1
5890 4
5891 1
5892 1
5893 1
5894 0
5895 2
5896 2
5897 2
5898 1
5899 1
5900 1
5901 3
5902 0
5903 1
5904 2
5905 1
5906 2
5907 3
5908 1
5909 0
5910 5
5911 0
5912 5
5913 0
5914 3
5915 0
5916 3
5917 2
5918 4
5919 1
5920 0
5921 0
5922 0
5923 0
5924 1
5925 1
5926 0
5927 1
5928 0
5929 0
5930 2
5931 2
5932 3
5933 0
5934 1
5935 2
5936 2
5937 0
5938 2
5939 5
5940 0
5941 3
5942 2
5943 1
5944 1
5945 2
5946 3
5947 1
5948 3
5949 1
5950 1
5951 1
5952 2
5953 0
5954 1
5955 0
5956 2
5957 0
5958 1
5959 1
5960 4
5961 0
5962 2
5963 2
5964 2
5965 0
5966 0
5967 2
5968 1
5969 3
5970 0
5971 1
5972 3
5973 0
5974 1
5975 1
5976 1
5977 0
5978 2
5979 1
5980 2
5981 2
5982 1
5983 2
5984 0
5985 1
5986 1
5987 2
5988 3
5989 3
5990 4
5991 1
5992 2
5993 6
5994 1
5995 0
5996 0
5997 2
5998 3
5999 2
6000 2
6001 4
6002 1
6003 0
6004 3
6005 1
6006 3
6007 0
6008 1
6009 1
6010 1
6011 4
6012 1
6013 1
6014 2
6015 0
6016 0
6017 0
6018 0
6019 1
6020 0
6021 1
6022 0
6023 0
6024 1
6025 2
6026 1
6027 1
6028 2
6029 1
6030 2
6031 3
6032 3
6033 2
6034 1
6035 2
6036 0
6037 1
6038 1
6039 0
6040 0
6041 2
6042 2
6043 1
6044 3
6045 0
6046 0
6047 2
6048 2
6049 3
6050 2
6051 4
6052 0
6053 1
6054 1
6055 2
6056 4
6057 3
6058 2
6059 0
6060 3
6061 3
6062 0
6063 2
6064 2
6065 0
6066 2
6067 4
6068 2
6069 2
6070 1
6071 1
6072 2
6073 1
6074 0
6075 0
6076 2
6077 1
6078 2
6079 2
6080 3
6081 1
6082 1
6083 1
6084 2
6085 3
6086 1
6087 1
6088 1
6089 1
6090 0
6091 1
6092 1
6093 1
6094 2
6095 3
6096 0
6097 0
6098 0
6099 1
6100 1
6101 0
6102 0
6103 0
6104 3
6105 4
6106 1
6107 3
6108 3
6109 0
6110 1
6111 3
6112 4
6113 2
6114 1
6115 1
6116 1
6117 2
6118 1
6119 2
6120 1
6121 1
6122 2
6123 0
6124 1
6125 0
6126 0
6127 1
6128 2
6129 1
6130 0
6131 1
6132 1
6133 2
6134 2
6135 0
6136 1
6137 0
6138 1
6139 1
6140 0
6141 2
6142 2
6143 2
6144 0
6145 1
6146 1
6147 1
6148 2
6149 1
6150 1
6151 1
6152 1
6153 3
6154 5
6155 1
6156 3
6157 1
6158 2
6159 1
6160 3
6161 2
6162 0
6163 0
6164 2
6165 1
6166 1
6167 1
6168 0
6169 2
6170 1
6171 0
6172 3
6173 1
6174 1
6175 3
6176 0
6177 1
6178 5
6179 0
6180 2
6181 3
6182 6
6183 2
6184 1
6185 3
6186 0
6187 0
6188 0
6189 1
6190 2
6191 2
6192 1
6193 4
6194 1
6195 0
6196 1
6197 0
6198 1
6199 1
6200 1
6201 0
6202 2
6203 1
6204 3
6205 1
6206 1
6207 0
6208 5
6209 1
6210 2
6211 0
6212 2
6213 2
6214 0
6215 2
6216 2
6217 1
6218 0
6219 1
6220 1
6221 0
6222 1
6223 3
6224 3
6225 1
6226 1
6227 2
6228 2
6229 1
6230 1
6231 1
6232 2
6233 1
6234 0
6235 1
6236 1
6237 2
6238 3
6239 1
6240 1
6241 1
6242 0
6243 1
6244 1
6245 1
6246 3
6247 2
6248 3
6249 2
6250 0
6251 4
6252 0
6253 2
6254 1
6255 2
6256 1
6257 0
6258 2
6259 1
6260 0
6261 2
6262 1
6263 1
6264 1
6265 1
6266 1
6267 0
6268 5
6269 1
6270 3
6271 0
6272 1
6273 1
6274 0
6275 0
6276 0
6277 1
6278 3
6279 1
6280 0
6281 1
6282 3
6283 3
6284 1
6285 0
6286 1
6287 1
6288 0
6289 0
6290 0
6291 0
6292 0
6293 1
6294 1
6295 3
6296 1
6297 3
6298 2
6299 1
6300 1
6301 1
6302 1
6303 1
6304 0
6305 0
6306 2
6307 1
6308 1
6309 2
6310 1
6311 0
6312 2
6313 0
6314 1
6315 0
6316 1
6317 3
6318 1
6319 0
6320 0
6321 1
6322 1
6323 1
6324 0
6325 0
6326 1
6327 1
6328 1
6329 1
6330 0
6331 2
6332 1
6333 0
6334 2
6335 1
6336 3
6337 2
6338 1
6339 3
6340 3
6341 2
6342 1
6343 1
6344 0
6345 2
6346 0
6347 2
6348 0
6349 0
6350 4
6351 2
6352 3
6353 0
6354 3
6355 1
6356 2
6357 0
6358 1
6359 1
6360 2
6361 0
6362 3
6363 0
6364 0
6365 2
6366 1
6367 2
6368 0
6369 2
6370 0
6371 0
6372 1
6373 2
6374 2
6375 3
6376 2
6377 2
6378 1
6379 1
6380 1
6381 2
6382 3
6383 1
6384 2
6385 1
6386 2
6387 1
6388 3
6389 3
6390 1
6391 2
6392 0
6393 3
6394 3
6395 4
6396 0
6397 0
6398 0
6399 3
6400 1
6401 1
6402 5
6403 3
6404 2
6405 3
6406 2
6407 0
6408 1
6409 3
6410 2
6411 0
6412 1
6413 1
6414 1
6415 1
6416 0
6417 3
6418 4
6419 0
6420 3
6421 2
6422 5
6423 1
6424 3
6425 0
6426 1
6427 2
6428 4
6429 0
6430 1
6431 2
6432 3
6433 3
6434 1
6435 2
6436 2
6437 3
6438 1
6439 1
6440 2
6441 1
6442 0
6443 4
6444 0
6445 3
6446 0
6447 2
6448 0
6449 0
6450 1
6451 1
6452 1
6453 1
6454 2
6455 0
6456 2
6457 1
6458 3
6459 0
6460 0
6461 1
6462 1
6463 0
6464 1
6465 1
6466 1
6467 1
6468 2
6469 2
6470 1
6471 1
6472 1
6473 1
6474 2
6475 1
6476 3
6477 1
6478 1
6479 0
6480 0
6481 1
6482 2
6483 0
6484 3
6485 0
6486 1
6487 0
6488 2
6489 1
6490 2
6491 2
6492 0
6493 1
6494 0
6495 0
6496 2
6497 2
6498 1
6499 0
6500 4
6501 0
6502 1
6503 1
6504 1
6505 1
6506 0
6507 2
6508 2
6509 2
6510 0
6511 0
6512 0
6513 0
6514 2
6515 2
6516 1
6517 2
6518 1
6519 3
6520 3
6521 1
6522 2
6523 1
6524 4
6525 4
6526 1
6527 0
6528 0
6529 3
6530 1
6531 3
6532 0
6533 1
6534 1
6535 2
6536 0
6537 0
6538 2
6539 2
6540 2
6541 2
6542 0
6543 1
6544 2
6545 1
6546 1
6547 1
6548 0
6549 1
6550 4
6551 3
6552 0
6553 2
6554 1
6555 2
6556 1
6557 2
6558 0
6559 3
6560 1
6561 1
6562 1
6563 0
6564 0
6565 0
6566 1
6567 0
6568 0
6569 1
6570 0
6571 1
6572 2
6573 0
6574 2
6575 2
6576 1
6577 2
6578 0
6579 1
6580 1
6581 1
6582 1
6583 3
6584 1
6585 1
6586 1
6587 4
6588 0
6589 1
6590 2
6591 5
6592 0
6593 0
6594 1
6595 1
6596 1
6597 0
6598 1
6599 0
6600 2
6601 1
6602 0
6603 1
6604 1
6605 0
6606 0
6607 2
6608 1
6609 0
6610 2
6611 2
6612 3
6613 2
6614 1
6615 0
6616 2
6617 0
6618 1
6619 1
6620 1
6621 0
6622 2
6623 3
6624 1
6625 1
6626 2
6627 1
6628 2
6629 2
6630 2
6631 1
6632 2
6633 1
6634 1
6635 2
6636 4
6637 2
6638 0
6639 2
6640 4
6641 2
6642 1
6643 1
6644 2
6645 2
6646 3
6647 1
6648 1
6649 0
6650 1
6651 2
6652 1
6653 0
6654 1
6655 2
6656 4
6657 2
6658 0
6659 1
6660 4
6661 1
6662 2
6663 1
6664 1
6665 0
6666 1
6667 0
6668 2
6669 1
6670 3
6671 0
6672 3
6673 0
6674 1
6675 2
6676 1
6677 0
6678 2
6679 2
6680 1
6681 0
6682 1
6683 0
6684 1
6685 2
6686 3
6687 0
6688 3
6689 0
6690 5
6691 1
6692 1
6693 0
6694 1
6695 2
6696 0
6697 0
6698 2
6699 0
6700 2
6701 1
6702 1
6703 4
6704 2
6705 0
6706 1
6707 0
6708 2
6709 0
6710 0
6711 0
6712 0
6713 2
6714 1
6715 2
6716 0
6717 0
6718 1
6719 1
6720 1
6721 0
6722 3
6723 3
6724 0
6725 1
6726 0
6727 2
6728 0
6729 1
6730 1
6731 0
6732 1
6733 2
6734 1
6735 0
6736 1
6737 2
6738 0
6739 2
6740 2
6741 1
6742 1
6743 1
6744 3
6745 2
6746 2
6747 1
6748 0
6749 3
6750 4
6751 3
6752 1
6753 0
6754 0
6755 2
6756 1
6757 4
6758 1
6759 0
6760 3
6761 3
6762 1
6763 1
6764 1
6765 0
6766 3
6767 2
6768 1
6769 2
6770 0
6771 0
6772 1
6773 2
6774 2
6775 0
6776 1
6777 0
6778 1
6779 2
6780 1
6781 0
6782 2
6783 1
6784 1
6785 2
6786 1
6787 0
6788 2
6789 0
6790 1
6791 1
6792 0
6793 2
6794 0
6795 1
6796 6
6797 2
6798 1
6799 4
6800 3
6801 0
6802 2
6803 0
6804 1
6805 1
6806 1
6807 0
6808 0
6809 1
6810 3
6811 2
6812 3
6813 0
6814 4
6815 2
6816 0
6817 2
6818 2
6819 1
6820 1
6821 4
6822 3
6823 1
6824 0
6825 2
6826 1
6827 1
6828 3
6829 2
6830 1
6831 2
6832 0
6833 0
6834 1
6835 1
6836 0
6837 3
6838 1
6839 0
6840 1
6841 0
6842 1
6843 1
6844 1
6845 2
6846 0
6847 1
6848 0
6849 1
6850 2
6851 0
6852 1
6853 1
6854 1
6855 2
6856 2
6857 2
6858 0
6859 3
6860 0
6861 0
6862 1
6863 1
6864 2
6865 2
6866 1
6867 2
6868 3
6869 1
6870 1
6871 3
6872 1
6873 3
6874 2
6875 0
6876 1
6877 1
6878 1
6879 4
6880 0
6881 0
6882 1
6883 0
6884 1
6885 1
6886 1
6887 3
6888 3
6889 0
6890 1
6891 2
6892 0
6893 0
6894 2
6895 2
6896 1
6897 5
6898 2
6899 0
6900 1
6901 2
6902 1
6903 4
6904 1
6905 2
6906 2
6907 3
6908 0
6909 1
6910 1
6911 0
6912 1
6913 2
6914 1
6915 2
6916 2
6917 3
6918 2
6919 0
6920 3
6921 0
6922 2
6923 0
6924 0
6925 3
6926 1
6927 1
6928 0
6929 2
6930 0
6931 1
6932 3
6933 1
6934 0
6935 1
6936 1
6937 1
6938 0
6939 1
6940 1
6941 1
6942 1
6943 0
6944 0
6945 0
6946 0
6947 1
6948 0
6949 0
6950 1
6951 2
6952 0
6953 1
6954 0
6955 0
6956 1
6957 0
6958 1
6959 0
6960 2
6961 0
6962 1
6963 2
6964 0
6965 3
6966 3
6967 1
6968 2
6969 0
6970 0
6971 2
6972 2
6973 4
6974 1
6975 2
6976 1
6977 3
6978 2
6979 2
6980 0
6981 2
6982 2
6983 2
6984 0
6985 1
6986 0
6987 1
6988 3
6989 3
6990 1
6991 1
6992 0
6993 1
6994 1
6995 1
6996 1
6997 1
6998 3
6999 4
7000 1
7001 1
7002 0
7003 3
7004 2
7005 0
7006 1
7007 0
7008 0
7009 3
7010 3
7011 3
7012 2
7013 4
7014 1
7015 2
7016 2
7017 0
7018 2
7019 2
7020 1
7021 3
7022 1
7023 3
7024 3
7025 0
7026 0
7027 3
7028 0
7029 1
7030 1
7031 0
7032 1
7033 0
7034 0
7035 1
7036 1
7037 2
7038 0
7039 1
7040 1
7041 0
7042 4
7043 2
7044 1
7045 0
7046 1
7047 0
7048 2
7049 2
7050 1
7051 0
7052 2
7053 2
7054 1
7055 2
7056 0
7057 3
7058 2
7059 1
7060 1
7061 1
7062 2
7063 0
7064 2
7065 3
7066 0
7067 1
7068 1
7069 0
7070 0
7071 2
7072 1
7073 0
7074 1
7075 0
7076 1
7077 2
7078 3
7079 0
7080 1
7081 2
7082 1
7083 0
7084 1
7085 0
7086 1
7087 0
7088 0
7089 0
7090 2
7091 2
7092 0
7093 0
7094 0
7095 2
7096 1
7097 0
7098 0
7099 1
7100 1
7101 0
7102 0
7103 0
7104 2
7105 2
7106 1
7107 2
7108 0
7109 0
7110 0
7111 2
7112 1
7113 1
7114 1
7115 0
7116 0
7117 0
7118 2
7119 2
7120 4
7121 0
7122 2
7123 0
7124 2
7125 1
7126 0
7127 0
7128 2
7129 0
7130 1
7131 1
7132 1
7133 1
7134 1
7135 0
7136 0
7137 3
7138 1
7139 0
7140 3
7141 0
7142 0
7143 0
7144 3
7145 2
7146 2
7147 0
7148 1
7149 1
7150 0
7151 0
7152 0
7153 3
7154 2
7155 1
7156 1
7157 1
7158 0
7159 4
7160 2
7161 0
7162 2
7163 3
7164 1
7165 0
7166 2
7167 1
7168 1
7169 0
7170 0
7171 1
7172 0
7173 0
7174 0
7175 1
7176 0
7177 1
7178 2
7179 0
7180 0
7181 1
7182 1
7183 1
7184 0
7185 2
7186 0
7187 0
7188 1
7189 2
7190 2
7191 0
7192 4
7193 0
7194 0
7195 2
7196 0
7197 0
7198 1
7199 0
7200 1
7201 1
7202 1
7203 0
7204 0
7205 0
7206 0
7207 1
7208 1
7209 1
7210 3
7211 0
7212 1
7213 1
7214 0
7215 1
7216 1
7217 0
7218 3
7219 4
7220 2
7221 0
7222 0
7223 1
7224 0
7225 0
7226 0
7227 1
7228 2
7229 2
7230 1
7231 1
7232 1
7233 2
7234 0
7235 0
7236 1
7237 0
7238 2
7239 0
7240 0
7241 0
7242 0
7243 0
7244 3
7245 0
7246 0
7247 0
7248 0
7249 0
7250 0
7251 0
7252 1
7253 2
7254 3
7255 1
7256 0
7257 4
7258 0
7259 1
7260 0
7261 0
7262 1
7263 1
7264 2
7265 0
7266 0
7267 1
7268 0
7269 1
7270 0
7271 0
7272 0
7273 0
7274 1
7275 0
7276 2
7277 0
7278 2
7279 2
7280 2
7281 2
7282 3
7283 0
7284 0
7285 1
7286 1
7287 0
7288 0
7289 0
7290 3
7291 0
7292 0
7293 0
7294 2
7295 2
7296 1
7297 1
7298 2
7299 0
7300 0
7301 2
7302 2
7303 3
7304 2
7305 0
7306 1
7307 2
7308 1
7309 1
7310 1
7311 2
7312 0
7313 1
7314 2
7315 0
7316 0
7317 2
7318 1
7319 1
7320 1
7321 1
7322 2
7323 1
7324 1
7325 3
7326 1
7327 2
7328 2
7329 0
7330 1
7331 0
7332 0
7333 1
7334 0
7335 0
7336 0
7337 1
7338 0
7339 1
7340 4
7341 0
7342 1
7343 1
7344 0
7345 0
7346 2
7347 0
7348 2
7349 1
7350 0
7351 0
7352 0
7353 0
7354 1
7355 1
7356 0
7357 2
7358 1
7359 0
7360 1
7361 1
7362 0
7363 0
7364 2
7365 3
7366 1
7367 3
7368 1
7369 1
7370 2
7371 0
7372 0
7373 1
7374 0
7375 0
7376 2
7377 0
7378 1
7379 0
7380 0
7381 1
7382 0
7383 1
7384 0
7385 1
7386 1
7387 1
7388 1
7389 0
7390 0
7391 0
7392 1
7393 0
7394 0
7395 1
7396 0
7397 1
7398 1
7399 1
7400 2
7401 3
7402 0
7403 0
7404 0
7405 0
7406 0
7407 1
7408 1
7409 0
7410 3
7411 1
7412 0
7413 1
7414 2
7415 1
7416 1
7417 0
7418 0
7419 2
7420 1
7421 0
7422 0
7423 0
7424 0
7425 1
7426 3
7427 1
7428 0
7429 0
7430 1
7431 0
7432 0
7433 0
7434 1
7435 2
7436 0
7437 1
7438 0
7439 1
7440 2
7441 1
7442 0
7443 0
7444 0
7445 0
7446 0
7447 2
7448 0
7449 0
7450 0
7451 2
7452 2
7453 0
7454 3
7455 0
7456 3
7457 1
7458 2
7459 1
7460 0
7461 0
7462 0
7463 1
7464 0
7465 0
7466 1
7467 0
7468 1
7469 0
7470 1
7471 0
7472 3
7473 0
7474 0
7475 1
7476 1
7477 2
7478 2
7479 0
7480 1
7481 1
7482 0
7483 0
7484 0
7485 0
7486 0
7487 0
7488 2
7489 2
7490 0
7491 0
7492 1
7493 1
7494 0
7495 0
7496 0
7497 0
7498 1
7499 0
7500 0
7501 1
7502 0
7503 1
7504 1
7505 1
7506 1
7507 0
7508 0
7509 1
7510 0
7511 0
7512 3
7513 0
7514 1
7515 0
7516 0
7517 2
7518 0
7519 0
7520 0
7521 2
7522 0
7523 0
7524 0
7525 2
7526 1
7527 2
7528 0
7529 0
7530 1
7531 2
7532 0
7533 0
7534 1
7535 0
7536 1
7537 0
7538 2
7539 0
7540 0
7541 0
7542 0
7543 0
7544 0
7545 1
7546 0
7547 1
7548 1
7549 1
7550 1
7551 0
7552 0
7553 0
7554 2
7555 1
7556 1
7557 2
7558 0
7559 1
7560 0
7561 1
7562 1
7563 0
7564 1
7565 2
7566 0
7567 0
7568 1
7569 0
7570 1
7571 0
7572 0
7573 0
7574 2
7575 2
7576 0
7577 0
7578 1
7579 0
7580 0
7581 2
7582 0
7583 0
7584 0
7585 0
7586 1
7587 0
7588 0
7589 1
7590 0
7591 2
7592 0
7593 1
7594 0
7595 0
7596 2
7597 0
7598 2
7599 2
7600 0
7601 0
7602 1
7603 2
7604 2
7605 1
7606 1
7607 0
7608 0
7609 1
7610 0
7611 2
7612 1
7613 0
7614 1
7615 1
7616 0
7617 1
7618 0
7619 1
7620 0
7621 1
7622 0
7623 1
7624 1
7625 2
7626 1
7627 1
7628 1
7629 0
7630 0
7631 1
7632 1
7633 1
7634 1
7635 3
7636 3
7637 0
7638 1
7639 0
7640 0
7641 0
7642 1
7643 1
7644 1
7645 1
7646 2
7647 3
7648 2
7649 1
7650 0
7651 2
7652 1
7653 1
7654 1
7655 0
7656 1
7657 2
7658 1
7659 0
7660 2
7661 2
7662 1
7663 2
7664 3
7665 1
7666 1
7667 1
7668 1
7669 1
7670 1
7671 0
7672 4
7673 1
7674 2
7675 1
7676 2
7677 0
7678 1
7679 0
7680 0
7681 1
7682 1
7683 3
7684 2
7685 3
7686 3
7687 0
7688 0
7689 0
7690 0
7691 2
7692 0
7693 1
7694 1
7695 0
7696 0
7697 1
7698 1
7699 1
7700 0
7701 0
7702 2
7703 1
7704 0
7705 0
7706 1
7707 0
7708 0
7709 1
7710 2
7711 0
7712 1
7713 0
7714 1
7715 1
7716 1
7717 2
7718 1
7719 2
7720 0
7721 1
7722 1
7723 0
7724 2
7725 2
7726 0
7727 1
7728 1
7729 1
7730 0
7731 0
7732 1
7733 1
7734 1
7735 0
7736 0
7737 2
7738 2
7739 6
7740 3
7741 0
7742 3
7743 0
7744 1
7745 1
7746 2
7747 1
7748 1
7749 1
7750 2
7751 4
7752 0
7753 2
7754 1
7755 2
7756 1
7757 1
7758 1
7759 1
7760 1
7761 0
7762 0
7763 1
7764 5
7765 1
7766 0
7767 0
7768 2
7769 0
7770 1
7771 0
7772 0
7773 1
7774 0
7775 1
7776 1
7777 1
7778 2
7779 0
7780 2
7781 2
7782 2
7783 2
7784 4
7785 2
7786 1
7787 0
7788 0
7789 0
7790 3
7791 1
7792 1
7793 0
7794 0
7795 2
7796 2
7797 1
7798 1
7799 2
7800 0
7801 1
7802 1
7803 0
7804 0
7805 2
7806 1
7807 1
7808 2
7809 0
7810 1
7811 0
7812 1
7813 0
7814 1
7815 0
7816 2
7817 2
7818 1
7819 0
7820 2
7821 1
7822 2
7823 0
7824 1
7825 4
7826 1
7827 2
7828 0
7829 0
7830 1
7831 2
7832 0
7833 1
7834 1
7835 1
7836 0
7837 0
7838 2
7839 1
7840 2
7841 0
7842 2
7843 1
7844 0
7845 2
7846 2
7847 1
7848 0
7849 1
7850 2
7851 0
7852 1
7853 2
7854 1
7855 0
7856 1
7857 0
7858 1
7859 0
7860 1
7861 2
7862 1
7863 0
7864 2
7865 2
7866 3
7867 4
7868 1
7869 2
7870 3
7871 1
7872 1
7873 0
7874 1
7875 0
7876 0
7877 0
7878 2
7879 1
7880 0
7881 0
7882 1
7883 1
7884 1
7885 1
7886 1
7887 1
7888 3
7889 3
7890 0
7891 1
7892 0
7893 1
7894 2
7895 0
7896 0
7897 3
7898 0
7899 0
7900 1
7901 1
7902 1
7903 0
7904 1
7905 0
7906 0
7907 1
7908 1
7909 0
7910 0
7911 0
7912 1
7913 3
7914 0
7915 0
7916 1
7917 0
7918 2
7919 0
7920 2
7921 2
7922 3
7923 1
7924 2
7925 3
7926 0
7927 2
7928 2
7929 0
7930 0
7931 1
7932 2
7933 0
7934 3
7935 2
7936 2
7937 2
7938 1
7939 2
7940 0
7941 0
7942 1
7943 3
7944 0
7945 4
7946 0
7947 0
7948 2
7949 0
7950 0
7951 0
7952 2
7953 0
7954 1
7955 0
7956 2
7957 0
7958 1
7959 0
7960 0
7961 0
7962 1
7963 0
7964 0
7965 0
7966 0
7967 2
7968 1
7969 1
7970 1
7971 1
7972 1
7973 0
7974 2
7975 1
7976 1
7977 2
7978 0
7979 1
7980 0
7981 1
7982 1
7983 1
7984 0
7985 1
7986 0
7987 1
7988 0
7989 1
7990 0
7991 0
7992 1
7993 0
7994 3
7995 1
7996 1
7997 0
7998 0
7999 1
8000 0
8001 2
8002 0
8003 2
8004 0
8005 1
8006 0
8007 0
8008 0
8009 2
8010 2
8011 0
8012 0
8013 0
8014 0
8015 0
8016 1
8017 1
8018 0
8019 0
8020 1
8021 0
8022 3
8023 1
8024 3
8025 2
8026 3
8027 1
8028 3
8029 0
8030 0
8031 1
8032 2
8033 1
8034 1
8035 0
8036 0
8037 0
8038 1
8039 0
8040 1
8041 3
8042 1
8043 2
8044 0
8045 2
8046 1
8047 1
8048 1
8049 3
8050 3
8051 0
8052 1
8053 1
8054 1
8055 0
8056 4
8057 0
8058 0
8059 1
8060 0
8061 1
8062 0
8063 1
8064 0
8065 0
8066 1
8067 1
8068 0
8069 2
8070 1
8071 2
8072 4
8073 1
8074 0
8075 1
8076 1
8077 0
8078 2
8079 3
8080 1
8081 0
8082 2
8083 2
8084 3
8085 1
8086 1
8087 0
8088 2
8089 1
8090 2
8091 1
8092 0
8093 1
8094 1
8095 0
8096 2
8097 0
8098 1
8099 0
8100 0
8101 0
8102 1
8103 1
8104 2
8105 2
8106 1
8107 1
8108 2
8109 3
8110 1
8111 5
8112 0
8113 0
8114 1
8115 1
8116 0
8117 0
8118 2
8119 0
8120 3
8121 2
8122 1
8123 1
8124 1
8125 1
8126 2
8127 0
8128 2
8129 1
8130 2
8131 1
8132 1
8133 0
8134 1
8135 2
8136 0
8137 1
8138 2
8139 0
8140 0
8141 3
8142 1
8143 1
8144 1
8145 3
8146 0
8147 0
8148 2
8149 2
8150 1
8151 1
8152 1
8153 0
8154 2
8155 1
8156 1
8157 2
8158 1
8159 1
8160 1
8161 1
8162 0
8163 1
8164 0
8165 0
8166 1
8167 1
8168 2
8169 2
8170 1
8171 1
8172 0
8173 1
8174 3
8175 2
8176 0
8177 0
8178 1
8179 2
8180 1
8181 0
8182 1
8183 1
8184 0
8185 0
8186 0
8187 0
8188 2
8189 3
8190 0
8191 0
8192 1
8193 0
8194 0
8195 0
8196 2
8197 0
8198 0
8199 1
8200 1
8201 1
8202 1
8203 0
8204 0
8205 1
8206 1
8207 0
8208 0
8209 0
8210 0
8211 1
8212 0
8213 0
8214 1
8215 0
8216 2
8217 3
8218 0
8219 1
8220 0
8221 3
8222 3
8223 0
8224 1
8225 1
8226 2
8227 1
8228 0
8229 1
8230 0
8231 0
8232 0
8233 0
8234 0
8235 0
8236 0
8237 1
8238 0
8239 2
8240 0
8241 2
8242 0
8243 0
8244 0
8245 0
8246 0
8247 0
8248 1
8249 0
8250 3
8251 2
8252 3
8253 1
8254 2
8255 0
8256 2
8257 0
8258 1
8259 0
8260 1
8261 0
8262 0
8263 0
8264 0
8265 1
8266 1
8267 0
8268 2
8269 1
8270 0
8271 0
8272 0
8273 1
8274 0
8275 0
8276 1
8277 1
8278 0
8279 0
8280 0
8281 0
8282 0
8283 1
8284 1
8285 0
8286 0
8287 0
8288 1
8289 2
8290 1
8291 0
8292 0
8293 1
8294 0
8295 0
8296 0
8297 2
8298 1
8299 1
8300 1
8301 1
8302 1
8303 0
8304 0
8305 0
8306 0
8307 1
8308 2
8309 1
8310 2
8311 2
8312 2
8313 2
8314 1
8315 2
8316 2
8317 0
8318 0
8319 1
8320 1
8321 2
8322 1
8323 2
8324 0
8325 2
8326 2
8327 1
8328 1
8329 3
8330 0
8331 3
8332 3
8333 1
8334 0
8335 1
8336 1
8337 1
8338 1
8339 1
8340 1
8341 3
8342 1
8343 1
8344 0
8345 0
8346 2
8347 0
8348 0
8349 0
8350 0
8351 1
8352 1
8353 1
8354 0
8355 1
8356 0
8357 2
8358 4
8359 1
8360 0
8361 3
8362 0
8363 0
8364 1
8365 0
8366 0
8367 0
8368 0
8369 2
8370 0
8371 1
8372 1
8373 1
8374 0
8375 2
8376 2
8377 2
8378 0
8379 0
8380 0
8381 3
8382 0
8383 1
8384 2
8385 3
8386 1
8387 3
8388 1
8389 3
8390 1
8391 0
8392 2
8393 1
8394 2
8395 1
8396 0
8397 0
8398 1
8399 0
8400 3
8401 1
8402 4
8403 4
8404 1
8405 0
8406 2
8407 1
8408 0
8409 0
8410 3
8411 1
8412 2
8413 3
8414 0
8415 1
8416 0
8417 0
8418 1
8419 2
8420 1
8421 0
8422 1
8423 3
8424 1
8425 1
8426 0
8427 1
8428 2
8429 1
8430 0
8431 1
8432 2
8433 1
8434 2
8435 0
8436 1
8437 3
8438 2
8439 2
8440 1
8441 2
8442 3
8443 0
8444 2
8445 0
8446 0
8447 1
8448 1
8449 1
8450 0
8451 0
8452 1
8453 1
8454 1
8455 0
8456 1
8457 1
8458 1
8459 0
8460 0
8461 2
8462 1
8463 1
8464 2
8465 2
8466 2
8467 0
8468 1
8469 0
8470 0
8471 1
8472 1
8473 0
8474 2
8475 0
8476 1
8477 1
8478 1
8479 0
8480 1
8481 0
8482 1
8483 0
8484 0
8485 1
8486 0
8487 0
8488 0
8489 1
8490 1
8491 0
8492 3
8493 0
8494 0
8495 0
8496 1
8497 1
8498 1
8499 1
8500 0
8501 2
8502 0
8503 1
8504 0
8505 3
8506 0
8507 1
8508 1
8509 2
8510 1
8511 1
8512 1
8513 1
8514 0
8515 1
8516 0
8517 0
8518 0
8519 0
8520 3
8521 1
8522 2
8523 3
8524 0
8525 3
8526 0
8527 1
8528 2
8529 1
8530 1
8531 1
8532 1
8533 1
8534 3
8535 1
8536 2
8537 1
8538 0
8539 4
8540 3
8541 2
8542 3
8543 3
8544 0
8545 0
8546 3
8547 0
8548 1
8549 2
8550 2
8551 3
8552 0
8553 1
8554 0
8555 1
8556 2
8557 3
8558 0
8559 0
8560 1
8561 1
8562 1
8563 1
8564 2
8565 0
8566 1
8567 0
8568 0
8569 2
8570 0
8571 0
8572 1
8573 1
8574 1
8575 1
8576 3
8577 0
8578 2
8579 1
8580 0
8581 0
8582 3
8583 1
8584 2
8585 0
8586 1
8587 2
8588 1
8589 2
8590 0
8591 0
8592 4
8593 2
8594 0
8595 1
8596 0
8597 1
8598 2
8599 2
8600 0
8601 0
8602 0
8603 0
8604 1
8605 0
8606 1
8607 0
8608 2
8609 1
8610 3
8611 0
8612 0
8613 1
8614 0
8615 1
8616 1
8617 0
8618 2
8619 1
8620 0
8621 2
8622 0
8623 0
8624 2
8625 1
8626 1
8627 0
8628 1
8629 3
8630 0
8631 2
8632 1
8633 3
8634 0
8635 1
8636 0
8637 1
8638 1
8639 2
8640 3
8641 1
8642 1
8643 1
8644 1
8645 0
8646 0
8647 0
8648 0
8649 1
8650 0
8651 0
8652 1
8653 0
8654 1
8655 0
8656 0
8657 0
8658 0
8659 0
8660 1
8661 0
8662 0
8663 2
8664 1
8665 1
8666 0
8667 1
8668 3
8669 0
8670 0
8671 0
8672 0
8673 0
8674 2
8675 1
8676 2
8677 1
8678 0
8679 2
8680 1
8681 1
8682 0
8683 2
8684 0
8685 0
8686 1
8687 1
8688 1
8689 2
8690 1
8691 1
8692 0
8693 0
8694 1
8695 0
8696 2
8697 4
8698 2
8699 2
8700 1
8701 1
8702 0
8703 0
8704 1
8705 0
8706 1
8707 2
8708 0
8709 1
8710 0
8711 0
8712 0
8713 0
8714 0
8715 1
8716 1
8717 0
8718 1
8719 0
8720 1
8721 0
8722 1
8723 2
8724 2
8725 0
8726 1
8727 0
8728 0
8729 2
8730 0
8731 0
8732 1
8733 0
8734 1
8735 0
8736 0
8737 0
8738 1
8739 1
8740 0
8741 1
8742 0
8743 0
8744 1
8745 0
8746 1
8747 0
8748 1
8749 1
8750 1
8751 0
8752 1
8753 0
8754 1
8755 1
8756 1
8757 1
8758 1
8759 1
8760 1
8761 1
8762 0
8763 0
8764 0
8765 1
8766 2
8767 0
8768 0
8769 0
8770 1
8771 1
8772 1
8773 1
8774 0
8775 0
8776 1
8777 2
8778 0
8779 0
8780 0
8781 3
8782 2
8783 0
8784 1
8785 1
8786 0
8787 0
8788 0
8789 2
8790 0
8791 1
8792 0
8793 0
8794 1
8795 1
8796 1
8797 0
8798 0
8799 0
8800 1
8801 0
8802 0
8803 0
8804 1
8805 1
8806 1
8807 0
8808 1
8809 0
8810 0
8811 1
8812 2
8813 0
8814 1
8815 1
8816 1
8817 2
8818 0
8819 1
8820 0
8821 0
8822 0
8823 1
8824 1
8825 1
8826 0
8827 3
8828 0
8829 1
8830 0
8831 0
8832 0
8833 1
8834 2
8835 1
8836 0
8837 0
8838 0
8839 1
8840 0
8841 0
8842 0
8843 1
8844 0
8845 0
8846 0
8847 1
8848 1
8849 1
8850 0
8851 1
8852 1
8853 1
8854 2
8855 0
8856 0
8857 1
8858 0
8859 1
8860 1
8861 1
8862 1
8863 0
8864 0
8865 1
8866 0
8867 1
8868 0
8869 0
8870 1
8871 1
8872 1
8873 1
8874 0
8875 2
8876 2
8877 2
8878 2
8879 2
8880 0
8881 0
8882 1
8883 2
8884 1
8885 0
8886 0
8887 1
8888 0
8889 0
8890 0
8891 0
8892 0
8893 2
8894 1
8895 2
8896 0
8897 2
8898 0
8899 0
8900 2
8901 0
8902 1
8903 2
8904 0
8905 1
8906 2
8907 1
8908 1
8909 1
8910 2
8911 2
8912 0
8913 0
8914 1
8915 2
8916 0
8917 2
8918 0
8919 4
8920 0
8921 0
8922 1
8923 1
8924 0
8925 0
8926 2
8927 1
8928 1
8929 1
8930 2
8931 0
8932 0
8933 0
8934 2
8935 1
8936 0
8937 0
8938 1
8939 3
8940 1
8941 0
8942 1
8943 3
8944 1
8945 3
8946 0
8947 0
8948 1
8949 0
8950 1
8951 0
8952 1
8953 2
8954 2
8955 0
8956 0
8957 0
8958 2
8959 1
8960 0
8961 0
8962 0
8963 1
8964 2
8965 1
8966 1
8967 0
8968 0
8969 1
8970 0
8971 0
8972 0
8973 0
8974 0
8975 1
8976 0
8977 0
8978 0
8979 1
8980 0
8981 1
8982 1
8983 1
8984 0
8985 2
8986 1
8987 1
8988 0
8989 1
8990 0
8991 1
8992 0
8993 1
8994 1
8995 0
8996 0
8997 0
8998 1
8999 0
9000 0
9001 0
9002 1
9003 2
9004 0
9005 0
9006 0
9007 2
9008 2
9009 1
9010 0
9011 1
9012 1
9013 0
9014 1
9015 2
9016 0
9017 1
9018 0
9019 1
9020 2
9021 0
9022 1
9023 0
9024 2
9025 0
9026 1
9027 1
9028 1
9029 2
9030 2
9031 1
9032 0
9033 0
9034 0
9035 2
9036 1
9037 1
9038 0
9039 1
9040 2
9041 1
9042 1
9043 0
9044 1
9045 0
9046 2
9047 0
9048 2
9049 0
9050 1
9051 2
9052 1
9053 0
9054 1
9055 0
9056 0
9057 1
9058 3
9059 0
9060 0
9061 1
9062 1
9063 0
9064 0
9065 1
9066 1
9067 2
9068 0
9069 0
9070 0
9071 1
9072 0
9073 1
9074 2
9075 0
9076 1
9077 0
9078 1
9079 0
9080 4
9081 1
9082 0
9083 1
9084 2
9085 0
9086 0
9087 1
9088 0
9089 4
9090 1
9091 1
9092 1
9093 1
9094 3
9095 1
9096 1
9097 1
9098 1
9099 1
9100 1
9101 0
9102 0
9103 0
9104 0
9105 1
9106 1
9107 0
9108 0
9109 1
9110 2
9111 0
9112 0
9113 1
9114 1
9115 0
9116 0
9117 0
9118 1
9119 1
9120 2
9121 0
9122 0
9123 1
9124 0
9125 1
9126 1
9127 0
9128 0
9129 1
9130 0
9131 3
9132 0
9133 0
9134 0
9135 0
9136 0
9137 0
9138 0
9139 0
9140 1
9141 0
9142 2
9143 1
9144 0
9145 0
9146 0
9147 2
9148 1
9149 0
9150 1
9151 0
9152 1
9153 0
9154 1
9155 1
9156 0
9157 1
9158 0
9159 0
9160 0
9161 0
9162 1
9163 3
9164 0
9165 0
9166 3
9167 1
9168 1
9169 0
9170 0
9171 0
9172 0
9173 0
9174 0
9175 1
9176 0
9177 1
9178 0
9179 0
9180 0
9181 1
9182 0
9183 0
9184 0
9185 1
9186 1
9187 1
9188 1
9189 0
9190 0
9191 2
9192 0
9193 0
9194 1
9195 0
9196 0
9197 1
9198 0
9199 1
9200 0
9201 1
9202 0
9203 0
9204 1
9205 0
9206 0
9207 0
9208 0
9209 0
9210 0
9211 0
9212 0
9213 0
9214 0
9215 3
9216 1
9217 0
9218 0
9219 1
9220 1
9221 1
9222 0
9223 0
9224 1
9225 1
9226 1
9227 0
9228 1
9229 1
9230 2
9231 0
9232 1
9233 0
9234 2
9235 1
9236 2
9237 0
9238 1
9239 0
9240 0
9241 3
9242 1
9243 1
9244 0
9245 1
9246 1
9247 0
9248 0
9249 1
9250 0
9251 0
9252 1
9253 0
9254 0
9255 1
9256 1
9257 0
9258 0
9259 0
9260 0
9261 0
9262 1
9263 1
9264 0
9265 0
9266 0
9267 1
9268 1
9269 4
9270 0
9271 0
9272 0
9273 0
9274 2
9275 0
9276 1
9277 3
9278 2
9279 1
9280 0
9281 0
9282 0
9283 1
9284 2
9285 0
9286 1
9287 2
9288 1
9289 0
9290 1
9291 0
9292 0
9293 0
9294 0
9295 1
9296 0
9297 0
9298 2
9299 0
9300 1
9301 0
9302 0
9303 1
9304 2
9305 1
9306 1
9307 0
9308 2
9309 0
9310 0
9311 1
9312 2
9313 1
9314 1
9315 0
9316 0
9317 1
9318 0
9319 0
9320 0
9321 0
9322 0
9323 0
9324 0
9325 0
9326 1
9327 0
9328 3
9329 0
9330 1
9331 0
9332 0
9333 0
9334 2
9335 1
9336 1
9337 0
9338 1
9339 0
9340 0
9341 1
9342 2
9343 1
9344 0
9345 0
9346 0
9347 1
9348 1
9349 2
9350 0
9351 2
9352 0
9353 0
9354 2
9355 3
9356 1
9357 2
9358 2
9359 1
9360 0
9361 0
9362 2
9363 1
9364 1
9365 4
9366 1
9367 1
9368 0
9369 2
9370 0
9371 0
9372 2
9373 0
9374 0
9375 1
9376 2
9377 1
9378 0
9379 1
9380 0
9381 0
9382 2
9383 0
9384 1
9385 0
9386 2
9387 3
9388 2
9389 0
9390 1
9391 0
9392 1
9393 0
9394 2
9395 1
9396 1
9397 0
9398 0
9399 0
9400 1
9401 0
9402 1
9403 1
9404 0
9405 1
9406 0
9407 1
9408 1
9409 0
9410 1
9411 1
9412 0
9413 0
9414 0
9415 1
9416 0
9417 0
9418 0
9419 1
9420 1
9421 1
9422 0
9423 2
9424 1
9425 1
9426 0
9427 1
9428 1
9429 0
9430 3
9431 0
9432 2
9433 0
9434 0
9435 0
9436 1
9437 1
9438 1
9439 1
9440 2
9441 1
9442 0
9443 0
9444 1
9445 2
9446 1
9447 0
9448 0
9449 2
9450 0
9451 2
9452 2
9453 2
9454 1
9455 0
9456 0
9457 2
9458 3
9459 0
9460 1
9461 0
9462 0
9463 2
9464 2
9465 1
9466 0
9467 0
9468 0
9469 1
9470 1
9471 1
9472 1
9473 1
9474 1
9475 0
9476 0
9477 2
9478 2
9479 0
9480 0
9481 1
9482 0
9483 0
9484 0
9485 1
9486 1
9487 0
9488 1
9489 0
9490 1
9491 0
9492 1
9493 0
9494 2
9495 1
9496 0
9497 2
9498 0
9499 2
9500 0
9501 0
9502 0
9503 1
9504 0
9505 0
9506 0
9507 0
9508 0
9509 0
9510 0
9511 3
9512 0
9513 1
9514 0
9515 0
9516 1
9517 1
9518 1
9519 0
9520 0
9521 1
9522 0
9523 0
9524 0
9525 2
9526 1
9527 2
9528 0
9529 1
9530 0
9531 0
9532 1
9533 1
9534 0
9535 1
9536 0
9537 1
9538 0
9539 0
9540 0
9541 0
9542 0
9543 1
9544 0
9545 0
9546 1
9547 0
9548 0
9549 1
9550 1
9551 0
9552 0
9553 1
9554 0
9555 1
9556 0
9557 0
9558 0
9559 1
9560 1
9561 1
9562 0
9563 2
9564 1
9565 0
9566 1
9567 1
9568 0
9569 3
9570 0
9571 0
9572 1
9573 3
9574 0
9575 2
9576 0
9577 0
9578 1
9579 1
9580 0
9581 0
9582 0
9583 0
9584 0
9585 0
9586 2
9587 0
9588 0
9589 0
9590 1
9591 0
9592 0
9593 1
9594 0
9595 2
9596 1
9597 2
9598 1
9599 0
9600 0
9601 0
9602 1
9603 0
9604 0
9605 0
9606 1
9607 0
9608 0
9609 1
9610 1
9611 0
9612 1
9613 3
9614 0
9615 0
9616 2
9617 0
9618 1
9619 2
9620 2
9621 2
9622 2
9623 1
9624 1
9625 0
9626 0
9627 0
9628 1
9629 1
9630 1
9631 1
9632 0
9633 0
9634 0
9635 1
9636 1
9637 0
9638 0
9639 0
9640 0
9641 1
9642 0
9643 1
9644 1
9645 0
9646 0
9647 0
9648 0
9649 0
9650 0
9651 2
9652 1
9653 1
9654 3
9655 0
9656 3
9657 0
9658 1
9659 0
9660 1
9661 1
9662 0
9663 1
9664 0
9665 0
9666 0
9667 0
9668 0
9669 0
9670 1
9671 0
9672 0
9673 0
9674 0
9675 1
9676 0
9677 1
9678 1
9679 0
9680 1
9681 0
9682 1
9683 0
9684 0
9685 2
9686 1
9687 0
9688 0
9689 0
9690 1
9691 2
9692 0
9693 0
9694 0
9695 3
9696 1
9697 0
9698 0
9699 1
9700 0
9701 0
9702 0
9703 1
9704 0
9705 2
9706 1
9707 1
9708 0
9709 0
9710 0
9711 0
9712 2
9713 0
9714 3
9715 0
9716 0
9717 1
9718 1
9719 0
9720 0
9721 2
9722 0
9723 1
9724 1
9725 1
9726 0
9727 0
9728 0
9729 1
9730 0
9731 0
9732 0
9733 1
9734 0
9735 0
9736 0
9737 0
9738 0
9739 0
9740 0
9741 1
9742 0
9743 1
9744 1
9745 1
9746 0
9747 2
9748 0
9749 0
9750 0
9751 0
9752 0
9753 1
9754 3
9755 1
9756 0
9757 1
9758 1
9759 0
9760 1
9761 0
9762 0
9763 2
9764 0
9765 1
9766 0
9767 0
9768 2
9769 0
9770 1
9771 1
9772 0
9773 1
9774 0
9775 3
9776 1
9777 1
9778 2
9779 2
9780 1
9781 1
9782 2
9783 0
9784 1
9785 0
9786 1
9787 1
9788 1
9789 2
9790 3
9791 0
9792 1
9793 1
9794 0
9795 1
9796 0
9797 1
9798 0
9799 1
9800 0
9801 1
9802 0
9803 0
9804 0
9805 1
9806 1
9807 1
9808 0
9809 0
9810 2
9811 1
9812 0
9813 2
9814 1
9815 0
9816 0
9817 1
9818 0
9819 1
9820 0
9821 1
9822 2
9823 0
9824 0
9825 1
9826 0
9827 1
9828 1
9829 0
9830 1
9831 1
9832 0
9833 0
9834 2
9835 1
9836 0
9837 0
9838 0
9839 0
9840 0
9841 1
9842 0
9843 0
9844 1
9845 2
9846 0
9847 1
9848 0
9849 0
9850 0
9851 0
9852 1
9853 0
9854 0
9855 1
9856 0
9857 1
9858 0
9859 1
9860 1
9861 2
9862 0
9863 1
9864 0
9865 0
9866 0
9867 0
9868 0
9869 1
9870 0
9871 1
9872 0
9873 2
9874 1
9875 1
9876 0
9877 1
9878 0
9879 0
9880 1
9881 0
9882 2
9883 0
9884 0
9885 1
9886 1
9887 0
9888 0
9889 1
9890 1
9891 0
9892 3
9893 0
9894 1
9895 1
9896 1
9897 2
9898 1
9899 0
9900 0
9901 0
9902 0
9903 0
9904 0
9905 1
9906 0
9907 2
9908 2
9909 0
9910 0
9911 0
9912 1
9913 1
9914 0
9915 0
9916 2
9917 1
9918 2
9919 0
9920 0
9921 3
9922 1
9923 0
9924 0
9925 1
9926 0
9927 0
9928 0
9929 0
9930 0
9931 0
9932 1
9933 0
9934 0
9935 3
9936 0
9937 1
9938 0
9939 2
9940 0
9941 2
9942 1
9943 1
9944 2
9945 0
9946 0
9947 0
9948 0
9949 1
9950 1
9951 2
9952 1
9953 0
9954 1
9955 1
9956 0
9957 1
9958 1
9959 0
9960 0
9961 0
9962 2
9963 0
9964 1
9965 2
9966 0
9967 1
9968 0
9969 2
9970 1
9971 0
9972 0
9973 0
9974 0
9975 0
9976 0
9977 1
9978 0
9979 3
9980 0
9981 0
9982 1
9983 0
9984 2
9985 1
9986 1
9987 0
9988 0
9989 1
9990 0
9991 1
9992 1
9993 0
9994 1
9995 0
9996 1
9997 0
9998 1
9999 0
10000 0
10001 4632
