C.acrinasus	C.albellus	C.confusus	203.036	198.123	198.012	40.9557	132.167	68.3816	41.6408	137.325	63.1795
C.acrinasus	C.albellus	C.duplex	189.858	203.782	191.681	105.47	132.167	51.333	116.954	129.695	63.1795
C.acrinasus	C.albellus	C.fatioi	165.2	173.086	247.563	124.645	132.167	55.2579	48.2491	48.8149	63.1795
C.acrinasus	C.albellus	C.heglingus	193.831	192.98	209.693	121.983	132.167	64.0416	104.666	116.504	63.1795
C.acrinasus	C.albellus	C.profundus	174.626	182.21	224.306	148.59	132.167	56.3341	105.725	82.6093	63.1795
C.acrinasus	C.albellus	C.steinmanni	170.54	193.25	218.811	44.3157	132.167	39.9955	18.172	83.1048	63.1795
C.acrinasus	C.albellus	C.zuerichensis	197.364	194.889	206.784	103.135	132.167	66.3235	90.7558	122.894	63.1795
C.acrinasus	C.confusus	C.duplex	184.139	202.977	195.57	105.47	40.9557	51.333	113.563	30.3617	68.3816
C.acrinasus	C.confusus	C.fatioi	192.743	205.542	197.388	124.645	40.9557	55.2579	131.89	37.0112	68.3816
C.acrinasus	C.confusus	C.heglingus	197.856	201.919	197.904	121.983	40.9557	64.0416	125.424	40.9426	68.3816
C.acrinasus	C.confusus	C.profundus	188.2	200.698	195.806	148.59	40.9557	56.3341	153.088	34.9209	68.3816
C.acrinasus	C.confusus	C.steinmanni	186.171	213.795	188.575	44.3157	40.9557	39.9955	68.9393	38.7367	68.3816
C.acrinasus	C.confusus	C.zuerichensis	199.27	201.71	198.704	103.135	40.9557	66.3235	106.655	41.0631	68.3816
C.acrinasus	C.duplex	C.fatioi	197.214	191.175	193.499	124.645	105.47	55.2579	120.076	108.888	51.333
C.acrinasus	C.duplex	C.heglingus	188.315	173.54	217.92	121.983	105.47	64.0416	78.0893	75.2954	51.333
C.acrinasus	C.duplex	C.profundus	191.9	185.56	194.531	148.59	105.47	56.3341	140.155	102.373	51.333
C.acrinasus	C.duplex	C.steinmanni	188.458	197.244	186.807	44.3157	105.47	39.9955	52.6921	107.094	51.333
C.acrinasus	C.duplex	C.zuerichensis	191.283	174.884	217.996	103.135	105.47	66.3235	59.7334	78.3697	51.333
C.acrinasus	C.fatioi	C.heglingus	199.347	190.61	204.98	121.983	124.645	64.0416	106.276	118.053	55.2579
C.acrinasus	C.fatioi	C.profundus	181.606	181.306	216.856	148.59	124.645	56.3341	112.048	88.4247	55.2579
C.acrinasus	C.fatioi	C.steinmanni	169.051	183.876	223.18	44.3157	124.645	39.9955	4.71947	69.9289	55.2579
C.acrinasus	C.fatioi	C.zuerichensis	202.507	192.147	202.967	103.135	124.645	66.3235	92.2473	123.387	55.2579
C.acrinasus	C.heglingus	C.profundus	188.882	197.318	199.167	148.59	121.983	56.3341	146.905	110.157	64.0416
C.acrinasus	C.heglingus	C.steinmanni	184.165	207.726	193.692	44.3157	121.983	39.9955	57.805	111.751	64.0416
C.acrinasus	C.heglingus	C.zuerichensis	167.045	165.422	256.837	103.135	121.983	66.3235	11.869	32.0721	64.0416
C.acrinasus	C.profundus	C.steinmanni	178.443	193.569	200.279	44.3157	148.59	39.9955	37.3314	126.084	56.3341
C.acrinasus	C.profundus	C.zuerichensis	200.599	190.539	197.319	103.135	148.59	66.3235	96.6304	152.351	56.3341
C.acrinasus	C.steinmanni	C.zuerichensis	210.867	185.683	191.864	103.135	44.3157	66.3235	96.5814	62.4967	39.9955
C.albellus	C.confusus	C.duplex	190.209	197.057	201.751	116.954	41.6408	129.695	113.563	30.3617	137.325
C.albellus	C.confusus	C.fatioi	165.336	252.723	170.092	48.2491	41.6408	48.8149	131.89	37.0112	137.325
C.albellus	C.confusus	C.heglingus	191.723	212.61	191.882	104.666	41.6408	116.504	125.424	40.9426	137.325
C.albellus	C.confusus	C.profundus	173.417	228.122	181.134	105.725	41.6408	82.6093	153.088	34.9209	137.325
C.albellus	C.confusus	C.steinmanni	177.004	230.3	179.52	18.172	41.6408	83.1048	68.9393	38.7367	137.325
C.albellus	C.confusus	C.zuerichensis	194.907	209.352	194.452	90.7558	41.6408	122.894	106.655	41.0631	137.325
C.albellus	C.duplex	C.fatioi	163.034	243.573	171.42	48.2491	116.954	48.8149	120.076	108.888	129.695
C.albellus	C.duplex	C.heglingus	175.459	189.498	217.165	104.666	116.954	116.504	78.0893	75.2954	129.695
C.albellus	C.duplex	C.profundus	171.143	219	185.876	105.725	116.954	82.6093	140.155	102.373	129.695
C.albellus	C.duplex	C.steinmanni	172.763	219.211	183.213	18.172	116.954	83.1048	52.6921	107.094	129.695
C.albellus	C.duplex	C.zuerichensis	180.153	187.75	218.968	90.7558	116.954	122.894	59.7334	78.3697	129.695
C.albellus	C.fatioi	C.heglingus	237.395	170.894	168.551	104.666	48.2491	116.504	106.276	118.053	48.8149
C.albellus	C.fatioi	C.profundus	208.667	175.984	169.44	105.725	48.2491	82.6093	112.048	88.4247	48.8149
C.albellus	C.fatioi	C.steinmanni	201.987	167.896	181.639	18.172	48.2491	83.1048	4.71947	69.9289	48.8149
C.albellus	C.fatioi	C.zuerichensis	242.964	170.022	168.947	90.7558	48.2491	122.894	92.2473	123.387	48.8149
C.albellus	C.heglingus	C.profundus	183.096	216.914	176.667	105.725	104.666	82.6093	146.905	110.157	116.504
C.albellus	C.heglingus	C.steinmanni	184.516	216.925	177.33	18.172	104.666	83.1048	57.805	111.751	116.504
C.albellus	C.heglingus	C.zuerichensis	171.443	165.001	244.522	90.7558	104.666	122.894	11.869	32.0721	116.504
C.albellus	C.profundus	C.steinmanni	193.456	192.047	173.197	18.172	105.725	83.1048	37.3314	126.084	82.6093
C.albellus	C.profundus	C.zuerichensis	222.81	182.55	177.435	90.7558	105.725	122.894	96.6304	152.351	82.6093
C.albellus	C.steinmanni	C.zuerichensis	222.501	183.65	177.937	90.7558	18.172	122.894	96.5814	62.4967	83.1048
C.confusus	C.duplex	C.fatioi	195.761	188.975	199.453	131.89	113.563	37.0112	120.076	108.888	30.3617
C.confusus	C.duplex	C.heglingus	186.145	174.762	223.157	125.424	113.563	40.9426	78.0893	75.2954	30.3617
C.confusus	C.duplex	C.profundus	189.633	185.808	199.672	153.088	113.563	34.9209	140.155	102.373	30.3617
C.confusus	C.duplex	C.steinmanni	193.428	184.402	199.184	68.9393	113.563	38.7367	52.6921	107.094	30.3617
C.confusus	C.duplex	C.zuerichensis	188.481	176.483	222.602	106.655	113.563	41.0631	59.7334	78.3697	30.3617
C.confusus	C.fatioi	C.heglingus	195.231	190.635	209.019	125.424	131.89	40.9426	106.276	118.053	37.0112
C.confusus	C.fatioi	C.profundus	178.283	181.245	221.688	153.088	131.89	34.9209	112.048	88.4247	37.0112
C.confusus	C.fatioi	C.steinmanni	173.367	171.127	235.65	68.9393	131.89	38.7367	4.71947	69.9289	37.0112
C.confusus	C.fatioi	C.zuerichensis	197.981	192.77	206.595	106.655	131.89	41.0631	92.2473	123.387	37.0112
C.confusus	C.heglingus	C.profundus	187.801	195.359	202.099	153.088	125.424	34.9209	146.905	110.157	40.9426
C.confusus	C.heglingus	C.steinmanni	190.995	193.352	204.537	68.9393	125.424	38.7367	57.805	111.751	40.9426
C.confusus	C.heglingus	C.zuerichensis	166.339	165.724	260.145	106.655	125.424	41.0631	11.869	32.0721	40.9426
C.confusus	C.profundus	C.steinmanni	184.858	179.656	211.586	68.9393	153.088	38.7367	37.3314	126.084	34.9209
C.confusus	C.profundus	C.zuerichensis	198.533	190.36	200.146	106.655	153.088	41.0631	96.6304	152.351	34.9209
C.confusus	C.steinmanni	C.zuerichensis	196.28	193.308	202.495	106.655	68.9393	41.0631	96.5814	62.4967	38.7367
C.duplex	C.fatioi	C.heglingus	181.094	214.413	184.403	78.0893	120.076	75.2954	106.276	118.053	108.888
C.duplex	C.fatioi	C.profundus	177.734	184.08	210.66	140.155	120.076	102.373	112.048	88.4247	108.888
C.duplex	C.fatioi	C.steinmanni	171.638	173.702	223.443	52.6921	120.076	107.094	4.71947	69.9289	108.888
C.duplex	C.fatioi	C.zuerichensis	184.979	215.409	183.116	59.7334	120.076	78.3697	92.2473	123.387	108.888
C.duplex	C.heglingus	C.profundus	211.336	184.364	177.241	140.155	78.0893	102.373	146.905	110.157	75.2954
C.duplex	C.heglingus	C.steinmanni	212.877	181.622	178.025	52.6921	78.0893	107.094	57.805	111.751	75.2954
C.duplex	C.heglingus	C.zuerichensis	174.571	171.681	219.983	59.7334	78.0893	78.3697	11.869	32.0721	75.2954
C.duplex	C.profundus	C.steinmanni	185.635	181.352	198.5	52.6921	140.155	107.094	37.3314	126.084	102.373
C.duplex	C.profundus	C.zuerichensis	188.627	212.709	176.376	59.7334	140.155	78.3697	96.6304	152.351	102.373
C.duplex	C.steinmanni	C.zuerichensis	185.745	214.11	177.179	59.7334	52.6921	78.3697	96.5814	62.4967	107.094
C.fatioi	C.heglingus	C.profundus	183.303	212.92	179.217	112.048	106.276	88.4247	146.905	110.157	118.053
C.fatioi	C.heglingus	C.steinmanni	176.576	225.071	171.734	4.71947	106.276	69.9289	57.805	111.751	118.053
C.fatioi	C.heglingus	C.zuerichensis	170.663	165.49	246.085	92.2473	106.276	123.387	11.869	32.0721	118.053
C.fatioi	C.profundus	C.steinmanni	183.304	202.182	169.589	4.71947	112.048	69.9289	37.3314	126.084	88.4247
C.fatioi	C.profundus	C.zuerichensis	218.409	183.619	179.579	92.2473	112.048	123.387	96.6304	152.351	88.4247
C.fatioi	C.steinmanni	C.zuerichensis	229.839	176.17	171.531	92.2473	4.71947	123.387	96.5814	62.4967	69.9289
C.heglingus	C.profundus	C.steinmanni	184.237	183.48	204.225	57.805	146.905	111.751	37.3314	126.084	110.157
C.heglingus	C.profundus	C.zuerichensis	168.412	247.92	163.284	11.869	146.905	32.0721	96.6304	152.351	110.157
C.heglingus	C.steinmanni	C.zuerichensis	167.734	247.998	162.764	11.869	57.805	32.0721	96.5814	62.4967	111.751
C.profundus	C.steinmanni	C.zuerichensis	209.618	184.502	183.904	96.6304	37.3314	152.351	96.5814	62.4967	126.084
