Processing 2 populations - odict_keys(['Langfjordvatn', 'Suopatjavri'])

    Running preview mode. We will print out the results for # of segregating sites
    for multiple values of projecting down for each population. The dadi
    manual recommends maximizing the # of seg sites for projections, but also
    a balance must be struck between # of seg sites and sample size.

    For each population you should choose the value of the projection that looks
    best and then rerun easySFS with the `--proj` flag.
    
Langfjordvatn
(2, 7160)	(3, 10739)	(4, 13084)	(5, 14811)	(6, 16169)	(7, 17280)	(8, 18216)	(9, 19021)	(10, 19724)	(11, 20347)	(12, 20904)	(13, 21406)	(14, 21862)	(15, 22279)	(16, 22662)	(17, 23016)	(18, 23344)	(19, 23649)	(20, 23934)	(21, 24201)	(22, 24452)	(23, 24688)	(24, 24911)	(25, 25121)	(26, 25321)	(27, 25510)	(28, 25690)	(29, 25861)	(30, 26024)	(31, 26179)	(32, 26328)	(33, 26470)	(34, 26606)	(35, 26737)	(36, 26862)	(37, 26982)	(38, 27097)	(39, 27208)	(40, 27314)	(41, 27417)	(42, 27516)	(43, 27611)	(44, 27703)	(45, 27791)	(46, 27877)	(47, 27959)	(48, 28039)	(49, 28116)	(50, 28190)	(51, 28262)	(52, 28331)	(53, 28398)	(54, 28463)	(55, 28526)	(56, 28587)	(57, 28646)	(58, 28703)	(59, 28758)	(60, 28812)	(61, 28863)	(62, 28914)	(63, 28962)	(64, 29009)	(65, 29055)	(66, 29099)	(67, 29142)	(68, 29183)	(69, 29223)	(70, 29262)	(71, 29300)	(72, 29336)	(73, 29372)	(74, 29406)	(75, 29439)	(76, 29471)	(77, 29502)	(78, 29532)	(79, 29561)	(80, 29589)	(81, 29616)	(82, 29643)	(83, 29668)	(84, 29693)	(85, 29716)	(86, 29739)	(87, 29761)	(88, 29783)	(89, 29803)	(90, 29823)	(91, 29842)	(92, 29860)	(93, 29878)	(94, 29895)	(95, 29911)	(96, 29927)	(97, 29803)	(98, 29817)	(99, 29300)	(100, 29313)	(101, 28176)	(102, 28187)	(103, 26280)	(104, 26289)	(105, 23450)	(106, 23457)	(107, 18736)	(108, 18740)	


Suopatjavri
(2, 4672)	(3, 7007)	(4, 8453)	(5, 9453)	(6, 10197)	(7, 10779)	(8, 11252)	(9, 11647)	(10, 11985)	(11, 12279)	(12, 12540)	(13, 12774)	(14, 12986)	(15, 13179)	(16, 13358)	(17, 13524)	(18, 13679)	(19, 13824)	(20, 13961)	(21, 14091)	(22, 14215)	(23, 14333)	(24, 14446)	(25, 14554)	(26, 14658)	(27, 14758)	(28, 14854)	(29, 14948)	(30, 15038)	(31, 15126)	(32, 15212)	(33, 15295)	(34, 15375)	(35, 15454)	(36, 15531)	(37, 15606)	(38, 15679)	(39, 15751)	(40, 15821)	(41, 15890)	(42, 15957)	(43, 16023)	(44, 16088)	(45, 16152)	(46, 16214)	(47, 16275)	(48, 16336)	(49, 16395)	(50, 16453)	(51, 16511)	(52, 16567)	(53, 16623)	(54, 16678)	(55, 16732)	(56, 16785)	(57, 16837)	(58, 16889)	(59, 16940)	(60, 16990)	(61, 17040)	(62, 17089)	(63, 17137)	(64, 17185)	(65, 17232)	(66, 17279)	(67, 17325)	(68, 17370)	(69, 17415)	(70, 17459)	(71, 17503)	(72, 17546)	(73, 17589)	(74, 17631)	(75, 17673)	(76, 17714)	(77, 17755)	(78, 17796)	(79, 17836)	(80, 17875)	(81, 17914)	(82, 17953)	(83, 17991)	(84, 18029)	(85, 18067)	(86, 18104)	(87, 18141)	(88, 18177)	(89, 18213)	(90, 18248)	(91, 18284)	(92, 18319)	(93, 18353)	(94, 18387)	(95, 18421)	(96, 18455)	(97, 18488)	(98, 18521)	(99, 18553)	(100, 18585)	(101, 18617)	(102, 18649)	(103, 18680)	(104, 18711)	(105, 18742)	(106, 18772)	(107, 18802)	(108, 18832)	(109, 18827)	(110, 18857)	(111, 18767)	(112, 18796)	(113, 18521)	(114, 18548)	(115, 17795)	(116, 17821)	(117, 16178)	(118, 16200)	(119, 12914)	(120, 12932)	


