# Title:27-mer spectra for: WAL078_12865AAC_TACGCTGC-ATAGCCTT_R1_001.fastq.gz
# XLabel:27-mer frequency
# YLabel:# distinct 27-mers
# Kmer value:27
# Input 1:../../data/fastq/WAL078_12865AAC_TACGCTGC-ATAGCCTT_R1_001.fastq.gz
###
1 57775036
2 5320611
3 1682828
4 822764
5 517599
6 386210
7 312330
8 270145
9 240717
10 214703
11 195970
12 183397
13 170856
14 161299
15 155556
16 148959
17 138074
18 131630
19 127160
20 124292
21 118491
22 113113
23 111158
24 104894
25 100305
26 100052
27 93993
28 90850
29 86451
30 83890
31 83639
32 82910
33 80150
34 77457
35 74523
36 73953
37 71977
38 72608
39 69747
40 66255
41 66721
42 64444
43 63941
44 62084
45 61781
46 61647
47 60679
48 58642
49 59115
50 57289
51 56629
52 56101
53 53156
54 51912
55 51386
56 49865
57 49708
58 48781
59 49590
60 48719
61 47125
62 45556
63 44456
64 44883
65 43312
66 43569
67 41733
68 41391
69 41287
70 40073
71 39796
72 38881
73 37943
74 37960
75 36791
76 35144
77 34111
78 34777
79 35147
80 35810
81 34295
82 33106
83 33240
84 33040
85 33008
86 32022
87 31856
88 32969
89 31477
90 30357
91 31149
92 30795
93 31015
94 31170
95 30678
96 30521
97 29961
98 29682
99 29681
100 29990
101 30358
102 30381
103 29975
104 29888
105 29552
106 30242
107 29997
108 29973
109 28784
110 29652
111 29403
112 28690
113 29505
114 28564
115 27759
116 28221
117 28431
118 28624
119 27512
120 27348
121 27110
122 26691
123 25642
124 25064
125 25803
126 25694
127 23867
128 23791
129 22631
130 22108
131 21539
132 21399
133 21156
134 20668
135 19699
136 18782
137 18320
138 18456
139 17889
140 17082
141 16992
142 15802
143 15487
144 15055
145 14299
146 13734
147 13519
148 12945
149 12322
150 11960
151 11634
152 10886
153 10410
154 9911
155 9173
156 8818
157 8709
158 7832
159 7564
160 7448
161 7050
162 7024
163 6237
164 5681
165 5700
166 5459
167 5549
168 5208
169 5064
170 4907
171 4611
172 4266
173 4413
174 4088
175 3790
176 3910
177 3771
178 3555
179 3415
180 3287
181 3370
182 3188
183 3127
184 2781
185 2749
186 2815
187 2589
188 2766
189 2645
190 2659
191 2575
192 2745
193 2594
194 2481
195 2449
196 2212
197 2377
198 2261
199 2216
200 2147
201 2041
202 2150
203 2146
204 2127
205 2188
206 2116
207 2207
208 2168
209 2191
210 2174
211 2161
212 2095
213 1967
214 1927
215 2010
216 1973
217 1975
218 2035
219 2084
220 1883
221 1858
222 1943
223 1983
224 1789
225 1803
226 1796
227 1780
228 1777
229 1879
230 1893
231 1786
232 1733
233 1732
234 1779
235 1844
236 1803
237 1823
238 1871
239 1751
240 1691
241 1491
242 1677
243 1756
244 1772
245 1571
246 1624
247 1518
248 1499
249 1594
250 1632
251 1583
252 1490
253 1576
254 1507
255 1624
256 1656
257 1468
258 1488
259 1527
260 1501
261 1345
262 1335
263 1369
264 1360
265 1277
266 1326
267 1281
268 1273
269 1319
270 1281
271 1228
272 1167
273 1193
274 1240
275 1107
276 1178
277 1110
278 1038
279 1113
280 1075
281 992
282 1061
283 1066
284 1132
285 1022
286 1015
287 971
288 928
289 940
290 941
291 962
292 879
293 924
294 783
295 870
296 801
297 912
298 867
299 784
300 783
301 774
302 850
303 754
304 802
305 761
306 791
307 735
308 729
309 799
310 724
311 797
312 734
313 751
314 636
315 649
316 680
317 696
318 644
319 654
320 611
321 617
322 617
323 614
324 615
325 600
326 493
327 509
328 503
329 474
330 509
331 491
332 492
333 448
334 469
335 544
336 493
337 496
338 509
339 471
340 411
341 385
342 393
343 399
344 415
345 401
346 477
347 433
348 443
349 421
350 384
351 442
352 462
353 464
354 466
355 395
356 395
357 387
358 382
359 357
360 354
361 389
362 376
363 345
364 377
365 375
366 351
367 388
368 432
369 378
370 373
371 358
372 346
373 352
374 356
375 367
376 338
377 323
378 322
379 334
380 349
381 344
382 330
383 320
384 318
385 352
386 392
387 361
388 353
389 306
390 287
391 319
392 308
393 296
394 304
395 323
396 303
397 318
398 304
399 301
400 306
401 316
402 303
403 283
404 304
405 272
406 238
407 252
408 248
409 256
410 215
411 243
412 230
413 265
414 288
415 250
416 250
417 252
418 259
419 290
420 288
421 278
422 272
423 238
424 259
425 259
426 252
427 267
428 270
429 283
430 222
431 210
432 214
433 254
434 245
435 239
436 247
437 254
438 255
439 246
440 223
441 203
442 252
443 259
444 247
445 216
446 241
447 219
448 228
449 212
450 204
451 202
452 172
453 208
454 227
455 209
456 217
457 225
458 206
459 216
460 231
461 205
462 178
463 222
464 193
465 206
466 185
467 199
468 200
469 218
470 209
471 209
472 210
473 197
474 201
475 165
476 189
477 191
478 176
479 177
480 164
481 164
482 170
483 181
484 199
485 214
486 194
487 180
488 191
489 197
490 222
491 166
492 174
493 182
494 170
495 188
496 176
497 166
498 173
499 165
500 160
501 171
502 212
503 200
504 199
505 181
506 174
507 154
508 179
509 163
510 189
511 173
512 155
513 183
514 211
515 180
516 170
517 177
518 151
519 157
520 143
521 149
522 151
523 159
524 152
525 151
526 143
527 170
528 129
529 124
530 172
531 150
532 159
533 177
534 140
535 151
536 147
537 156
538 158
539 134
540 110
541 137
542 146
543 147
544 147
545 139
546 115
547 116
548 126
549 121
550 120
551 113
552 93
553 107
554 120
555 115
556 128
557 129
558 133
559 150
560 141
561 106
562 139
563 124
564 126
565 135
566 131
567 116
568 111
569 116
570 111
571 112
572 110
573 112
574 110
575 91
576 95
577 113
578 123
579 116
580 83
581 108
582 109
583 116
584 105
585 118
586 106
587 99
588 97
589 118
590 97
591 88
592 94
593 103
594 84
595 81
596 86
597 118
598 91
599 90
600 71
601 93
602 98
603 88
604 105
605 105
606 107
607 88
608 108
609 92
610 107
611 79
612 84
613 114
614 101
615 109
616 98
617 99
618 105
619 98
620 108
621 101
622 94
623 109
624 90
625 105
626 118
627 101
628 96
629 115
630 93
631 128
632 114
633 103
634 74
635 87
636 82
637 75
638 70
639 99
640 85
641 95
642 92
643 98
644 79
645 109
646 87
647 78
648 96
649 108
650 104
651 92
652 117
653 105
654 91
655 71
656 100
657 88
658 93
659 94
660 87
661 102
662 97
663 82
664 91
665 77
666 73
667 72
668 75
669 100
670 67
671 99
672 106
673 79
674 94
675 84
676 89
677 109
678 82
679 73
680 67
681 95
682 79
683 80
684 79
685 89
686 99
687 80
688 77
689 68
690 90
691 63
692 79
693 70
694 77
695 69
696 79
697 60
698 77
699 83
700 92
701 82
702 74
703 74
704 57
705 64
706 72
707 81
708 80
709 69
710 67
711 58
712 89
713 82
714 91
715 93
716 91
717 76
718 80
719 70
720 76
721 68
722 70
723 70
724 78
725 68
726 73
727 81
728 73
729 76
730 56
731 73
732 66
733 57
734 52
735 63
736 63
737 44
738 63
739 66
740 65
741 60
742 69
743 54
744 65
745 73
746 58
747 77
748 68
749 71
750 54
751 57
752 52
753 54
754 54
755 40
756 57
757 62
758 62
759 57
760 58
761 60
762 50
763 52
764 61
765 54
766 56
767 64
768 61
769 47
770 64
771 58
772 49
773 58
774 53
775 59
776 73
777 66
778 58
779 63
780 50
781 69
782 50
783 70
784 56
785 54
786 60
787 60
788 65
789 67
790 54
791 64
792 49
793 47
794 51
795 53
796 45
797 44
798 71
799 50
800 56
801 46
802 41
803 70
804 46
805 43
806 40
807 59
808 59
809 42
810 60
811 43
812 46
813 43
814 57
815 37
816 49
817 62
818 48
819 56
820 46
821 51
822 38
823 59
824 33
825 48
826 52
827 41
828 47
829 34
830 33
831 61
832 55
833 45
834 41
835 30
836 51
837 55
838 63
839 45
840 44
841 39
842 53
843 43
844 46
845 58
846 46
847 41
848 45
849 47
850 35
851 40
852 61
853 49
854 54
855 48
856 55
857 56
858 54
859 62
860 46
861 50
862 58
863 38
864 38
865 54
866 30
867 47
868 57
869 46
870 36
871 54
872 43
873 54
874 45
875 38
876 43
877 38
878 38
879 35
880 36
881 48
882 38
883 33
884 43
885 36
886 41
887 41
888 47
889 47
890 47
891 35
892 47
893 39
894 42
895 34
896 40
897 32
898 43
899 39
900 49
901 42
902 51
903 55
904 36
905 46
906 58
907 55
908 48
909 46
910 60
911 44
912 64
913 38
914 61
915 44
916 34
917 44
918 56
919 35
920 39
921 36
922 35
923 32
924 32
925 32
926 30
927 39
928 42
929 44
930 42
931 47
932 48
933 37
934 50
935 42
936 49
937 33
938 43
939 39
940 38
941 34
942 42
943 32
944 41
945 31
946 34
947 33
948 24
949 29
950 30
951 32
952 24
953 34
954 41
955 27
956 29
957 34
958 29
959 39
960 29
961 43
962 31
963 27
964 30
965 34
966 37
967 26
968 43
969 48
970 44
971 37
972 37
973 33
974 45
975 33
976 31
977 27
978 38
979 26
980 45
981 30
982 46
983 36
984 44
985 37
986 31
987 23
988 39
989 24
990 43
991 44
992 33
993 41
994 28
995 32
996 29
997 32
998 30
999 30
1000 25
1001 35
1002 37
1003 34
1004 27
1005 30
1006 41
1007 36
1008 42
1009 27
1010 33
1011 37
1012 28
1013 30
1014 27
1015 32
1016 25
1017 31
1018 31
1019 27
1020 31
1021 43
1022 33
1023 26
1024 31
1025 25
1026 33
1027 27
1028 43
1029 29
1030 23
1031 26
1032 38
1033 41
1034 33
1035 28
1036 35
1037 25
1038 32
1039 26
1040 27
1041 19
1042 28
1043 36
1044 26
1045 39
1046 38
1047 32
1048 36
1049 30
1050 35
1051 31
1052 20
1053 24
1054 23
1055 18
1056 40
1057 28
1058 23
1059 38
1060 41
1061 28
1062 30
1063 27
1064 32
1065 36
1066 36
1067 23
1068 30
1069 27
1070 40
1071 37
1072 33
1073 31
1074 22
1075 18
1076 36
1077 31
1078 40
1079 37
1080 47
1081 41
1082 35
1083 34
1084 26
1085 22
1086 27
1087 22
1088 40
1089 33
1090 31
1091 32
1092 35
1093 40
1094 42
1095 37
1096 38
1097 33
1098 35
1099 29
1100 26
1101 24
1102 20
1103 15
1104 31
1105 21
1106 21
1107 33
1108 25
1109 27
1110 30
1111 23
1112 27
1113 25
1114 31
1115 24
1116 20
1117 24
1118 31
1119 27
1120 22
1121 25
1122 29
1123 31
1124 22
1125 32
1126 28
1127 25
1128 29
1129 23
1130 25
1131 27
1132 21
1133 28
1134 26
1135 24
1136 30
1137 18
1138 28
1139 15
1140 19
1141 24
1142 29
1143 29
1144 19
1145 25
1146 26
1147 17
1148 27
1149 21
1150 23
1151 23
1152 31
1153 31
1154 24
1155 33
1156 35
1157 26
1158 27
1159 30
1160 25
1161 35
1162 31
1163 30
1164 37
1165 22
1166 28
1167 19
1168 24
1169 31
1170 24
1171 22
1172 25
1173 22
1174 22
1175 33
1176 26
1177 22
1178 29
1179 29
1180 39
1181 21
1182 36
1183 17
1184 30
1185 37
1186 23
1187 18
1188 30
1189 24
1190 20
1191 23
1192 29
1193 41
1194 21
1195 30
1196 33
1197 35
1198 38
1199 36
1200 24
1201 20
1202 26
1203 27
1204 25
1205 27
1206 29
1207 31
1208 29
1209 25
1210 27
1211 26
1212 23
1213 43
1214 39
1215 31
1216 35
1217 21
1218 22
1219 29
1220 14
1221 21
1222 26
1223 33
1224 22
1225 21
1226 22
1227 14
1228 27
1229 25
1230 23
1231 28
1232 15
1233 23
1234 23
1235 25
1236 33
1237 21
1238 23
1239 28
1240 26
1241 19
1242 32
1243 22
1244 22
1245 22
1246 24
1247 24
1248 24
1249 23
1250 30
1251 20
1252 17
1253 22
1254 22
1255 23
1256 19
1257 25
1258 14
1259 31
1260 17
1261 28
1262 33
1263 28
1264 24
1265 27
1266 27
1267 16
1268 30
1269 24
1270 30
1271 15
1272 24
1273 25
1274 22
1275 22
1276 26
1277 23
1278 27
1279 20
1280 29
1281 21
1282 26
1283 28
1284 13
1285 25
1286 20
1287 21
1288 23
1289 22
1290 22
1291 17
1292 18
1293 23
1294 20
1295 19
1296 15
1297 21
1298 25
1299 20
1300 15
1301 30
1302 30
1303 31
1304 16
1305 24
1306 21
1307 29
1308 24
1309 27
1310 28
1311 37
1312 30
1313 36
1314 33
1315 25
1316 17
1317 34
1318 20
1319 22
1320 20
1321 20
1322 18
1323 27
1324 20
1325 25
1326 15
1327 20
1328 29
1329 13
1330 16
1331 27
1332 21
1333 17
1334 23
1335 11
1336 19
1337 15
1338 24
1339 21
1340 24
1341 21
1342 27
1343 17
1344 21
1345 21
1346 16
1347 17
1348 14
1349 26
1350 33
1351 23
1352 32
1353 22
1354 16
1355 21
1356 22
1357 17
1358 22
1359 19
1360 22
1361 23
1362 24
1363 19
1364 21
1365 17
1366 13
1367 17
1368 26
1369 22
1370 22
1371 17
1372 21
1373 15
1374 20
1375 13
1376 20
1377 21
1378 17
1379 13
1380 17
1381 19
1382 21
1383 11
1384 27
1385 29
1386 24
1387 20
1388 13
1389 18
1390 22
1391 19
1392 24
1393 17
1394 17
1395 22
1396 16
1397 28
1398 19
1399 23
1400 30
1401 24
1402 29
1403 22
1404 18
1405 15
1406 24
1407 25
1408 21
1409 13
1410 18
1411 26
1412 25
1413 22
1414 23
1415 12
1416 19
1417 17
1418 27
1419 17
1420 22
1421 16
1422 16
1423 13
1424 18
1425 12
1426 9
1427 18
1428 16
1429 23
1430 28
1431 27
1432 17
1433 15
1434 10
1435 19
1436 14
1437 13
1438 14
1439 16
1440 12
1441 22
1442 20
1443 17
1444 14
1445 14
1446 9
1447 10
1448 13
1449 10
1450 18
1451 11
1452 17
1453 12
1454 14
1455 13
1456 11
1457 18
1458 20
1459 14
1460 19
1461 12
1462 21
1463 19
1464 14
1465 13
1466 16
1467 9
1468 12
1469 18
1470 11
1471 14
1472 17
1473 18
1474 8
1475 13
1476 13
1477 14
1478 20
1479 16
1480 10
1481 14
1482 9
1483 14
1484 10
1485 9
1486 7
1487 14
1488 21
1489 21
1490 16
1491 13
1492 12
1493 18
1494 16
1495 16
1496 13
1497 19
1498 12
1499 17
1500 20
1501 15
1502 13
1503 22
1504 11
1505 16
1506 13
1507 14
1508 14
1509 14
1510 16
1511 8
1512 14
1513 11
1514 16
1515 12
1516 18
1517 15
1518 19
1519 14
1520 23
1521 12
1522 12
1523 11
1524 13
1525 11
1526 14
1527 15
1528 15
1529 17
1530 6
1531 20
1532 10
1533 9
1534 18
1535 9
1536 17
1537 25
1538 13
1539 15
1540 8
1541 16
1542 20
1543 15
1544 19
1545 15
1546 18
1547 10
1548 13
1549 14
1550 13
1551 16
1552 18
1553 11
1554 20
1555 11
1556 14
1557 15
1558 11
1559 15
1560 20
1561 14
1562 13
1563 12
1564 16
1565 10
1566 25
1567 16
1568 8
1569 11
1570 8
1571 9
1572 14
1573 15
1574 11
1575 12
1576 11
1577 19
1578 12
1579 15
1580 7
1581 5
1582 13
1583 21
1584 12
1585 15
1586 8
1587 13
1588 17
1589 22
1590 17
1591 14
1592 16
1593 15
1594 12
1595 10
1596 13
1597 15
1598 17
1599 14
1600 12
1601 11
1602 5
1603 11
1604 15
1605 15
1606 18
1607 13
1608 16
1609 11
1610 12
1611 10
1612 14
1613 13
1614 17
1615 14
1616 20
1617 11
1618 14
1619 11
1620 15
1621 17
1622 16
1623 12
1624 12
1625 11
1626 14
1627 16
1628 12
1629 10
1630 16
1631 10
1632 17
1633 13
1634 15
1635 16
1636 13
1637 12
1638 13
1639 20
1640 7
1641 11
1642 18
1643 14
1644 10
1645 10
1646 10
1647 6
1648 16
1649 17
1650 12
1651 17
1652 7
1653 7
1654 17
1655 13
1656 20
1657 18
1658 19
1659 8
1660 12
1661 14
1662 16
1663 16
1664 12
1665 12
1666 12
1667 13
1668 14
1669 11
1670 14
1671 8
1672 13
1673 9
1674 18
1675 9
1676 16
1677 9
1678 9
1679 16
1680 10
1681 11
1682 13
1683 6
1684 8
1685 9
1686 8
1687 12
1688 14
1689 15
1690 18
1691 15
1692 10
1693 20
1694 15
1695 13
1696 11
1697 12
1698 12
1699 11
1700 10
1701 10
1702 16
1703 19
1704 13
1705 10
1706 10
1707 10
1708 17
1709 10
1710 16
1711 13
1712 12
1713 13
1714 21
1715 13
1716 14
1717 15
1718 16
1719 15
1720 14
1721 16
1722 20
1723 8
1724 10
1725 14
1726 15
1727 11
1728 10
1729 14
1730 9
1731 9
1732 15
1733 10
1734 15
1735 7
1736 15
1737 16
1738 8
1739 14
1740 11
1741 16
1742 10
1743 8
1744 12
1745 5
1746 10
1747 7
1748 11
1749 5
1750 8
1751 12
1752 11
1753 9
1754 22
1755 11
1756 7
1757 18
1758 11
1759 19
1760 12
1761 12
1762 18
1763 10
1764 14
1765 11
1766 10
1767 8
1768 18
1769 9
1770 8
1771 9
1772 10
1773 15
1774 15
1775 9
1776 9
1777 10
1778 17
1779 13
1780 9
1781 8
1782 7
1783 7
1784 8
1785 9
1786 6
1787 11
1788 18
1789 7
1790 14
1791 6
1792 11
1793 10
1794 13
1795 15
1796 12
1797 19
1798 8
1799 13
1800 6
1801 11
1802 13
1803 6
1804 10
1805 13
1806 11
1807 13
1808 10
1809 11
1810 14
1811 12
1812 16
1813 16
1814 10
1815 11
1816 16
1817 7
1818 5
1819 10
1820 7
1821 13
1822 6
1823 12
1824 20
1825 14
1826 15
1827 14
1828 7
1829 11
1830 10
1831 17
1832 10
1833 9
1834 15
1835 12
1836 8
1837 16
1838 9
1839 12
1840 17
1841 8
1842 16
1843 20
1844 10
1845 11
1846 15
1847 10
1848 15
1849 4
1850 9
1851 13
1852 16
1853 13
1854 10
1855 10
1856 10
1857 12
1858 13
1859 11
1860 16
1861 9
1862 13
1863 13
1864 6
1865 12
1866 13
1867 10
1868 8
1869 13
1870 8
1871 12
1872 12
1873 5
1874 15
1875 16
1876 11
1877 13
1878 11
1879 14
1880 9
1881 6
1882 16
1883 12
1884 12
1885 18
1886 12
1887 4
1888 12
1889 14
1890 14
1891 22
1892 10
1893 9
1894 10
1895 10
1896 12
1897 16
1898 5
1899 15
1900 6
1901 13
1902 7
1903 12
1904 6
1905 13
1906 7
1907 9
1908 11
1909 13
1910 9
1911 4
1912 11
1913 6
1914 13
1915 18
1916 13
1917 7
1918 14
1919 16
1920 15
1921 23
1922 23
1923 16
1924 13
1925 14
1926 16
1927 8
1928 7
1929 7
1930 9
1931 9
1932 8
1933 14
1934 9
1935 7
1936 9
1937 11
1938 14
1939 11
1940 18
1941 15
1942 19
1943 11
1944 8
1945 9
1946 12
1947 6
1948 6
1949 4
1950 6
1951 2
1952 13
1953 16
1954 9
1955 13
1956 13
1957 9
1958 4
1959 7
1960 11
1961 9
1962 8
1963 7
1964 5
1965 6
1966 5
1967 9
1968 6
1969 3
1970 14
1971 13
1972 1
1973 13
1974 16
1975 7
1976 9
1977 15
1978 12
1979 14
1980 8
1981 7
1982 14
1983 21
1984 11
1985 18
1986 17
1987 11
1988 9
1989 14
1990 22
1991 17
1992 8
1993 9
1994 10
1995 13
1996 13
1997 8
1998 12
1999 10
2000 10
2001 10
2002 13
2003 9
2004 11
2005 12
2006 7
2007 5
2008 11
2009 11
2010 8
2011 7
2012 7
2013 14
2014 8
2015 10
2016 8
2017 4
2018 17
2019 8
2020 11
2021 9
2022 12
2023 7
2024 9
2025 10
2026 13
2027 10
2028 4
2029 4
2030 6
2031 16
2032 6
2033 10
2034 11
2035 4
2036 6
2037 9
2038 9
2039 10
2040 11
2041 5
2042 4
2043 10
2044 11
2045 10
2046 6
2047 4
2048 14
2049 13
2050 8
2051 5
2052 10
2053 8
2054 9
2055 8
2056 11
2057 10
2058 12
2059 6
2060 20
2061 10
2062 14
2063 5
2064 6
2065 9
2066 3
2067 5
2068 3
2069 9
2070 9
2071 7
2072 5
2073 6
2074 5
2075 10
2076 8
2077 14
2078 3
2079 12
2080 4
2081 3
2082 8
2083 8
2084 9
2085 7
2086 16
2087 8
2088 14
2089 5
2090 6
2091 14
2092 11
2093 17
2094 15
2095 18
2096 9
2097 12
2098 9
2099 9
2100 4
2101 15
2102 7
2103 6
2104 7
2105 7
2106 6
2107 8
2108 8
2109 10
2110 13
2111 8
2112 12
2113 10
2114 3
2115 8
2116 9
2117 13
2118 9
2119 10
2120 9
2121 10
2122 7
2123 14
2124 13
2125 10
2126 10
2127 7
2128 8
2129 7
2130 12
2131 14
2132 6
2133 7
2134 8
2135 10
2136 7
2137 8
2138 16
2139 5
2140 12
2141 12
2142 10
2143 11
2144 7
2145 4
2146 4
2147 5
2148 7
2149 8
2150 11
2151 8
2152 5
2153 12
2154 6
2155 7
2156 6
2157 8
2158 3
2159 7
2160 7
2161 7
2162 6
2163 5
2164 5
2165 6
2166 8
2167 6
2168 9
2169 10
2170 7
2171 8
2172 8
2173 6
2174 7
2175 10
2176 6
2177 8
2178 12
2179 11
2180 5
2181 8
2182 7
2183 10
2184 6
2185 9
2186 10
2187 16
2188 9
2189 6
2190 10
2191 10
2192 8
2193 7
2194 10
2195 9
2196 7
2197 8
2198 9
2199 10
2200 9
2201 7
2202 10
2203 7
2204 6
2205 5
2206 9
2207 12
2208 9
2209 7
2210 10
2211 16
2212 11
2213 10
2214 4
2215 5
2216 5
2217 9
2218 7
2219 5
2220 8
2221 6
2222 10
2223 5
2224 9
2225 6
2226 5
2227 6
2228 3
2229 8
2230 7
2231 10
2232 7
2233 9
2234 8
2235 7
2236 8
2237 4
2238 0
2239 3
2240 5
2241 8
2242 6
2243 13
2244 5
2245 9
2246 9
2247 9
2248 8
2249 7
2250 3
2251 3
2252 10
2253 9
2254 11
2255 9
2256 9
2257 12
2258 8
2259 9
2260 7
2261 6
2262 5
2263 12
2264 10
2265 10
2266 6
2267 6
2268 5
2269 2
2270 6
2271 7
2272 6
2273 12
2274 5
2275 5
2276 9
2277 12
2278 4
2279 9
2280 10
2281 8
2282 11
2283 5
2284 6
2285 11
2286 10
2287 4
2288 9
2289 7
2290 7
2291 10
2292 3
2293 5
2294 10
2295 10
2296 7
2297 5
2298 10
2299 10
2300 6
2301 8
2302 5
2303 12
2304 11
2305 7
2306 8
2307 11
2308 8
2309 6
2310 5
2311 9
2312 5
2313 5
2314 7
2315 7
2316 4
2317 4
2318 9
2319 4
2320 6
2321 10
2322 7
2323 3
2324 5
2325 8
2326 7
2327 6
2328 7
2329 7
2330 6
2331 7
2332 10
2333 6
2334 6
2335 14
2336 9
2337 7
2338 4
2339 3
2340 7
2341 4
2342 7
2343 6
2344 7
2345 5
2346 14
2347 6
2348 12
2349 10
2350 9
2351 8
2352 5
2353 6
2354 12
2355 6
2356 3
2357 3
2358 5
2359 5
2360 6
2361 4
2362 7
2363 8
2364 9
2365 6
2366 7
2367 8
2368 7
2369 6
2370 5
2371 5
2372 8
2373 10
2374 10
2375 1
2376 3
2377 5
2378 9
2379 6
2380 9
2381 7
2382 11
2383 9
2384 6
2385 3
2386 8
2387 5
2388 6
2389 4
2390 8
2391 7
2392 8
2393 9
2394 6
2395 9
2396 11
2397 11
2398 5
2399 7
2400 6
2401 12
2402 11
2403 8
2404 5
2405 4
2406 6
2407 12
2408 5
2409 3
2410 5
2411 5
2412 8
2413 8
2414 8
2415 7
2416 2
2417 4
2418 5
2419 7
2420 6
2421 6
2422 8
2423 8
2424 3
2425 4
2426 8
2427 5
2428 7
2429 5
2430 3
2431 11
2432 4
2433 14
2434 11
2435 6
2436 7
2437 5
2438 4
2439 2
2440 4
2441 9
2442 6
2443 8
2444 5
2445 4
2446 7
2447 5
2448 5
2449 6
2450 7
2451 5
2452 8
2453 7
2454 6
2455 4
2456 4
2457 11
2458 7
2459 12
2460 4
2461 4
2462 7
2463 4
2464 5
2465 3
2466 6
2467 6
2468 11
2469 3
2470 8
2471 6
2472 4
2473 7
2474 7
2475 5
2476 7
2477 6
2478 5
2479 7
2480 6
2481 9
2482 4
2483 5
2484 9
2485 8
2486 6
2487 8
2488 6
2489 3
2490 5
2491 5
2492 7
2493 5
2494 6
2495 4
2496 5
2497 2
2498 4
2499 6
2500 5
2501 9
2502 6
2503 5
2504 8
2505 8
2506 5
2507 7
2508 8
2509 4
2510 6
2511 6
2512 7
2513 4
2514 8
2515 5
2516 1
2517 12
2518 7
2519 5
2520 7
2521 8
2522 5
2523 5
2524 2
2525 0
2526 3
2527 6
2528 6
2529 2
2530 9
2531 7
2532 9
2533 2
2534 6
2535 4
2536 9
2537 12
2538 3
2539 6
2540 4
2541 4
2542 7
2543 6
2544 6
2545 3
2546 2
2547 8
2548 7
2549 5
2550 5
2551 8
2552 4
2553 4
2554 4
2555 6
2556 3
2557 3
2558 4
2559 5
2560 6
2561 7
2562 6
2563 7
2564 8
2565 6
2566 10
2567 4
2568 7
2569 7
2570 6
2571 6
2572 7
2573 8
2574 5
2575 1
2576 8
2577 3
2578 4
2579 10
2580 7
2581 4
2582 11
2583 6
2584 6
2585 4
2586 7
2587 3
2588 9
2589 8
2590 7
2591 8
2592 4
2593 3
2594 8
2595 9
2596 9
2597 7
2598 5
2599 6
2600 5
2601 3
2602 6
2603 6
2604 7
2605 6
2606 12
2607 2
2608 4
2609 7
2610 4
2611 2
2612 10
2613 8
2614 5
2615 5
2616 5
2617 5
2618 5
2619 7
2620 6
2621 7
2622 11
2623 8
2624 8
2625 8
2626 5
2627 3
2628 3
2629 7
2630 6
2631 3
2632 7
2633 3
2634 6
2635 4
2636 5
2637 4
2638 6
2639 9
2640 5
2641 10
2642 3
2643 6
2644 4
2645 8
2646 8
2647 7
2648 6
2649 8
2650 7
2651 4
2652 9
2653 5
2654 6
2655 7
2656 11
2657 11
2658 12
2659 10
2660 6
2661 5
2662 3
2663 4
2664 8
2665 9
2666 5
2667 7
2668 9
2669 3
2670 9
2671 6
2672 8
2673 11
2674 7
2675 6
2676 6
2677 7
2678 10
2679 5
2680 7
2681 6
2682 3
2683 9
2684 10
2685 5
2686 7
2687 7
2688 6
2689 4
2690 7
2691 1
2692 3
2693 8
2694 5
2695 7
2696 4
2697 9
2698 2
2699 7
2700 3
2701 8
2702 5
2703 3
2704 8
2705 9
2706 6
2707 5
2708 6
2709 5
2710 5
2711 8
2712 10
2713 7
2714 6
2715 5
2716 6
2717 4
2718 4
2719 5
2720 5
2721 8
2722 1
2723 8
2724 7
2725 7
2726 5
2727 3
2728 6
2729 4
2730 5
2731 5
2732 1
2733 4
2734 9
2735 3
2736 4
2737 5
2738 3
2739 7
2740 5
2741 7
2742 5
2743 2
2744 2
2745 7
2746 4
2747 6
2748 4
2749 6
2750 4
2751 13
2752 5
2753 3
2754 3
2755 6
2756 4
2757 6
2758 6
2759 9
2760 3
2761 5
2762 8
2763 5
2764 3
2765 8
2766 5
2767 0
2768 7
2769 6
2770 8
2771 5
2772 8
2773 6
2774 5
2775 3
2776 3
2777 6
2778 14
2779 3
2780 4
2781 6
2782 5
2783 5
2784 6
2785 8
2786 4
2787 10
2788 2
2789 9
2790 5
2791 3
2792 4
2793 5
2794 6
2795 3
2796 8
2797 11
2798 6
2799 4
2800 4
2801 5
2802 6
2803 5
2804 2
2805 6
2806 4
2807 8
2808 7
2809 0
2810 4
2811 7
2812 2
2813 3
2814 4
2815 6
2816 6
2817 5
2818 8
2819 10
2820 8
2821 6
2822 6
2823 6
2824 3
2825 6
2826 5
2827 4
2828 8
2829 3
2830 6
2831 9
2832 7
2833 6
2834 7
2835 5
2836 5
2837 4
2838 6
2839 3
2840 6
2841 5
2842 6
2843 7
2844 5
2845 2
2846 5
2847 5
2848 5
2849 4
2850 8
2851 4
2852 7
2853 6
2854 6
2855 2
2856 6
2857 6
2858 5
2859 6
2860 6
2861 3
2862 4
2863 8
2864 8
2865 10
2866 6
2867 11
2868 3
2869 7
2870 6
2871 5
2872 4
2873 5
2874 4
2875 3
2876 4
2877 3
2878 7
2879 2
2880 6
2881 2
2882 9
2883 1
2884 4
2885 7
2886 5
2887 5
2888 3
2889 4
2890 4
2891 9
2892 5
2893 5
2894 2
2895 6
2896 7
2897 3
2898 4
2899 2
2900 3
2901 5
2902 4
2903 5
2904 7
2905 4
2906 5
2907 4
2908 2
2909 4
2910 4
2911 6
2912 5
2913 5
2914 4
2915 7
2916 2
2917 9
2918 4
2919 5
2920 8
2921 2
2922 7
2923 3
2924 5
2925 5
2926 4
2927 4
2928 3
2929 2
2930 6
2931 7
2932 6
2933 5
2934 3
2935 1
2936 4
2937 3
2938 7
2939 2
2940 4
2941 2
2942 5
2943 6
2944 5
2945 2
2946 9
2947 4
2948 8
2949 5
2950 7
2951 3
2952 5
2953 5
2954 6
2955 7
2956 10
2957 2
2958 2
2959 5
2960 4
2961 5
2962 5
2963 4
2964 7
2965 4
2966 7
2967 7
2968 6
2969 6
2970 4
2971 4
2972 5
2973 8
2974 5
2975 7
2976 3
2977 6
2978 9
2979 8
2980 5
2981 2
2982 3
2983 7
2984 7
2985 8
2986 2
2987 3
2988 12
2989 5
2990 5
2991 7
2992 5
2993 4
2994 4
2995 5
2996 7
2997 7
2998 2
2999 4
3000 4
3001 4
3002 6
3003 4
3004 6
3005 3
3006 2
3007 4
3008 3
3009 5
3010 6
3011 6
3012 3
3013 2
3014 3
3015 2
3016 2
3017 6
3018 6
3019 6
3020 8
3021 6
3022 5
3023 5
3024 4
3025 2
3026 8
3027 4
3028 3
3029 3
3030 2
3031 2
3032 5
3033 3
3034 4
3035 5
3036 5
3037 5
3038 5
3039 5
3040 5
3041 3
3042 3
3043 2
3044 2
3045 3
3046 0
3047 8
3048 2
3049 8
3050 6
3051 5
3052 8
3053 4
3054 6
3055 4
3056 3
3057 2
3058 7
3059 3
3060 9
3061 4
3062 2
3063 4
3064 3
3065 6
3066 3
3067 2
3068 5
3069 5
3070 2
3071 6
3072 4
3073 6
3074 6
3075 8
3076 5
3077 2
3078 3
3079 7
3080 3
3081 3
3082 11
3083 4
3084 4
3085 4
3086 5
3087 9
3088 6
3089 3
3090 6
3091 5
3092 9
3093 5
3094 5
3095 6
3096 7
3097 2
3098 1
3099 2
3100 6
3101 4
3102 4
3103 4
3104 3
3105 4
3106 2
3107 4
3108 3
3109 6
3110 4
3111 4
3112 4
3113 5
3114 7
3115 7
3116 3
3117 2
3118 4
3119 3
3120 6
3121 5
3122 1
3123 5
3124 4
3125 3
3126 3
3127 3
3128 4
3129 4
3130 4
3131 10
3132 6
3133 5
3134 5
3135 2
3136 8
3137 8
3138 5
3139 5
3140 5
3141 7
3142 1
3143 7
3144 3
3145 1
3146 4
3147 6
3148 5
3149 7
3150 2
3151 8
3152 4
3153 6
3154 0
3155 4
3156 4
3157 5
3158 2
3159 4
3160 5
3161 5
3162 10
3163 3
3164 5
3165 2
3166 2
3167 3
3168 7
3169 4
3170 3
3171 10
3172 4
3173 8
3174 5
3175 4
3176 5
3177 4
3178 2
3179 3
3180 4
3181 4
3182 3
3183 5
3184 3
3185 5
3186 2
3187 7
3188 9
3189 4
3190 6
3191 9
3192 7
3193 2
3194 9
3195 4
3196 3
3197 4
3198 7
3199 7
3200 9
3201 3
3202 5
3203 2
3204 4
3205 2
3206 8
3207 6
3208 8
3209 2
3210 8
3211 2
3212 5
3213 1
3214 4
3215 5
3216 4
3217 5
3218 2
3219 2
3220 1
3221 4
3222 4
3223 3
3224 3
3225 4
3226 2
3227 4
3228 7
3229 2
3230 3
3231 1
3232 5
3233 5
3234 7
3235 3
3236 5
3237 5
3238 3
3239 3
3240 6
3241 5
3242 6
3243 3
3244 6
3245 3
3246 7
3247 2
3248 5
3249 5
3250 3
3251 2
3252 4
3253 9
3254 4
3255 1
3256 3
3257 3
3258 6
3259 6
3260 2
3261 1
3262 2
3263 3
3264 2
3265 1
3266 4
3267 7
3268 3
3269 1
3270 10
3271 8
3272 3
3273 5
3274 2
3275 2
3276 2
3277 6
3278 2
3279 7
3280 3
3281 7
3282 3
3283 2
3284 4
3285 2
3286 4
3287 2
3288 4
3289 5
3290 5
3291 6
3292 2
3293 1
3294 4
3295 0
3296 2
3297 4
3298 7
3299 3
3300 3
3301 2
3302 4
3303 8
3304 3
3305 3
3306 1
3307 2
3308 2
3309 3
3310 2
3311 2
3312 5
3313 8
3314 6
3315 4
3316 7
3317 4
3318 1
3319 3
3320 0
3321 6
3322 2
3323 4
3324 3
3325 7
3326 4
3327 3
3328 7
3329 2
3330 4
3331 3
3332 3
3333 8
3334 4
3335 4
3336 1
3337 1
3338 4
3339 8
3340 2
3341 3
3342 3
3343 5
3344 5
3345 4
3346 4
3347 2
3348 5
3349 5
3350 0
3351 5
3352 3
3353 2
3354 2
3355 2
3356 4
3357 2
3358 2
3359 3
3360 3
3361 1
3362 5
3363 2
3364 5
3365 1
3366 1
3367 2
3368 4
3369 5
3370 3
3371 2
3372 3
3373 2
3374 3
3375 1
3376 2
3377 3
3378 2
3379 3
3380 1
3381 1
3382 3
3383 2
3384 3
3385 6
3386 2
3387 1
3388 2
3389 5
3390 4
3391 1
3392 11
3393 4
3394 2
3395 2
3396 1
3397 6
3398 2
3399 4
3400 2
3401 2
3402 4
3403 6
3404 6
3405 6
3406 2
3407 4
3408 0
3409 3
3410 5
3411 2
3412 2
3413 6
3414 5
3415 6
3416 5
3417 1
3418 6
3419 5
3420 3
3421 3
3422 2
3423 4
3424 1
3425 1
3426 6
3427 6
3428 3
3429 3
3430 3
3431 4
3432 0
3433 2
3434 4
3435 1
3436 2
3437 3
3438 3
3439 3
3440 5
3441 0
3442 1
3443 4
3444 4
3445 1
3446 7
3447 4
3448 5
3449 4
3450 4
3451 7
3452 8
3453 7
3454 11
3455 5
3456 4
3457 5
3458 4
3459 4
3460 1
3461 1
3462 2
3463 5
3464 2
3465 5
3466 2
3467 1
3468 4
3469 4
3470 1
3471 1
3472 2
3473 2
3474 8
3475 5
3476 6
3477 7
3478 4
3479 5
3480 5
3481 2
3482 5
3483 4
3484 5
3485 7
3486 2
3487 2
3488 6
3489 0
3490 1
3491 4
3492 1
3493 2
3494 1
3495 7
3496 3
3497 5
3498 2
3499 2
3500 2
3501 4
3502 2
3503 1
3504 0
3505 3
3506 1
3507 0
3508 2
3509 3
3510 6
3511 4
3512 2
3513 5
3514 5
3515 0
3516 3
3517 6
3518 4
3519 5
3520 2
3521 7
3522 1
3523 3
3524 3
3525 2
3526 3
3527 1
3528 2
3529 1
3530 4
3531 6
3532 2
3533 4
3534 3
3535 5
3536 3
3537 5
3538 2
3539 2
3540 6
3541 2
3542 1
3543 1
3544 5
3545 7
3546 2
3547 0
3548 3
3549 3
3550 6
3551 4
3552 2
3553 3
3554 9
3555 2
3556 1
3557 4
3558 4
3559 3
3560 2
3561 6
3562 2
3563 2
3564 6
3565 2
3566 4
3567 6
3568 2
3569 4
3570 3
3571 4
3572 4
3573 1
3574 2
3575 5
3576 5
3577 5
3578 2
3579 1
3580 6
3581 3
3582 5
3583 2
3584 4
3585 5
3586 4
3587 2
3588 2
3589 1
3590 0
3591 5
3592 2
3593 0
3594 2
3595 4
3596 2
3597 4
3598 2
3599 3
3600 3
3601 2
3602 1
3603 2
3604 5
3605 3
3606 2
3607 4
3608 3
3609 1
3610 0
3611 0
3612 3
3613 3
3614 4
3615 3
3616 1
3617 3
3618 2
3619 1
3620 1
3621 2
3622 1
3623 6
3624 4
3625 2
3626 3
3627 6
3628 1
3629 5
3630 2
3631 6
3632 0
3633 2
3634 4
3635 4
3636 3
3637 4
3638 0
3639 4
3640 2
3641 2
3642 2
3643 2
3644 3
3645 4
3646 1
3647 5
3648 3
3649 3
3650 2
3651 5
3652 5
3653 7
3654 6
3655 1
3656 5
3657 1
3658 1
3659 4
3660 3
3661 1
3662 4
3663 2
3664 4
3665 3
3666 3
3667 3
3668 1
3669 3
3670 4
3671 6
3672 7
3673 7
3674 1
3675 1
3676 5
3677 3
3678 7
3679 4
3680 7
3681 7
3682 0
3683 3
3684 4
3685 6
3686 4
3687 5
3688 3
3689 1
3690 5
3691 6
3692 4
3693 2
3694 2
3695 4
3696 4
3697 5
3698 4
3699 5
3700 2
3701 4
3702 0
3703 5
3704 5
3705 3
3706 1
3707 4
3708 4
3709 6
3710 8
3711 7
3712 6
3713 10
3714 2
3715 9
3716 5
3717 7
3718 1
3719 6
3720 4
3721 2
3722 5
3723 3
3724 3
3725 1
3726 5
3727 3
3728 2
3729 4
3730 3
3731 3
3732 2
3733 4
3734 0
3735 0
3736 1
3737 1
3738 4
3739 1
3740 2
3741 3
3742 1
3743 2
3744 3
3745 2
3746 6
3747 6
3748 5
3749 5
3750 2
3751 2
3752 2
3753 2
3754 4
3755 3
3756 4
3757 4
3758 2
3759 4
3760 3
3761 4
3762 5
3763 9
3764 4
3765 7
3766 3
3767 1
3768 3
3769 3
3770 2
3771 3
3772 1
3773 3
3774 6
3775 1
3776 2
3777 3
3778 1
3779 3
3780 3
3781 4
3782 6
3783 2
3784 5
3785 3
3786 4
3787 1
3788 4
3789 3
3790 3
3791 3
3792 0
3793 5
3794 3
3795 4
3796 4
3797 0
3798 2
3799 7
3800 3
3801 2
3802 3
3803 6
3804 2
3805 3
3806 3
3807 0
3808 2
3809 1
3810 8
3811 4
3812 2
3813 4
3814 3
3815 2
3816 3
3817 4
3818 5
3819 2
3820 2
3821 6
3822 3
3823 5
3824 3
3825 2
3826 4
3827 5
3828 2
3829 1
3830 6
3831 2
3832 4
3833 1
3834 2
3835 2
3836 1
3837 2
3838 6
3839 5
3840 2
3841 3
3842 1
3843 1
3844 3
3845 3
3846 5
3847 4
3848 3
3849 6
3850 7
3851 2
3852 0
3853 2
3854 3
3855 3
3856 3
3857 2
3858 0
3859 1
3860 2
3861 0
3862 6
3863 2
3864 3
3865 1
3866 3
3867 3
3868 2
3869 2
3870 2
3871 3
3872 3
3873 4
3874 5
3875 6
3876 5
3877 3
3878 2
3879 2
3880 5
3881 1
3882 1
3883 2
3884 1
3885 1
3886 6
3887 1
3888 2
3889 2
3890 3
3891 6
3892 4
3893 5
3894 6
3895 3
3896 3
3897 2
3898 2
3899 4
3900 2
3901 1
3902 4
3903 2
3904 5
3905 5
3906 6
3907 4
3908 3
3909 2
3910 0
3911 2
3912 2
3913 3
3914 4
3915 5
3916 4
3917 3
3918 1
3919 3
3920 1
3921 1
3922 3
3923 2
3924 6
3925 5
3926 4
3927 5
3928 5
3929 2
3930 6
3931 2
3932 8
3933 1
3934 1
3935 1
3936 2
3937 0
3938 3
3939 2
3940 3
3941 4
3942 3
3943 4
3944 2
3945 5
3946 3
3947 7
3948 3
3949 3
3950 3
3951 2
3952 0
3953 6
3954 4
3955 6
3956 5
3957 4
3958 2
3959 3
3960 7
3961 5
3962 6
3963 5
3964 4
3965 3
3966 3
3967 5
3968 3
3969 4
3970 2
3971 3
3972 1
3973 3
3974 3
3975 5
3976 1
3977 1
3978 6
3979 0
3980 4
3981 0
3982 8
3983 1
3984 3
3985 2
3986 3
3987 3
3988 2
3989 4
3990 5
3991 4
3992 2
3993 4
3994 5
3995 2
3996 2
3997 1
3998 1
3999 5
4000 3
4001 2
4002 5
4003 0
4004 2
4005 1
4006 1
4007 1
4008 5
4009 4
4010 4
4011 4
4012 2
4013 1
4014 3
4015 0
4016 1
4017 1
4018 2
4019 2
4020 3
4021 2
4022 4
4023 3
4024 1
4025 3
4026 6
4027 3
4028 3
4029 2
4030 4
4031 5
4032 1
4033 6
4034 1
4035 2
4036 6
4037 2
4038 2
4039 2
4040 4
4041 8
4042 3
4043 3
4044 5
4045 5
4046 4
4047 3
4048 4
4049 3
4050 4
4051 4
4052 3
4053 2
4054 1
4055 5
4056 2
4057 2
4058 1
4059 2
4060 3
4061 2
4062 6
4063 4
4064 3
4065 5
4066 3
4067 2
4068 2
4069 3
4070 2
4071 4
4072 2
4073 2
4074 3
4075 3
4076 3
4077 3
4078 2
4079 8
4080 3
4081 2
4082 1
4083 5
4084 4
4085 4
4086 4
4087 1
4088 3
4089 2
4090 2
4091 5
4092 2
4093 2
4094 3
4095 2
4096 0
4097 4
4098 3
4099 3
4100 1
4101 3
4102 4
4103 2
4104 1
4105 0
4106 2
4107 3
4108 2
4109 2
4110 2
4111 1
4112 2
4113 2
4114 2
4115 4
4116 3
4117 4
4118 1
4119 4
4120 1
4121 3
4122 4
4123 5
4124 2
4125 1
4126 6
4127 1
4128 2
4129 1
4130 3
4131 2
4132 2
4133 3
4134 4
4135 4
4136 4
4137 3
4138 1
4139 3
4140 1
4141 2
4142 4
4143 1
4144 3
4145 4
4146 3
4147 4
4148 4
4149 2
4150 2
4151 5
4152 4
4153 3
4154 3
4155 4
4156 2
4157 3
4158 5
4159 3
4160 1
4161 4
4162 2
4163 2
4164 4
4165 4
4166 1
4167 2
4168 2
4169 3
4170 3
4171 3
4172 1
4173 1
4174 3
4175 4
4176 3
4177 3
4178 2
4179 4
4180 4
4181 0
4182 1
4183 5
4184 5
4185 3
4186 2
4187 1
4188 2
4189 2
4190 2
4191 3
4192 2
4193 1
4194 3
4195 2
4196 3
4197 3
4198 2
4199 2
4200 0
4201 2
4202 3
4203 1
4204 4
4205 4
4206 1
4207 1
4208 2
4209 5
4210 4
4211 2
4212 0
4213 1
4214 3
4215 4
4216 1
4217 3
4218 3
4219 1
4220 2
4221 3
4222 0
4223 2
4224 1
4225 2
4226 3
4227 1
4228 2
4229 2
4230 0
4231 2
4232 4
4233 0
4234 4
4235 2
4236 5
4237 0
4238 3
4239 5
4240 3
4241 2
4242 1
4243 4
4244 5
4245 1
4246 3
4247 3
4248 2
4249 2
4250 3
4251 3
4252 3
4253 4
4254 2
4255 1
4256 1
4257 2
4258 4
4259 2
4260 2
4261 2
4262 2
4263 2
4264 1
4265 4
4266 3
4267 3
4268 2
4269 2
4270 4
4271 2
4272 2
4273 1
4274 2
4275 0
4276 5
4277 3
4278 2
4279 3
4280 3
4281 4
4282 2
4283 0
4284 6
4285 0
4286 2
4287 4
4288 2
4289 1
4290 5
4291 3
4292 5
4293 3
4294 1
4295 2
4296 3
4297 3
4298 3
4299 4
4300 2
4301 0
4302 6
4303 6
4304 1
4305 0
4306 3
4307 3
4308 2
4309 0
4310 2
4311 3
4312 3
4313 3
4314 0
4315 4
4316 2
4317 3
4318 1
4319 1
4320 2
4321 3
4322 2
4323 3
4324 2
4325 2
4326 4
4327 2
4328 1
4329 4
4330 4
4331 2
4332 1
4333 4
4334 2
4335 6
4336 2
4337 8
4338 4
4339 5
4340 1
4341 5
4342 2
4343 1
4344 2
4345 2
4346 4
4347 3
4348 0
4349 2
4350 2
4351 0
4352 4
4353 3
4354 5
4355 1
4356 2
4357 1
4358 2
4359 4
4360 2
4361 3
4362 0
4363 2
4364 3
4365 1
4366 3
4367 2
4368 2
4369 2
4370 2
4371 5
4372 5
4373 3
4374 3
4375 1
4376 5
4377 1
4378 3
4379 3
4380 4
4381 2
4382 1
4383 2
4384 0
4385 4
4386 4
4387 4
4388 2
4389 2
4390 1
4391 2
4392 3
4393 1
4394 3
4395 0
4396 6
4397 1
4398 1
4399 1
4400 2
4401 2
4402 1
4403 0
4404 2
4405 3
4406 2
4407 1
4408 4
4409 1
4410 3
4411 1
4412 3
4413 1
4414 0
4415 4
4416 3
4417 3
4418 3
4419 3
4420 3
4421 0
4422 2
4423 2
4424 1
4425 0
4426 5
4427 1
4428 1
4429 3
4430 2
4431 0
4432 2
4433 5
4434 1
4435 3
4436 0
4437 3
4438 5
4439 1
4440 2
4441 0
4442 3
4443 3
4444 2
4445 2
4446 4
4447 2
4448 3
4449 2
4450 5
4451 1
4452 1
4453 1
4454 0
4455 2
4456 0
4457 2
4458 4
4459 4
4460 3
4461 4
4462 1
4463 6
4464 4
4465 2
4466 4
4467 1
4468 1
4469 1
4470 1
4471 2
4472 5
4473 3
4474 3
4475 1
4476 1
4477 2
4478 2
4479 1
4480 2
4481 2
4482 4
4483 4
4484 3
4485 1
4486 3
4487 2
4488 3
4489 3
4490 0
4491 0
4492 3
4493 4
4494 5
4495 2
4496 4
4497 2
4498 6
4499 3
4500 7
4501 5
4502 2
4503 2
4504 1
4505 2
4506 3
4507 1
4508 4
4509 5
4510 4
4511 2
4512 2
4513 1
4514 4
4515 1
4516 1
4517 1
4518 3
4519 2
4520 2
4521 3
4522 3
4523 3
4524 3
4525 4
4526 1
4527 1
4528 3
4529 1
4530 2
4531 2
4532 0
4533 1
4534 4
4535 4
4536 4
4537 1
4538 0
4539 5
4540 3
4541 4
4542 2
4543 1
4544 5
4545 4
4546 1
4547 2
4548 2
4549 6
4550 1
4551 2
4552 2
4553 1
4554 5
4555 2
4556 5
4557 3
4558 1
4559 3
4560 2
4561 4
4562 2
4563 3
4564 3
4565 5
4566 4
4567 2
4568 5
4569 1
4570 3
4571 3
4572 4
4573 2
4574 0
4575 2
4576 1
4577 3
4578 1
4579 3
4580 4
4581 1
4582 4
4583 1
4584 3
4585 1
4586 1
4587 2
4588 4
4589 1
4590 2
4591 3
4592 5
4593 2
4594 1
4595 2
4596 3
4597 1
4598 0
4599 3
4600 5
4601 2
4602 3
4603 1
4604 2
4605 0
4606 5
4607 0
4608 0
4609 5
4610 4
4611 1
4612 3
4613 3
4614 1
4615 3
4616 3
4617 3
4618 3
4619 4
4620 0
4621 4
4622 0
4623 2
4624 1
4625 4
4626 3
4627 5
4628 1
4629 6
4630 2
4631 4
4632 1
4633 1
4634 5
4635 2
4636 0
4637 3
4638 2
4639 3
4640 2
4641 1
4642 2
4643 3
4644 1
4645 4
4646 2
4647 3
4648 5
4649 1
4650 1
4651 6
4652 2
4653 3
4654 1
4655 1
4656 4
4657 3
4658 4
4659 3
4660 3
4661 1
4662 5
4663 2
4664 6
4665 3
4666 4
4667 1
4668 0
4669 4
4670 0
4671 4
4672 1
4673 4
4674 1
4675 0
4676 2
4677 4
4678 0
4679 4
4680 4
4681 4
4682 0
4683 2
4684 1
4685 1
4686 0
4687 4
4688 2
4689 1
4690 3
4691 1
4692 1
4693 3
4694 2
4695 2
4696 2
4697 7
4698 4
4699 2
4700 4
4701 7
4702 1
4703 3
4704 1
4705 1
4706 2
4707 4
4708 4
4709 3
4710 3
4711 1
4712 1
4713 1
4714 4
4715 2
4716 2
4717 1
4718 1
4719 2
4720 5
4721 0
4722 6
4723 1
4724 2
4725 1
4726 3
4727 2
4728 2
4729 2
4730 2
4731 4
4732 2
4733 1
4734 1
4735 2
4736 2
4737 2
4738 0
4739 2
4740 2
4741 0
4742 1
4743 0
4744 1
4745 1
4746 7
4747 1
4748 1
4749 1
4750 2
4751 5
4752 4
4753 2
4754 1
4755 0
4756 2
4757 2
4758 2
4759 6
4760 2
4761 2
4762 3
4763 4
4764 2
4765 2
4766 4
4767 3
4768 3
4769 6
4770 1
4771 1
4772 3
4773 1
4774 1
4775 1
4776 2
4777 1
4778 0
4779 1
4780 2
4781 1
4782 2
4783 0
4784 2
4785 2
4786 1
4787 4
4788 6
4789 2
4790 5
4791 0
4792 0
4793 2
4794 2
4795 7
4796 4
4797 2
4798 2
4799 2
4800 2
4801 2
4802 5
4803 0
4804 3
4805 2
4806 2
4807 1
4808 6
4809 2
4810 1
4811 1
4812 3
4813 4
4814 3
4815 2
4816 1
4817 2
4818 5
4819 3
4820 2
4821 2
4822 1
4823 2
4824 3
4825 3
4826 6
4827 3
4828 1
4829 3
4830 3
4831 4
4832 5
4833 0
4834 2
4835 5
4836 1
4837 2
4838 1
4839 2
4840 6
4841 4
4842 1
4843 2
4844 1
4845 2
4846 4
4847 3
4848 4
4849 0
4850 3
4851 2
4852 3
4853 0
4854 2
4855 1
4856 2
4857 2
4858 5
4859 1
4860 2
4861 2
4862 3
4863 1
4864 4
4865 0
4866 0
4867 2
4868 3
4869 1
4870 0
4871 5
4872 3
4873 4
4874 3
4875 1
4876 3
4877 2
4878 4
4879 4
4880 3
4881 4
4882 0
4883 0
4884 3
4885 5
4886 1
4887 4
4888 3
4889 2
4890 1
4891 0
4892 2
4893 1
4894 4
4895 3
4896 5
4897 5
4898 3
4899 6
4900 2
4901 5
4902 5
4903 3
4904 3
4905 3
4906 1
4907 0
4908 3
4909 4
4910 1
4911 2
4912 0
4913 2
4914 0
4915 2
4916 2
4917 6
4918 4
4919 3
4920 3
4921 4
4922 2
4923 0
4924 1
4925 2
4926 3
4927 1
4928 4
4929 4
4930 2
4931 2
4932 3
4933 1
4934 1
4935 4
4936 7
4937 2
4938 0
4939 1
4940 2
4941 4
4942 3
4943 3
4944 2
4945 2
4946 1
4947 4
4948 2
4949 4
4950 1
4951 1
4952 2
4953 2
4954 1
4955 5
4956 1
4957 1
4958 8
4959 0
4960 2
4961 1
4962 1
4963 4
4964 1
4965 5
4966 4
4967 5
4968 1
4969 3
4970 1
4971 3
4972 3
4973 2
4974 0
4975 4
4976 2
4977 3
4978 1
4979 3
4980 3
4981 2
4982 0
4983 1
4984 4
4985 2
4986 4
4987 0
4988 1
4989 4
4990 2
4991 5
4992 7
4993 3
4994 3
4995 3
4996 3
4997 3
4998 2
4999 1
5000 3
5001 2
5002 3
5003 2
5004 2
5005 3
5006 5
5007 0
5008 2
5009 3
5010 2
5011 2
5012 2
5013 4
5014 1
5015 9
5016 3
5017 2
5018 3
5019 1
5020 3
5021 1
5022 4
5023 0
5024 7
5025 1
5026 3
5027 2
5028 0
5029 2
5030 2
5031 3
5032 2
5033 2
5034 1
5035 1
5036 5
5037 1
5038 1
5039 1
5040 1
5041 0
5042 2
5043 4
5044 1
5045 2
5046 4
5047 3
5048 1
5049 2
5050 2
5051 4
5052 2
5053 0
5054 3
5055 2
5056 1
5057 1
5058 0
5059 0
5060 1
5061 4
5062 1
5063 4
5064 3
5065 1
5066 2
5067 1
5068 3
5069 2
5070 3
5071 1
5072 1
5073 1
5074 1
5075 4
5076 0
5077 2
5078 4
5079 2
5080 0
5081 1
5082 6
5083 2
5084 1
5085 3
5086 4
5087 5
5088 1
5089 4
5090 0
5091 2
5092 2
5093 1
5094 2
5095 2
5096 4
5097 2
5098 1
5099 1
5100 0
5101 0
5102 0
5103 2
5104 2
5105 3
5106 1
5107 3
5108 1
5109 4
5110 1
5111 0
5112 3
5113 3
5114 1
5115 0
5116 3
5117 3
5118 2
5119 4
5120 3
5121 1
5122 5
5123 2
5124 3
5125 1
5126 1
5127 2
5128 2
5129 1
5130 1
5131 2
5132 1
5133 4
5134 2
5135 1
5136 0
5137 2
5138 5
5139 2
5140 0
5141 0
5142 3
5143 1
5144 3
5145 0
5146 1
5147 1
5148 3
5149 2
5150 3
5151 3
5152 4
5153 5
5154 4
5155 3
5156 1
5157 1
5158 1
5159 2
5160 1
5161 3
5162 2
5163 0
5164 2
5165 1
5166 3
5167 3
5168 2
5169 3
5170 2
5171 3
5172 2
5173 3
5174 1
5175 3
5176 1
5177 2
5178 0
5179 1
5180 2
5181 1
5182 6
5183 1
5184 1
5185 6
5186 2
5187 2
5188 1
5189 1
5190 4
5191 2
5192 4
5193 3
5194 1
5195 3
5196 4
5197 4
5198 1
5199 1
5200 2
5201 1
5202 5
5203 1
5204 0
5205 1
5206 2
5207 0
5208 2
5209 3
5210 1
5211 3
5212 2
5213 1
5214 1
5215 1
5216 1
5217 0
5218 3
5219 1
5220 3
5221 2
5222 4
5223 0
5224 4
5225 2
5226 1
5227 5
5228 2
5229 1
5230 1
5231 3
5232 1
5233 1
5234 3
5235 4
5236 1
5237 0
5238 0
5239 3
5240 2
5241 2
5242 2
5243 2
5244 4
5245 2
5246 2
5247 1
5248 3
5249 2
5250 5
5251 3
5252 2
5253 4
5254 6
5255 0
5256 0
5257 4
5258 1
5259 1
5260 1
5261 2
5262 4
5263 1
5264 1
5265 5
5266 1
5267 1
5268 5
5269 1
5270 3
5271 2
5272 2
5273 1
5274 2
5275 4
5276 2
5277 2
5278 2
5279 1
5280 1
5281 2
5282 0
5283 0
5284 0
5285 2
5286 0
5287 1
5288 0
5289 2
5290 5
5291 1
5292 2
5293 2
5294 0
5295 1
5296 0
5297 1
5298 1
5299 2
5300 2
5301 1
5302 2
5303 1
5304 3
5305 2
5306 1
5307 1
5308 0
5309 1
5310 0
5311 1
5312 1
5313 2
5314 2
5315 4
5316 3
5317 1
5318 0
5319 1
5320 2
5321 2
5322 1
5323 0
5324 0
5325 5
5326 1
5327 3
5328 0
5329 0
5330 3
5331 1
5332 1
5333 3
5334 1
5335 1
5336 1
5337 0
5338 2
5339 2
5340 1
5341 2
5342 4
5343 0
5344 2
5345 0
5346 2
5347 1
5348 0
5349 0
5350 1
5351 3
5352 1
5353 1
5354 1
5355 2
5356 2
5357 3
5358 0
5359 2
5360 3
5361 1
5362 2
5363 0
5364 2
5365 2
5366 1
5367 2
5368 3
5369 2
5370 2
5371 0
5372 2
5373 2
5374 1
5375 1
5376 0
5377 0
5378 1
5379 0
5380 1
5381 2
5382 3
5383 1
5384 0
5385 3
5386 0
5387 4
5388 0
5389 1
5390 1
5391 4
5392 0
5393 2
5394 0
5395 2
5396 3
5397 5
5398 1
5399 3
5400 0
5401 1
5402 1
5403 2
5404 1
5405 1
5406 3
5407 0
5408 4
5409 2
5410 1
5411 2
5412 3
5413 2
5414 1
5415 3
5416 1
5417 1
5418 3
5419 1
5420 4
5421 1
5422 4
5423 0
5424 0
5425 1
5426 1
5427 1
5428 2
5429 1
5430 4
5431 4
5432 3
5433 2
5434 3
5435 4
5436 2
5437 4
5438 2
5439 1
5440 1
5441 1
5442 1
5443 1
5444 1
5445 0
5446 0
5447 1
5448 4
5449 3
5450 2
5451 1
5452 1
5453 2
5454 2
5455 1
5456 3
5457 1
5458 0
5459 2
5460 0
5461 1
5462 3
5463 1
5464 4
5465 1
5466 2
5467 0
5468 1
5469 0
5470 1
5471 2
5472 0
5473 0
5474 0
5475 1
5476 0
5477 3
5478 1
5479 0
5480 1
5481 2
5482 0
5483 1
5484 2
5485 3
5486 1
5487 1
5488 3
5489 2
5490 1
5491 1
5492 1
5493 2
5494 3
5495 1
5496 1
5497 1
5498 0
5499 1
5500 0
5501 3
5502 0
5503 1
5504 0
5505 1
5506 0
5507 1
5508 3
5509 4
5510 3
5511 5
5512 2
5513 2
5514 2
5515 5
5516 4
5517 2
5518 1
5519 1
5520 2
5521 2
5522 5
5523 1
5524 1
5525 0
5526 3
5527 4
5528 1
5529 0
5530 3
5531 1
5532 0
5533 0
5534 2
5535 1
5536 3
5537 1
5538 0
5539 1
5540 1
5541 1
5542 3
5543 2
5544 0
5545 2
5546 0
5547 0
5548 1
5549 2
5550 4
5551 1
5552 0
5553 0
5554 0
5555 1
5556 0
5557 5
5558 2
5559 0
5560 4
5561 1
5562 0
5563 1
5564 2
5565 1
5566 0
5567 0
5568 1
5569 3
5570 0
5571 2
5572 2
5573 3
5574 2
5575 1
5576 3
5577 0
5578 1
5579 1
5580 0
5581 2
5582 5
5583 1
5584 4
5585 2
5586 4
5587 0
5588 1
5589 3
5590 5
5591 1
5592 1
5593 2
5594 3
5595 2
5596 0
5597 2
5598 2
5599 2
5600 0
5601 2
5602 2
5603 1
5604 3
5605 0
5606 1
5607 1
5608 3
5609 0
5610 2
5611 1
5612 1
5613 0
5614 1
5615 0
5616 2
5617 0
5618 4
5619 1
5620 1
5621 1
5622 2
5623 1
5624 0
5625 0
5626 2
5627 1
5628 1
5629 3
5630 1
5631 5
5632 3
5633 2
5634 1
5635 1
5636 0
5637 1
5638 2
5639 3
5640 2
5641 2
5642 1
5643 2
5644 3
5645 2
5646 2
5647 2
5648 2
5649 0
5650 1
5651 4
5652 2
5653 0
5654 0
5655 3
5656 2
5657 4
5658 0
5659 5
5660 0
5661 1
5662 4
5663 1
5664 1
5665 1
5666 2
5667 1
5668 3
5669 1
5670 1
5671 2
5672 0
5673 0
5674 1
5675 2
5676 0
5677 1
5678 2
5679 2
5680 2
5681 4
5682 5
5683 1
5684 2
5685 1
5686 1
5687 1
5688 4
5689 1
5690 1
5691 1
5692 3
5693 0
5694 1
5695 4
5696 4
5697 3
5698 0
5699 1
5700 0
5701 1
5702 1
5703 2
5704 2
5705 1
5706 0
5707 3
5708 3
5709 1
5710 0
5711 1
5712 1
5713 1
5714 5
5715 2
5716 1
5717 1
5718 2
5719 3
5720 0
5721 2
5722 1
5723 1
5724 5
5725 2
5726 0
5727 1
5728 0
5729 3
5730 3
5731 0
5732 3
5733 2
5734 1
5735 2
5736 0
5737 1
5738 1
5739 3
5740 2
5741 2
5742 0
5743 3
5744 2
5745 3
5746 1
5747 5
5748 4
5749 3
5750 0
5751 2
5752 0
5753 2
5754 1
5755 1
5756 4
5757 3
5758 0
5759 3
5760 2
5761 0
5762 4
5763 0
5764 2
5765 1
5766 4
5767 1
5768 1
5769 1
5770 2
5771 1
5772 0
5773 2
5774 2
5775 2
5776 1
5777 0
5778 1
5779 1
5780 2
5781 0
5782 3
5783 0
5784 2
5785 1
5786 0
5787 0
5788 0
5789 2
5790 1
5791 0
5792 1
5793 0
5794 1
5795 2
5796 2
5797 1
5798 2
5799 3
5800 2
5801 2
5802 1
5803 2
5804 0
5805 0
5806 1
5807 1
5808 3
5809 0
5810 2
5811 1
5812 1
5813 2
5814 0
5815 1
5816 3
5817 0
5818 1
5819 1
5820 2
5821 1
5822 0
5823 3
5824 0
5825 2
5826 0
5827 2
5828 1
5829 1
5830 4
5831 1
5832 3
5833 0
5834 0
5835 0
5836 0
5837 2
5838 2
5839 3
5840 0
5841 0
5842 1
5843 1
5844 0
5845 1
5846 0
5847 0
5848 1
5849 0
5850 2
5851 3
5852 2
5853 1
5854 2
5855 1
5856 0
5857 0
5858 0
5859 1
5860 1
5861 0
5862 1
5863 1
5864 3
5865 1
5866 2
5867 2
5868 1
5869 1
5870 0
5871 0
5872 1
5873 3
5874 1
5875 7
5876 1
5877 0
5878 0
5879 2
5880 0
5881 3
5882 2
5883 2
5884 0
5885 5
5886 0
5887 0
5888 3
5889 2
5890 2
5891 1
5892 3
5893 1
5894 0
5895 4
5896 3
5897 3
5898 0
5899 1
5900 1
5901 0
5902 1
5903 1
5904 1
5905 1
5906 0
5907 1
5908 1
5909 1
5910 0
5911 1
5912 1
5913 2
5914 4
5915 2
5916 3
5917 0
5918 2
5919 2
5920 2
5921 3
5922 2
5923 1
5924 2
5925 1
5926 0
5927 2
5928 2
5929 2
5930 1
5931 2
5932 1
5933 2
5934 0
5935 0
5936 4
5937 1
5938 1
5939 1
5940 1
5941 4
5942 1
5943 2
5944 1
5945 4
5946 2
5947 2
5948 0
5949 3
5950 2
5951 0
5952 2
5953 2
5954 0
5955 0
5956 0
5957 3
5958 1
5959 1
5960 3
5961 0
5962 5
5963 1
5964 1
5965 0
5966 0
5967 1
5968 1
5969 1
5970 1
5971 0
5972 2
5973 1
5974 0
5975 2
5976 2
5977 2
5978 2
5979 0
5980 0
5981 3
5982 0
5983 2
5984 1
5985 1
5986 3
5987 5
5988 2
5989 2
5990 1
5991 2
5992 0
5993 3
5994 1
5995 1
5996 1
5997 1
5998 0
5999 1
6000 1
6001 2
6002 3
6003 1
6004 0
6005 0
6006 4
6007 3
6008 2
6009 0
6010 3
6011 4
6012 1
6013 1
6014 2
6015 2
6016 1
6017 3
6018 2
6019 2
6020 1
6021 0
6022 1
6023 2
6024 1
6025 0
6026 0
6027 2
6028 1
6029 6
6030 3
6031 0
6032 2
6033 2
6034 1
6035 3
6036 1
6037 2
6038 0
6039 0
6040 1
6041 0
6042 2
6043 3
6044 2
6045 1
6046 2
6047 4
6048 1
6049 3
6050 5
6051 1
6052 0
6053 0
6054 1
6055 2
6056 1
6057 4
6058 1
6059 1
6060 4
6061 1
6062 4
6063 3
6064 1
6065 1
6066 6
6067 1
6068 3
6069 1
6070 1
6071 3
6072 2
6073 0
6074 4
6075 1
6076 3
6077 4
6078 1
6079 0
6080 2
6081 3
6082 0
6083 3
6084 5
6085 0
6086 1
6087 2
6088 1
6089 1
6090 3
6091 0
6092 2
6093 3
6094 1
6095 0
6096 2
6097 3
6098 1
6099 4
6100 2
6101 6
6102 2
6103 2
6104 2
6105 0
6106 1
6107 2
6108 1
6109 5
6110 1
6111 1
6112 4
6113 3
6114 2
6115 1
6116 2
6117 1
6118 2
6119 1
6120 3
6121 2
6122 1
6123 1
6124 2
6125 3
6126 0
6127 1
6128 2
6129 1
6130 3
6131 2
6132 1
6133 3
6134 0
6135 4
6136 2
6137 1
6138 1
6139 1
6140 1
6141 1
6142 1
6143 2
6144 2
6145 1
6146 2
6147 2
6148 2
6149 1
6150 2
6151 2
6152 3
6153 0
6154 3
6155 3
6156 1
6157 2
6158 0
6159 0
6160 4
6161 3
6162 3
6163 2
6164 1
6165 3
6166 1
6167 0
6168 0
6169 1
6170 1
6171 1
6172 2
6173 1
6174 1
6175 0
6176 1
6177 0
6178 1
6179 5
6180 5
6181 1
6182 2
6183 1
6184 3
6185 2
6186 2
6187 2
6188 2
6189 0
6190 0
6191 1
6192 7
6193 0
6194 0
6195 2
6196 3
6197 2
6198 2
6199 1
6200 3
6201 4
6202 2
6203 3
6204 1
6205 4
6206 0
6207 3
6208 3
6209 3
6210 0
6211 1
6212 2
6213 1
6214 3
6215 1
6216 3
6217 4
6218 0
6219 0
6220 2
6221 1
6222 1
6223 2
6224 2
6225 1
6226 0
6227 2
6228 0
6229 1
6230 2
6231 1
6232 1
6233 1
6234 1
6235 0
6236 0
6237 2
6238 0
6239 1
6240 0
6241 1
6242 2
6243 0
6244 1
6245 0
6246 2
6247 0
6248 1
6249 1
6250 0
6251 2
6252 0
6253 0
6254 2
6255 2
6256 2
6257 1
6258 1
6259 3
6260 3
6261 0
6262 1
6263 0
6264 0
6265 2
6266 1
6267 1
6268 2
6269 2
6270 1
6271 0
6272 1
6273 1
6274 3
6275 1
6276 4
6277 1
6278 5
6279 2
6280 2
6281 0
6282 0
6283 1
6284 0
6285 1
6286 4
6287 0
6288 3
6289 3
6290 1
6291 2
6292 2
6293 2
6294 0
6295 1
6296 2
6297 0
6298 2
6299 1
6300 0
6301 0
6302 1
6303 1
6304 1
6305 1
6306 1
6307 0
6308 2
6309 1
6310 1
6311 2
6312 1
6313 0
6314 1
6315 2
6316 1
6317 2
6318 0
6319 3
6320 3
6321 0
6322 2
6323 2
6324 2
6325 3
6326 3
6327 3
6328 5
6329 2
6330 0
6331 1
6332 5
6333 2
6334 3
6335 3
6336 1
6337 0
6338 1
6339 0
6340 1
6341 0
6342 3
6343 2
6344 3
6345 2
6346 1
6347 1
6348 0
6349 0
6350 2
6351 0
6352 1
6353 1
6354 2
6355 3
6356 2
6357 1
6358 1
6359 0
6360 1
6361 1
6362 1
6363 0
6364 0
6365 1
6366 1
6367 2
6368 3
6369 4
6370 2
6371 0
6372 1
6373 3
6374 0
6375 0
6376 1
6377 2
6378 1
6379 0
6380 2
6381 1
6382 4
6383 2
6384 0
6385 0
6386 1
6387 0
6388 0
6389 1
6390 0
6391 0
6392 1
6393 2
6394 0
6395 1
6396 2
6397 2
6398 1
6399 1
6400 1
6401 4
6402 2
6403 1
6404 1
6405 3
6406 0
6407 2
6408 0
6409 0
6410 1
6411 2
6412 2
6413 2
6414 2
6415 4
6416 0
6417 3
6418 1
6419 0
6420 2
6421 2
6422 0
6423 0
6424 4
6425 0
6426 1
6427 2
6428 2
6429 1
6430 1
6431 0
6432 0
6433 2
6434 1
6435 1
6436 0
6437 2
6438 4
6439 1
6440 0
6441 3
6442 1
6443 1
6444 1
6445 1
6446 1
6447 2
6448 2
6449 0
6450 0
6451 0
6452 2
6453 2
6454 0
6455 2
6456 2
6457 3
6458 0
6459 1
6460 0
6461 0
6462 0
6463 2
6464 0
6465 1
6466 0
6467 2
6468 0
6469 2
6470 0
6471 1
6472 1
6473 2
6474 3
6475 3
6476 1
6477 2
6478 2
6479 3
6480 0
6481 3
6482 1
6483 2
6484 1
6485 0
6486 0
6487 1
6488 2
6489 1
6490 1
6491 2
6492 0
6493 1
6494 2
6495 5
6496 0
6497 0
6498 1
6499 1
6500 0
6501 2
6502 2
6503 0
6504 2
6505 1
6506 1
6507 2
6508 0
6509 1
6510 0
6511 1
6512 3
6513 0
6514 1
6515 0
6516 2
6517 0
6518 1
6519 0
6520 1
6521 2
6522 3
6523 0
6524 2
6525 1
6526 0
6527 1
6528 2
6529 0
6530 1
6531 2
6532 0
6533 1
6534 0
6535 0
6536 2
6537 0
6538 1
6539 4
6540 0
6541 1
6542 1
6543 5
6544 0
6545 1
6546 1
6547 0
6548 0
6549 0
6550 1
6551 2
6552 3
6553 1
6554 1
6555 2
6556 1
6557 2
6558 1
6559 2
6560 1
6561 1
6562 1
6563 1
6564 1
6565 0
6566 2
6567 0
6568 0
6569 3
6570 0
6571 1
6572 0
6573 2
6574 2
6575 1
6576 2
6577 1
6578 0
6579 1
6580 1
6581 1
6582 1
6583 0
6584 3
6585 0
6586 1
6587 1
6588 1
6589 4
6590 0
6591 1
6592 0
6593 2
6594 1
6595 1
6596 2
6597 2
6598 1
6599 2
6600 1
6601 6
6602 0
6603 0
6604 0
6605 0
6606 1
6607 1
6608 2
6609 2
6610 1
6611 2
6612 0
6613 0
6614 0
6615 0
6616 3
6617 3
6618 1
6619 1
6620 0
6621 3
6622 0
6623 1
6624 2
6625 0
6626 2
6627 0
6628 1
6629 3
6630 3
6631 0
6632 1
6633 2
6634 2
6635 0
6636 2
6637 0
6638 1
6639 1
6640 2
6641 0
6642 0
6643 0
6644 1
6645 0
6646 0
6647 1
6648 0
6649 2
6650 0
6651 2
6652 2
6653 2
6654 1
6655 0
6656 1
6657 0
6658 3
6659 1
6660 2
6661 0
6662 0
6663 2
6664 2
6665 1
6666 1
6667 0
6668 1
6669 3
6670 2
6671 5
6672 2
6673 2
6674 1
6675 4
6676 1
6677 0
6678 2
6679 3
6680 0
6681 1
6682 1
6683 3
6684 1
6685 1
6686 0
6687 2
6688 1
6689 1
6690 0
6691 1
6692 1
6693 0
6694 1
6695 2
6696 1
6697 2
6698 0
6699 1
6700 2
6701 0
6702 2
6703 0
6704 1
6705 1
6706 1
6707 0
6708 0
6709 1
6710 1
6711 2
6712 0
6713 1
6714 1
6715 2
6716 2
6717 2
6718 1
6719 0
6720 1
6721 0
6722 4
6723 2
6724 1
6725 1
6726 0
6727 2
6728 1
6729 1
6730 2
6731 3
6732 2
6733 0
6734 1
6735 0
6736 0
6737 1
6738 1
6739 1
6740 2
6741 1
6742 1
6743 0
6744 3
6745 1
6746 0
6747 3
6748 0
6749 1
6750 4
6751 0
6752 0
6753 3
6754 3
6755 1
6756 1
6757 3
6758 4
6759 1
6760 2
6761 2
6762 2
6763 2
6764 1
6765 1
6766 0
6767 1
6768 1
6769 1
6770 0
6771 0
6772 0
6773 1
6774 1
6775 1
6776 1
6777 2
6778 2
6779 3
6780 0
6781 2
6782 0
6783 0
6784 0
6785 0
6786 3
6787 3
6788 0
6789 0
6790 0
6791 2
6792 0
6793 0
6794 2
6795 1
6796 1
6797 0
6798 2
6799 0
6800 1
6801 2
6802 3
6803 2
6804 1
6805 0
6806 2
6807 2
6808 0
6809 1
6810 1
6811 1
6812 4
6813 1
6814 0
6815 1
6816 2
6817 3
6818 3
6819 2
6820 2
6821 0
6822 0
6823 1
6824 0
6825 2
6826 1
6827 2
6828 2
6829 0
6830 0
6831 3
6832 0
6833 0
6834 1
6835 1
6836 1
6837 0
6838 0
6839 0
6840 0
6841 1
6842 1
6843 2
6844 0
6845 1
6846 0
6847 2
6848 1
6849 1
6850 1
6851 2
6852 0
6853 2
6854 0
6855 1
6856 0
6857 3
6858 1
6859 1
6860 3
6861 2
6862 0
6863 0
6864 0
6865 2
6866 0
6867 0
6868 1
6869 1
6870 1
6871 0
6872 1
6873 1
6874 0
6875 3
6876 0
6877 0
6878 0
6879 1
6880 1
6881 0
6882 0
6883 0
6884 1
6885 0
6886 2
6887 0
6888 0
6889 0
6890 0
6891 0
6892 2
6893 1
6894 0
6895 0
6896 0
6897 1
6898 1
6899 1
6900 3
6901 1
6902 1
6903 0
6904 1
6905 0
6906 0
6907 3
6908 2
6909 2
6910 0
6911 0
6912 2
6913 2
6914 0
6915 1
6916 1
6917 0
6918 0
6919 2
6920 1
6921 1
6922 1
6923 2
6924 0
6925 2
6926 3
6927 1
6928 2
6929 2
6930 0
6931 0
6932 2
6933 0
6934 1
6935 1
6936 3
6937 0
6938 0
6939 0
6940 0
6941 1
6942 1
6943 0
6944 3
6945 1
6946 2
6947 0
6948 1
6949 0
6950 2
6951 2
6952 1
6953 3
6954 2
6955 2
6956 1
6957 3
6958 1
6959 2
6960 2
6961 1
6962 3
6963 2
6964 2
6965 1
6966 0
6967 2
6968 1
6969 2
6970 2
6971 2
6972 1
6973 1
6974 1
6975 0
6976 1
6977 1
6978 3
6979 0
6980 0
6981 1
6982 3
6983 4
6984 0
6985 1
6986 1
6987 0
6988 0
6989 2
6990 3
6991 2
6992 0
6993 0
6994 3
6995 2
6996 1
6997 1
6998 0
6999 2
7000 1
7001 0
7002 2
7003 1
7004 3
7005 3
7006 0
7007 1
7008 0
7009 0
7010 0
7011 4
7012 0
7013 2
7014 1
7015 1
7016 1
7017 1
7018 0
7019 0
7020 0
7021 1
7022 1
7023 1
7024 0
7025 4
7026 2
7027 0
7028 0
7029 0
7030 0
7031 2
7032 1
7033 1
7034 0
7035 3
7036 2
7037 2
7038 1
7039 5
7040 0
7041 1
7042 1
7043 1
7044 2
7045 1
7046 0
7047 2
7048 2
7049 2
7050 2
7051 3
7052 2
7053 2
7054 2
7055 1
7056 2
7057 3
7058 2
7059 1
7060 1
7061 5
7062 3
7063 0
7064 2
7065 0
7066 2
7067 2
7068 1
7069 1
7070 0
7071 2
7072 2
7073 2
7074 1
7075 4
7076 1
7077 2
7078 2
7079 3
7080 1
7081 0
7082 5
7083 0
7084 1
7085 3
7086 1
7087 3
7088 2
7089 0
7090 1
7091 1
7092 1
7093 0
7094 2
7095 2
7096 1
7097 0
7098 3
7099 1
7100 1
7101 0
7102 1
7103 2
7104 0
7105 1
7106 1
7107 1
7108 3
7109 2
7110 5
7111 2
7112 0
7113 1
7114 0
7115 0
7116 0
7117 2
7118 1
7119 2
7120 0
7121 2
7122 1
7123 1
7124 1
7125 1
7126 2
7127 0
7128 2
7129 2
7130 1
7131 3
7132 0
7133 0
7134 0
7135 2
7136 2
7137 0
7138 2
7139 0
7140 1
7141 3
7142 2
7143 2
7144 1
7145 1
7146 2
7147 0
7148 2
7149 3
7150 6
7151 2
7152 2
7153 3
7154 1
7155 2
7156 0
7157 3
7158 2
7159 2
7160 2
7161 0
7162 1
7163 0
7164 2
7165 1
7166 1
7167 1
7168 0
7169 2
7170 0
7171 2
7172 2
7173 0
7174 1
7175 1
7176 0
7177 1
7178 0
7179 2
7180 0
7181 4
7182 2
7183 1
7184 3
7185 0
7186 0
7187 1
7188 1
7189 1
7190 0
7191 1
7192 1
7193 0
7194 1
7195 0
7196 1
7197 1
7198 2
7199 0
7200 1
7201 1
7202 0
7203 2
7204 1
7205 2
7206 1
7207 2
7208 0
7209 3
7210 1
7211 3
7212 1
7213 0
7214 2
7215 3
7216 1
7217 2
7218 1
7219 2
7220 3
7221 1
7222 0
7223 0
7224 1
7225 0
7226 2
7227 0
7228 1
7229 2
7230 1
7231 0
7232 0
7233 0
7234 0
7235 2
7236 1
7237 1
7238 2
7239 1
7240 0
7241 1
7242 2
7243 1
7244 0
7245 2
7246 4
7247 1
7248 0
7249 3
7250 1
7251 1
7252 0
7253 2
7254 1
7255 0
7256 4
7257 1
7258 3
7259 0
7260 1
7261 1
7262 0
7263 1
7264 2
7265 0
7266 1
7267 1
7268 2
7269 2
7270 0
7271 3
7272 2
7273 0
7274 2
7275 0
7276 4
7277 3
7278 1
7279 1
7280 0
7281 1
7282 2
7283 0
7284 1
7285 1
7286 0
7287 1
7288 2
7289 0
7290 1
7291 0
7292 0
7293 1
7294 2
7295 3
7296 1
7297 4
7298 1
7299 0
7300 0
7301 0
7302 0
7303 1
7304 1
7305 1
7306 1
7307 2
7308 1
7309 2
7310 0
7311 2
7312 0
7313 1
7314 2
7315 0
7316 1
7317 1
7318 1
7319 0
7320 0
7321 0
7322 0
7323 0
7324 1
7325 2
7326 1
7327 0
7328 1
7329 2
7330 0
7331 2
7332 0
7333 0
7334 2
7335 0
7336 1
7337 0
7338 1
7339 1
7340 0
7341 1
7342 1
7343 0
7344 0
7345 0
7346 1
7347 0
7348 0
7349 1
7350 1
7351 1
7352 0
7353 0
7354 1
7355 2
7356 1
7357 2
7358 2
7359 2
7360 1
7361 1
7362 1
7363 0
7364 0
7365 0
7366 2
7367 1
7368 1
7369 0
7370 2
7371 0
7372 2
7373 1
7374 0
7375 2
7376 0
7377 0
7378 1
7379 0
7380 1
7381 3
7382 1
7383 0
7384 0
7385 1
7386 0
7387 4
7388 1
7389 1
7390 0
7391 1
7392 1
7393 1
7394 0
7395 1
7396 2
7397 2
7398 2
7399 1
7400 0
7401 1
7402 0
7403 2
7404 0
7405 0
7406 1
7407 1
7408 1
7409 1
7410 0
7411 1
7412 1
7413 0
7414 0
7415 1
7416 2
7417 1
7418 2
7419 1
7420 1
7421 0
7422 2
7423 1
7424 1
7425 1
7426 3
7427 0
7428 1
7429 0
7430 1
7431 3
7432 0
7433 3
7434 1
7435 1
7436 3
7437 1
7438 0
7439 3
7440 2
7441 1
7442 1
7443 0
7444 0
7445 1
7446 2
7447 0
7448 2
7449 0
7450 0
7451 1
7452 1
7453 2
7454 0
7455 0
7456 2
7457 0
7458 0
7459 4
7460 3
7461 1
7462 1
7463 0
7464 2
7465 1
7466 3
7467 0
7468 1
7469 0
7470 3
7471 0
7472 0
7473 3
7474 0
7475 3
7476 1
7477 0
7478 1
7479 1
7480 2
7481 0
7482 0
7483 0
7484 0
7485 1
7486 0
7487 0
7488 0
7489 1
7490 1
7491 1
7492 0
7493 0
7494 2
7495 1
7496 0
7497 3
7498 1
7499 0
7500 1
7501 0
7502 1
7503 1
7504 0
7505 1
7506 0
7507 0
7508 1
7509 1
7510 0
7511 1
7512 0
7513 1
7514 2
7515 0
7516 1
7517 1
7518 2
7519 2
7520 2
7521 3
7522 3
7523 1
7524 1
7525 2
7526 0
7527 1
7528 1
7529 0
7530 1
7531 0
7532 2
7533 3
7534 0
7535 2
7536 2
7537 0
7538 0
7539 1
7540 3
7541 0
7542 2
7543 0
7544 2
7545 0
7546 2
7547 1
7548 0
7549 2
7550 1
7551 2
7552 1
7553 1
7554 0
7555 3
7556 1
7557 2
7558 0
7559 0
7560 1
7561 1
7562 3
7563 0
7564 1
7565 2
7566 0
7567 1
7568 0
7569 2
7570 1
7571 3
7572 1
7573 1
7574 0
7575 0
7576 1
7577 1
7578 1
7579 2
7580 0
7581 2
7582 0
7583 2
7584 2
7585 2
7586 1
7587 1
7588 0
7589 2
7590 0
7591 1
7592 2
7593 0
7594 2
7595 0
7596 1
7597 0
7598 0
7599 1
7600 0
7601 2
7602 0
7603 1
7604 3
7605 1
7606 0
7607 1
7608 2
7609 0
7610 0
7611 4
7612 1
7613 1
7614 2
7615 1
7616 1
7617 2
7618 0
7619 1
7620 1
7621 1
7622 2
7623 1
7624 3
7625 1
7626 2
7627 1
7628 0
7629 2
7630 0
7631 2
7632 2
7633 0
7634 1
7635 0
7636 2
7637 2
7638 2
7639 1
7640 1
7641 1
7642 0
7643 2
7644 1
7645 1
7646 2
7647 0
7648 2
7649 3
7650 0
7651 1
7652 0
7653 2
7654 0
7655 0
7656 3
7657 0
7658 0
7659 1
7660 2
7661 0
7662 0
7663 0
7664 1
7665 1
7666 2
7667 1
7668 1
7669 1
7670 0
7671 1
7672 1
7673 0
7674 1
7675 1
7676 0
7677 1
7678 1
7679 1
7680 3
7681 0
7682 0
7683 1
7684 0
7685 2
7686 0
7687 2
7688 0
7689 1
7690 1
7691 1
7692 0
7693 3
7694 1
7695 1
7696 0
7697 4
7698 0
7699 1
7700 0
7701 1
7702 2
7703 0
7704 0
7705 1
7706 1
7707 1
7708 1
7709 0
7710 0
7711 2
7712 0
7713 2
7714 0
7715 0
7716 0
7717 0
7718 1
7719 0
7720 2
7721 2
7722 1
7723 4
7724 0
7725 1
7726 3
7727 0
7728 2
7729 0
7730 0
7731 1
7732 3
7733 0
7734 0
7735 2
7736 3
7737 0
7738 2
7739 0
7740 1
7741 1
7742 1
7743 1
7744 1
7745 1
7746 0
7747 1
7748 0
7749 2
7750 0
7751 0
7752 1
7753 3
7754 2
7755 0
7756 0
7757 1
7758 1
7759 0
7760 0
7761 1
7762 0
7763 0
7764 0
7765 2
7766 0
7767 0
7768 1
7769 2
7770 2
7771 1
7772 0
7773 2
7774 1
7775 2
7776 3
7777 0
7778 0
7779 0
7780 3
7781 0
7782 0
7783 0
7784 1
7785 0
7786 0
7787 0
7788 0
7789 1
7790 1
7791 0
7792 0
7793 0
7794 0
7795 1
7796 0
7797 1
7798 1
7799 0
7800 1
7801 1
7802 1
7803 1
7804 0
7805 0
7806 4
7807 0
7808 2
7809 1
7810 0
7811 2
7812 1
7813 1
7814 2
7815 1
7816 1
7817 1
7818 1
7819 2
7820 1
7821 0
7822 0
7823 2
7824 1
7825 0
7826 1
7827 1
7828 0
7829 2
7830 3
7831 2
7832 3
7833 1
7834 3
7835 1
7836 3
7837 2
7838 0
7839 1
7840 1
7841 1
7842 0
7843 4
7844 0
7845 3
7846 3
7847 1
7848 2
7849 1
7850 1
7851 0
7852 0
7853 0
7854 1
7855 0
7856 1
7857 0
7858 1
7859 1
7860 2
7861 2
7862 0
7863 0
7864 0
7865 0
7866 2
7867 2
7868 3
7869 1
7870 0
7871 0
7872 0
7873 1
7874 0
7875 0
7876 0
7877 0
7878 0
7879 0
7880 0
7881 0
7882 1
7883 0
7884 2
7885 0
7886 0
7887 2
7888 1
7889 2
7890 0
7891 2
7892 2
7893 1
7894 0
7895 2
7896 0
7897 0
7898 2
7899 1
7900 1
7901 1
7902 1
7903 1
7904 2
7905 0
7906 0
7907 2
7908 1
7909 1
7910 1
7911 0
7912 2
7913 0
7914 2
7915 0
7916 0
7917 2
7918 2
7919 1
7920 0
7921 1
7922 0
7923 1
7924 0
7925 1
7926 0
7927 0
7928 0
7929 1
7930 1
7931 2
7932 1
7933 0
7934 1
7935 1
7936 0
7937 1
7938 1
7939 0
7940 2
7941 0
7942 0
7943 3
7944 1
7945 0
7946 2
7947 2
7948 0
7949 2
7950 0
7951 0
7952 0
7953 0
7954 1
7955 1
7956 1
7957 0
7958 1
7959 0
7960 0
7961 1
7962 3
7963 1
7964 2
7965 1
7966 3
7967 1
7968 0
7969 1
7970 2
7971 1
7972 1
7973 0
7974 1
7975 2
7976 1
7977 2
7978 1
7979 1
7980 1
7981 1
7982 0
7983 0
7984 0
7985 3
7986 0
7987 1
7988 3
7989 0
7990 0
7991 3
7992 1
7993 1
7994 2
7995 2
7996 2
7997 0
7998 1
7999 0
8000 0
8001 2
8002 1
8003 1
8004 2
8005 1
8006 1
8007 0
8008 1
8009 1
8010 3
8011 0
8012 1
8013 2
8014 2
8015 1
8016 1
8017 1
8018 1
8019 1
8020 2
8021 0
8022 0
8023 0
8024 5
8025 0
8026 1
8027 1
8028 0
8029 1
8030 4
8031 4
8032 0
8033 0
8034 0
8035 0
8036 0
8037 1
8038 0
8039 0
8040 2
8041 0
8042 4
8043 0
8044 3
8045 0
8046 0
8047 0
8048 1
8049 0
8050 2
8051 0
8052 0
8053 1
8054 2
8055 0
8056 0
8057 0
8058 1
8059 0
8060 0
8061 2
8062 2
8063 1
8064 1
8065 1
8066 0
8067 0
8068 1
8069 0
8070 3
8071 1
8072 1
8073 1
8074 0
8075 0
8076 0
8077 1
8078 0
8079 0
8080 1
8081 0
8082 0
8083 3
8084 2
8085 1
8086 1
8087 0
8088 1
8089 2
8090 0
8091 0
8092 2
8093 3
8094 0
8095 0
8096 3
8097 0
8098 1
8099 1
8100 4
8101 0
8102 0
8103 0
8104 1
8105 0
8106 1
8107 0
8108 1
8109 0
8110 2
8111 0
8112 2
8113 0
8114 2
8115 1
8116 2
8117 1
8118 1
8119 1
8120 2
8121 1
8122 1
8123 1
8124 0
8125 1
8126 2
8127 3
8128 2
8129 1
8130 1
8131 0
8132 1
8133 3
8134 0
8135 3
8136 2
8137 4
8138 1
8139 1
8140 2
8141 3
8142 2
8143 0
8144 1
8145 1
8146 1
8147 0
8148 0
8149 1
8150 0
8151 1
8152 0
8153 1
8154 1
8155 1
8156 2
8157 1
8158 0
8159 1
8160 2
8161 0
8162 0
8163 1
8164 4
8165 0
8166 2
8167 1
8168 1
8169 0
8170 1
8171 1
8172 0
8173 0
8174 0
8175 0
8176 1
8177 1
8178 4
8179 0
8180 1
8181 2
8182 1
8183 1
8184 1
8185 1
8186 0
8187 3
8188 1
8189 4
8190 1
8191 1
8192 0
8193 2
8194 2
8195 2
8196 1
8197 1
8198 1
8199 3
8200 1
8201 5
8202 2
8203 1
8204 0
8205 1
8206 0
8207 2
8208 1
8209 1
8210 3
8211 1
8212 3
8213 0
8214 2
8215 0
8216 1
8217 0
8218 1
8219 0
8220 1
8221 2
8222 0
8223 1
8224 1
8225 2
8226 1
8227 0
8228 0
8229 0
8230 3
8231 1
8232 0
8233 1
8234 2
8235 1
8236 2
8237 1
8238 0
8239 0
8240 2
8241 1
8242 1
8243 0
8244 0
8245 1
8246 2
8247 0
8248 0
8249 0
8250 1
8251 2
8252 1
8253 1
8254 1
8255 1
8256 0
8257 1
8258 1
8259 1
8260 0
8261 1
8262 2
8263 3
8264 3
8265 0
8266 3
8267 0
8268 3
8269 1
8270 0
8271 1
8272 1
8273 3
8274 1
8275 2
8276 0
8277 0
8278 2
8279 1
8280 3
8281 5
8282 2
8283 1
8284 2
8285 1
8286 2
8287 0
8288 1
8289 0
8290 0
8291 0
8292 0
8293 3
8294 0
8295 1
8296 2
8297 2
8298 3
8299 0
8300 2
8301 1
8302 1
8303 2
8304 1
8305 1
8306 3
8307 2
8308 2
8309 3
8310 1
8311 0
8312 0
8313 1
8314 2
8315 2
8316 0
8317 4
8318 2
8319 4
8320 1
8321 0
8322 3
8323 0
8324 0
8325 2
8326 2
8327 0
8328 1
8329 0
8330 3
8331 0
8332 2
8333 1
8334 1
8335 3
8336 0
8337 1
8338 0
8339 1
8340 1
8341 1
8342 1
8343 1
8344 1
8345 2
8346 2
8347 2
8348 2
8349 1
8350 2
8351 1
8352 1
8353 1
8354 0
8355 1
8356 2
8357 0
8358 3
8359 3
8360 0
8361 0
8362 0
8363 2
8364 2
8365 2
8366 0
8367 1
8368 2
8369 0
8370 3
8371 0
8372 1
8373 2
8374 1
8375 1
8376 2
8377 0
8378 0
8379 2
8380 2
8381 1
8382 0
8383 3
8384 0
8385 2
8386 0
8387 0
8388 0
8389 0
8390 0
8391 1
8392 1
8393 2
8394 0
8395 0
8396 1
8397 2
8398 2
8399 0
8400 1
8401 0
8402 2
8403 1
8404 0
8405 0
8406 0
8407 1
8408 2
8409 1
8410 0
8411 0
8412 0
8413 1
8414 0
8415 1
8416 1
8417 1
8418 1
8419 2
8420 0
8421 2
8422 0
8423 1
8424 2
8425 1
8426 2
8427 0
8428 0
8429 2
8430 0
8431 0
8432 0
8433 1
8434 1
8435 0
8436 1
8437 1
8438 0
8439 0
8440 1
8441 3
8442 4
8443 4
8444 1
8445 0
8446 1
8447 2
8448 3
8449 0
8450 1
8451 1
8452 1
8453 1
8454 2
8455 0
8456 0
8457 0
8458 0
8459 0
8460 0
8461 2
8462 1
8463 2
8464 1
8465 2
8466 0
8467 1
8468 1
8469 5
8470 2
8471 0
8472 0
8473 1
8474 0
8475 0
8476 1
8477 2
8478 2
8479 2
8480 0
8481 1
8482 2
8483 2
8484 1
8485 0
8486 0
8487 0
8488 1
8489 3
8490 3
8491 1
8492 0
8493 0
8494 0
8495 0
8496 2
8497 1
8498 0
8499 4
8500 0
8501 1
8502 1
8503 0
8504 0
8505 1
8506 0
8507 2
8508 0
8509 1
8510 1
8511 1
8512 4
8513 1
8514 1
8515 1
8516 0
8517 3
8518 1
8519 0
8520 1
8521 0
8522 0
8523 0
8524 0
8525 0
8526 1
8527 0
8528 1
8529 1
8530 0
8531 3
8532 6
8533 0
8534 0
8535 0
8536 0
8537 2
8538 0
8539 2
8540 0
8541 0
8542 1
8543 1
8544 1
8545 1
8546 0
8547 0
8548 2
8549 1
8550 0
8551 0
8552 0
8553 0
8554 1
8555 1
8556 0
8557 0
8558 0
8559 1
8560 1
8561 4
8562 2
8563 2
8564 0
8565 1
8566 0
8567 0
8568 0
8569 0
8570 0
8571 2
8572 1
8573 1
8574 1
8575 1
8576 0
8577 3
8578 2
8579 0
8580 0
8581 1
8582 2
8583 1
8584 1
8585 0
8586 2
8587 3
8588 0
8589 0
8590 1
8591 0
8592 3
8593 1
8594 0
8595 1
8596 3
8597 1
8598 0
8599 3
8600 1
8601 1
8602 0
8603 0
8604 1
8605 1
8606 0
8607 2
8608 0
8609 1
8610 1
8611 2
8612 2
8613 0
8614 2
8615 2
8616 1
8617 1
8618 2
8619 2
8620 1
8621 1
8622 0
8623 0
8624 0
8625 2
8626 0
8627 3
8628 0
8629 1
8630 1
8631 0
8632 1
8633 0
8634 0
8635 2
8636 1
8637 3
8638 1
8639 0
8640 1
8641 1
8642 0
8643 0
8644 0
8645 0
8646 1
8647 1
8648 0
8649 1
8650 0
8651 0
8652 0
8653 2
8654 2
8655 0
8656 1
8657 1
8658 0
8659 0
8660 1
8661 1
8662 1
8663 2
8664 1
8665 0
8666 1
8667 2
8668 1
8669 1
8670 0
8671 1
8672 0
8673 0
8674 0
8675 0
8676 1
8677 1
8678 0
8679 1
8680 0
8681 3
8682 0
8683 0
8684 1
8685 1
8686 1
8687 0
8688 1
8689 2
8690 1
8691 0
8692 1
8693 1
8694 3
8695 0
8696 1
8697 2
8698 1
8699 0
8700 3
8701 0
8702 2
8703 1
8704 0
8705 2
8706 0
8707 0
8708 0
8709 0
8710 1
8711 0
8712 0
8713 0
8714 1
8715 0
8716 1
8717 0
8718 0
8719 1
8720 1
8721 1
8722 0
8723 0
8724 2
8725 1
8726 3
8727 0
8728 1
8729 3
8730 0
8731 2
8732 0
8733 0
8734 1
8735 2
8736 0
8737 1
8738 3
8739 4
8740 3
8741 1
8742 2
8743 0
8744 0
8745 1
8746 0
8747 2
8748 0
8749 0
8750 1
8751 2
8752 0
8753 0
8754 3
8755 0
8756 0
8757 0
8758 0
8759 0
8760 1
8761 0
8762 1
8763 0
8764 1
8765 0
8766 0
8767 0
8768 1
8769 0
8770 3
8771 0
8772 2
8773 0
8774 1
8775 1
8776 2
8777 0
8778 1
8779 3
8780 1
8781 1
8782 0
8783 1
8784 1
8785 0
8786 0
8787 0
8788 1
8789 0
8790 0
8791 1
8792 0
8793 0
8794 0
8795 2
8796 0
8797 1
8798 2
8799 1
8800 1
8801 0
8802 1
8803 0
8804 0
8805 0
8806 0
8807 1
8808 0
8809 1
8810 0
8811 1
8812 0
8813 1
8814 2
8815 0
8816 0
8817 2
8818 0
8819 0
8820 0
8821 1
8822 1
8823 1
8824 1
8825 1
8826 1
8827 0
8828 0
8829 0
8830 1
8831 0
8832 1
8833 0
8834 1
8835 2
8836 2
8837 1
8838 3
8839 0
8840 0
8841 3
8842 0
8843 1
8844 1
8845 0
8846 0
8847 0
8848 1
8849 1
8850 1
8851 0
8852 0
8853 1
8854 1
8855 0
8856 2
8857 1
8858 1
8859 1
8860 1
8861 0
8862 0
8863 0
8864 0
8865 0
8866 0
8867 1
8868 0
8869 2
8870 2
8871 1
8872 0
8873 0
8874 0
8875 1
8876 0
8877 3
8878 0
8879 1
8880 2
8881 0
8882 0
8883 0
8884 2
8885 0
8886 1
8887 1
8888 0
8889 1
8890 1
8891 2
8892 1
8893 1
8894 1
8895 1
8896 0
8897 1
8898 0
8899 0
8900 2
8901 0
8902 3
8903 1
8904 0
8905 1
8906 2
8907 1
8908 0
8909 1
8910 2
8911 1
8912 1
8913 1
8914 0
8915 0
8916 0
8917 1
8918 2
8919 0
8920 1
8921 0
8922 1
8923 1
8924 0
8925 0
8926 1
8927 1
8928 2
8929 0
8930 0
8931 1
8932 1
8933 2
8934 0
8935 1
8936 0
8937 0
8938 1
8939 1
8940 1
8941 2
8942 0
8943 2
8944 0
8945 0
8946 0
8947 1
8948 0
8949 1
8950 0
8951 1
8952 0
8953 0
8954 2
8955 1
8956 1
8957 1
8958 2
8959 1
8960 1
8961 1
8962 1
8963 0
8964 0
8965 1
8966 1
8967 0
8968 1
8969 1
8970 1
8971 1
8972 1
8973 3
8974 1
8975 0
8976 0
8977 0
8978 1
8979 6
8980 1
8981 2
8982 1
8983 1
8984 1
8985 2
8986 3
8987 2
8988 0
8989 2
8990 2
8991 2
8992 0
8993 0
8994 2
8995 1
8996 0
8997 1
8998 1
8999 2
9000 2
9001 0
9002 0
9003 0
9004 1
9005 1
9006 1
9007 1
9008 0
9009 2
9010 1
9011 1
9012 1
9013 0
9014 1
9015 1
9016 0
9017 0
9018 1
9019 1
9020 0
9021 0
9022 1
9023 0
9024 0
9025 0
9026 0
9027 0
9028 1
9029 2
9030 0
9031 0
9032 0
9033 2
9034 3
9035 0
9036 0
9037 1
9038 0
9039 1
9040 1
9041 1
9042 0
9043 2
9044 1
9045 1
9046 3
9047 0
9048 0
9049 1
9050 1
9051 0
9052 0
9053 0
9054 2
9055 2
9056 1
9057 0
9058 3
9059 1
9060 0
9061 0
9062 2
9063 2
9064 1
9065 3
9066 0
9067 2
9068 0
9069 2
9070 1
9071 0
9072 3
9073 1
9074 3
9075 2
9076 0
9077 0
9078 0
9079 1
9080 0
9081 0
9082 1
9083 0
9084 1
9085 0
9086 0
9087 1
9088 2
9089 0
9090 2
9091 1
9092 0
9093 1
9094 1
9095 0
9096 1
9097 2
9098 0
9099 0
9100 1
9101 0
9102 1
9103 1
9104 1
9105 1
9106 0
9107 0
9108 0
9109 0
9110 1
9111 0
9112 1
9113 1
9114 0
9115 1
9116 3
9117 0
9118 1
9119 0
9120 0
9121 0
9122 1
9123 1
9124 1
9125 2
9126 1
9127 1
9128 0
9129 1
9130 2
9131 1
9132 1
9133 0
9134 0
9135 0
9136 2
9137 3
9138 1
9139 1
9140 1
9141 1
9142 0
9143 0
9144 0
9145 0
9146 2
9147 0
9148 1
9149 0
9150 0
9151 1
9152 2
9153 2
9154 0
9155 0
9156 0
9157 2
9158 1
9159 1
9160 1
9161 1
9162 3
9163 1
9164 1
9165 0
9166 1
9167 1
9168 2
9169 3
9170 0
9171 0
9172 1
9173 2
9174 2
9175 0
9176 1
9177 0
9178 0
9179 0
9180 1
9181 0
9182 1
9183 0
9184 0
9185 0
9186 0
9187 0
9188 1
9189 0
9190 0
9191 0
9192 0
9193 0
9194 0
9195 1
9196 2
9197 1
9198 0
9199 2
9200 2
9201 0
9202 0
9203 1
9204 1
9205 2
9206 0
9207 0
9208 4
9209 1
9210 1
9211 3
9212 0
9213 0
9214 3
9215 2
9216 0
9217 0
9218 1
9219 1
9220 2
9221 0
9222 0
9223 0
9224 2
9225 2
9226 0
9227 1
9228 0
9229 0
9230 1
9231 1
9232 1
9233 2
9234 1
9235 0
9236 0
9237 2
9238 2
9239 0
9240 1
9241 2
9242 1
9243 2
9244 1
9245 0
9246 2
9247 2
9248 1
9249 0
9250 0
9251 1
9252 2
9253 1
9254 2
9255 0
9256 2
9257 0
9258 0
9259 0
9260 0
9261 1
9262 0
9263 2
9264 3
9265 2
9266 1
9267 2
9268 3
9269 0
9270 1
9271 0
9272 0
9273 3
9274 0
9275 3
9276 1
9277 2
9278 1
9279 2
9280 0
9281 1
9282 3
9283 2
9284 0
9285 1
9286 0
9287 1
9288 1
9289 0
9290 2
9291 1
9292 1
9293 2
9294 0
9295 1
9296 0
9297 1
9298 1
9299 1
9300 0
9301 1
9302 0
9303 2
9304 1
9305 0
9306 1
9307 2
9308 0
9309 4
9310 1
9311 3
9312 1
9313 0
9314 0
9315 2
9316 3
9317 2
9318 0
9319 1
9320 0
9321 0
9322 1
9323 2
9324 2
9325 0
9326 0
9327 1
9328 0
9329 0
9330 1
9331 1
9332 0
9333 2
9334 1
9335 3
9336 1
9337 0
9338 1
9339 2
9340 1
9341 1
9342 1
9343 1
9344 0
9345 0
9346 0
9347 1
9348 3
9349 1
9350 2
9351 1
9352 0
9353 1
9354 2
9355 0
9356 3
9357 1
9358 6
9359 2
9360 0
9361 0
9362 0
9363 1
9364 1
9365 1
9366 1
9367 2
9368 2
9369 1
9370 0
9371 0
9372 2
9373 2
9374 1
9375 1
9376 1
9377 2
9378 0
9379 0
9380 2
9381 1
9382 2
9383 1
9384 0
9385 1
9386 1
9387 0
9388 0
9389 1
9390 0
9391 0
9392 0
9393 1
9394 3
9395 0
9396 2
9397 0
9398 1
9399 2
9400 2
9401 1
9402 1
9403 2
9404 1
9405 1
9406 1
9407 0
9408 0
9409 1
9410 0
9411 1
9412 0
9413 0
9414 0
9415 0
9416 2
9417 0
9418 0
9419 0
9420 0
9421 0
9422 1
9423 1
9424 0
9425 1
9426 1
9427 1
9428 1
9429 1
9430 1
9431 1
9432 0
9433 1
9434 0
9435 1
9436 0
9437 1
9438 0
9439 1
9440 1
9441 2
9442 1
9443 0
9444 0
9445 1
9446 1
9447 0
9448 1
9449 0
9450 1
9451 0
9452 1
9453 0
9454 0
9455 0
9456 0
9457 0
9458 0
9459 2
9460 2
9461 3
9462 0
9463 0
9464 0
9465 1
9466 0
9467 1
9468 1
9469 2
9470 0
9471 2
9472 1
9473 2
9474 0
9475 0
9476 0
9477 0
9478 1
9479 0
9480 0
9481 1
9482 1
9483 0
9484 4
9485 2
9486 1
9487 2
9488 0
9489 1
9490 0
9491 1
9492 0
9493 0
9494 2
9495 1
9496 0
9497 2
9498 0
9499 1
9500 2
9501 1
9502 2
9503 1
9504 4
9505 1
9506 0
9507 1
9508 0
9509 0
9510 1
9511 0
9512 0
9513 1
9514 2
9515 1
9516 1
9517 2
9518 1
9519 0
9520 0
9521 0
9522 1
9523 2
9524 1
9525 0
9526 1
9527 0
9528 1
9529 0
9530 0
9531 1
9532 1
9533 0
9534 0
9535 1
9536 2
9537 0
9538 0
9539 0
9540 1
9541 0
9542 1
9543 0
9544 1
9545 0
9546 0
9547 0
9548 1
9549 1
9550 0
9551 1
9552 1
9553 1
9554 1
9555 2
9556 1
9557 0
9558 1
9559 2
9560 0
9561 0
9562 2
9563 1
9564 0
9565 0
9566 0
9567 0
9568 0
9569 0
9570 1
9571 0
9572 1
9573 0
9574 1
9575 0
9576 3
9577 0
9578 0
9579 0
9580 1
9581 0
9582 0
9583 1
9584 0
9585 0
9586 1
9587 0
9588 0
9589 1
9590 0
9591 0
9592 0
9593 1
9594 0
9595 0
9596 2
9597 0
9598 0
9599 1
9600 1
9601 0
9602 0
9603 3
9604 0
9605 1
9606 0
9607 0
9608 0
9609 1
9610 0
9611 0
9612 0
9613 0
9614 0
9615 0
9616 0
9617 0
9618 0
9619 0
9620 0
9621 0
9622 1
9623 1
9624 1
9625 1
9626 1
9627 0
9628 0
9629 1
9630 0
9631 0
9632 0
9633 0
9634 1
9635 0
9636 0
9637 1
9638 1
9639 1
9640 0
9641 1
9642 0
9643 0
9644 0
9645 0
9646 0
9647 1
9648 0
9649 1
9650 0
9651 0
9652 0
9653 1
9654 0
9655 1
9656 0
9657 0
9658 0
9659 0
9660 0
9661 0
9662 0
9663 0
9664 1
9665 0
9666 0
9667 0
9668 0
9669 0
9670 0
9671 1
9672 0
9673 1
9674 0
9675 0
9676 0
9677 0
9678 0
9679 0
9680 0
9681 0
9682 0
9683 1
9684 0
9685 0
9686 1
9687 1
9688 0
9689 0
9690 1
9691 0
9692 2
9693 1
9694 0
9695 0
9696 0
9697 0
9698 2
9699 0
9700 4
9701 0
9702 0
9703 0
9704 0
9705 0
9706 0
9707 0
9708 0
9709 1
9710 0
9711 2
9712 0
9713 0
9714 0
9715 0
9716 0
9717 0
9718 0
9719 1
9720 1
9721 0
9722 0
9723 0
9724 0
9725 0
9726 0
9727 2
9728 1
9729 1
9730 0
9731 3
9732 0
9733 0
9734 0
9735 0
9736 0
9737 2
9738 2
9739 0
9740 1
9741 0
9742 1
9743 1
9744 0
9745 1
9746 0
9747 0
9748 0
9749 0
9750 0
9751 1
9752 1
9753 2
9754 2
9755 1
9756 1
9757 1
9758 2
9759 0
9760 0
9761 0
9762 0
9763 0
9764 0
9765 0
9766 0
9767 1
9768 1
9769 0
9770 1
9771 1
9772 0
9773 2
9774 0
9775 0
9776 0
9777 0
9778 1
9779 0
9780 0
9781 1
9782 1
9783 0
9784 0
9785 0
9786 1
9787 0
9788 0
9789 1
9790 0
9791 0
9792 0
9793 1
9794 0
9795 1
9796 0
9797 1
9798 1
9799 0
9800 0
9801 1
9802 0
9803 2
9804 0
9805 1
9806 1
9807 0
9808 3
9809 0
9810 0
9811 0
9812 1
9813 1
9814 0
9815 0
9816 0
9817 0
9818 2
9819 0
9820 1
9821 2
9822 2
9823 0
9824 0
9825 1
9826 0
9827 0
9828 1
9829 0
9830 0
9831 1
9832 0
9833 0
9834 0
9835 1
9836 0
9837 0
9838 2
9839 0
9840 0
9841 0
9842 1
9843 0
9844 0
9845 2
9846 1
9847 0
9848 0
9849 1
9850 0
9851 0
9852 0
9853 0
9854 1
9855 0
9856 1
9857 0
9858 1
9859 0
9860 0
9861 0
9862 2
9863 0
9864 0
9865 0
9866 1
9867 1
9868 1
9869 0
9870 1
9871 1
9872 0
9873 0
9874 1
9875 1
9876 0
9877 1
9878 0
9879 0
9880 1
9881 1
9882 1
9883 0
9884 0
9885 0
9886 0
9887 0
9888 0
9889 0
9890 1
9891 0
9892 0
9893 0
9894 0
9895 1
9896 0
9897 0
9898 3
9899 2
9900 0
9901 0
9902 1
9903 1
9904 0
9905 0
9906 1
9907 0
9908 0
9909 0
9910 0
9911 0
9912 0
9913 1
9914 0
9915 0
9916 0
9917 1
9918 0
9919 0
9920 0
9921 0
9922 0
9923 2
9924 0
9925 0
9926 0
9927 1
9928 0
9929 0
9930 1
9931 0
9932 0
9933 0
9934 0
9935 0
9936 0
9937 1
9938 0
9939 0
9940 0
9941 1
9942 0
9943 0
9944 0
9945 0
9946 0
9947 1
9948 2
9949 0
9950 0
9951 1
9952 1
9953 0
9954 0
9955 0
9956 0
9957 0
9958 0
9959 1
9960 1
9961 1
9962 0
9963 2
9964 0
9965 1
9966 1
9967 0
9968 0
9969 1
9970 3
9971 0
9972 0
9973 1
9974 1
9975 1
9976 0
9977 0
9978 2
9979 1
9980 0
9981 2
9982 3
9983 2
9984 0
9985 2
9986 0
9987 0
9988 0
9989 1
9990 2
9991 0
9992 0
9993 1
9994 0
9995 0
9996 2
9997 0
9998 0
9999 0
10000 1
10001 3648
