# Title:27-mer spectra for: WAL078_12865AAC_TACGCTGC-ATAGCCTT_R2_001.fastq.gz
# XLabel:27-mer frequency
# YLabel:# distinct 27-mers
# Kmer value:27
# Input 1:../../data/fastq/WAL078_12865AAC_TACGCTGC-ATAGCCTT_R2_001.fastq.gz
###
1 52274490
2 4754895
3 1485889
4 736425
5 469802
6 356725
7 288229
8 248444
9 221595
10 199356
11 183098
12 168699
13 158852
14 150285
15 144502
16 137794
17 127665
18 123046
19 115783
20 113260
21 109779
22 105187
23 101900
24 97867
25 95613
26 90334
27 87508
28 85250
29 81706
30 79568
31 76750
32 78494
33 75317
34 71822
35 70713
36 70022
37 68405
38 68112
39 66258
40 64878
41 63768
42 63597
43 62759
44 59914
45 58612
46 58325
47 58368
48 56891
49 55779
50 55087
51 52885
52 53353
53 50380
54 50523
55 50935
56 49789
57 49302
58 48101
59 47321
60 46097
61 44745
62 44244
63 42980
64 43218
65 42066
66 41604
67 41789
68 42100
69 41124
70 39983
71 37648
72 37356
73 37169
74 36113
75 36982
76 35257
77 35180
78 34473
79 34839
80 34266
81 34017
82 34648
83 32977
84 32861
85 31255
86 31204
87 31713
88 31944
89 31576
90 31208
91 31103
92 30779
93 30536
94 30442
95 30358
96 31285
97 30128
98 30163
99 30391
100 29973
101 30545
102 30084
103 30184
104 29992
105 31186
106 31059
107 30982
108 30215
109 30518
110 29592
111 29004
112 28909
113 29565
114 28867
115 28172
116 28308
117 28067
118 28300
119 28251
120 27688
121 26829
122 26106
123 25823
124 25330
125 24979
126 24120
127 24320
128 22371
129 23428
130 22357
131 21752
132 21552
133 20972
134 20189
135 19993
136 18675
137 17881
138 17935
139 16619
140 15972
141 15431
142 15126
143 14774
144 14458
145 13276
146 12443
147 11975
148 11818
149 11550
150 10764
151 10447
152 9932
153 9402
154 8936
155 8586
156 7910
157 7451
158 7242
159 6826
160 6820
161 6752
162 6329
163 5833
164 5715
165 5395
166 5315
167 4979
168 4629
169 4535
170 4281
171 4176
172 3925
173 3721
174 3727
175 3582
176 3563
177 3617
178 3147
179 3137
180 3000
181 3034
182 2913
183 2941
184 2729
185 2934
186 2803
187 2666
188 2708
189 2567
190 2519
191 2430
192 2559
193 2354
194 2473
195 2543
196 2433
197 2250
198 2219
199 2317
200 2172
201 2040
202 2128
203 2103
204 2085
205 2120
206 2183
207 2069
208 2196
209 2012
210 2052
211 2146
212 2070
213 1978
214 2002
215 1971
216 2002
217 1879
218 1960
219 1998
220 1866
221 1932
222 1994
223 1923
224 1963
225 1970
226 1857
227 1803
228 1872
229 1833
230 1811
231 1942
232 1962
233 2028
234 1937
235 1889
236 1851
237 1864
238 1954
239 1919
240 1831
241 1827
242 1959
243 1852
244 1876
245 1904
246 1787
247 1811
248 1729
249 1693
250 1616
251 1579
252 1583
253 1655
254 1561
255 1586
256 1644
257 1545
258 1602
259 1601
260 1603
261 1537
262 1563
263 1401
264 1336
265 1418
266 1332
267 1358
268 1264
269 1289
270 1204
271 1258
272 1248
273 1263
274 1293
275 1229
276 1262
277 1287
278 1119
279 1166
280 1094
281 1143
282 1211
283 1185
284 1195
285 1181
286 1149
287 1163
288 1049
289 1119
290 1016
291 1047
292 1029
293 896
294 889
295 893
296 852
297 812
298 869
299 895
300 886
301 865
302 809
303 752
304 785
305 801
306 668
307 710
308 699
309 738
310 626
311 750
312 718
313 702
314 670
315 670
316 639
317 671
318 644
319 677
320 607
321 599
322 649
323 603
324 627
325 569
326 525
327 562
328 569
329 579
330 534
331 563
332 566
333 562
334 563
335 533
336 487
337 482
338 482
339 447
340 532
341 468
342 471
343 509
344 456
345 511
346 482
347 482
348 434
349 467
350 505
351 470
352 462
353 471
354 408
355 459
356 471
357 393
358 375
359 397
360 381
361 434
362 401
363 414
364 465
365 433
366 410
367 404
368 418
369 391
370 415
371 391
372 421
373 424
374 414
375 420
376 418
377 411
378 387
379 409
380 397
381 365
382 383
383 379
384 381
385 364
386 330
387 362
388 366
389 384
390 376
391 349
392 393
393 308
394 337
395 325
396 337
397 361
398 358
399 360
400 347
401 327
402 298
403 330
404 316
405 320
406 279
407 296
408 275
409 257
410 271
411 337
412 302
413 293
414 311
415 273
416 255
417 283
418 306
419 294
420 293
421 270
422 256
423 273
424 281
425 282
426 304
427 284
428 250
429 245
430 275
431 266
432 269
433 279
434 231
435 241
436 245
437 286
438 263
439 255
440 245
441 251
442 254
443 186
444 277
445 240
446 260
447 252
448 244
449 254
450 237
451 195
452 231
453 201
454 207
455 202
456 194
457 195
458 254
459 212
460 214
461 207
462 217
463 206
464 250
465 241
466 205
467 190
468 199
469 207
470 197
471 222
472 208
473 200
474 192
475 206
476 210
477 211
478 176
479 246
480 191
481 195
482 203
483 189
484 226
485 193
486 183
487 230
488 197
489 173
490 183
491 224
492 236
493 183
494 198
495 197
496 201
497 189
498 166
499 174
500 208
501 170
502 190
503 176
504 191
505 141
506 195
507 162
508 168
509 166
510 170
511 153
512 176
513 175
514 161
515 128
516 161
517 162
518 143
519 159
520 163
521 163
522 171
523 157
524 180
525 137
526 192
527 172
528 175
529 169
530 149
531 155
532 133
533 161
534 168
535 146
536 139
537 163
538 142
539 156
540 148
541 149
542 163
543 138
544 141
545 125
546 128
547 156
548 150
549 146
550 154
551 124
552 133
553 157
554 120
555 113
556 150
557 159
558 131
559 129
560 135
561 150
562 128
563 130
564 140
565 137
566 141
567 128
568 126
569 159
570 140
571 126
572 129
573 125
574 111
575 134
576 123
577 118
578 106
579 105
580 121
581 95
582 108
583 125
584 97
585 100
586 106
587 113
588 114
589 122
590 123
591 114
592 118
593 114
594 114
595 124
596 111
597 120
598 98
599 109
600 107
601 87
602 109
603 113
604 134
605 127
606 159
607 131
608 166
609 113
610 103
611 108
612 87
613 96
614 93
615 82
616 81
617 107
618 95
619 82
620 118
621 114
622 107
623 106
624 104
625 109
626 110
627 109
628 111
629 104
630 90
631 101
632 93
633 125
634 113
635 94
636 109
637 113
638 100
639 98
640 114
641 140
642 98
643 106
644 112
645 98
646 86
647 85
648 93
649 85
650 86
651 89
652 73
653 92
654 106
655 93
656 101
657 100
658 94
659 102
660 86
661 82
662 80
663 82
664 94
665 94
666 104
667 77
668 82
669 99
670 82
671 90
672 76
673 83
674 83
675 87
676 75
677 79
678 82
679 80
680 81
681 77
682 67
683 84
684 67
685 87
686 95
687 71
688 69
689 93
690 62
691 95
692 71
693 85
694 86
695 67
696 78
697 73
698 72
699 68
700 74
701 62
702 60
703 61
704 76
705 68
706 68
707 71
708 65
709 76
710 73
711 56
712 55
713 68
714 64
715 80
716 82
717 73
718 74
719 78
720 69
721 66
722 72
723 62
724 76
725 69
726 66
727 52
728 63
729 58
730 71
731 60
732 61
733 56
734 63
735 57
736 57
737 67
738 54
739 59
740 44
741 54
742 44
743 45
744 60
745 52
746 55
747 69
748 55
749 64
750 50
751 68
752 61
753 50
754 56
755 54
756 61
757 61
758 63
759 72
760 65
761 52
762 69
763 76
764 78
765 65
766 69
767 60
768 56
769 73
770 71
771 70
772 63
773 50
774 56
775 65
776 57
777 72
778 66
779 44
780 49
781 62
782 61
783 56
784 67
785 57
786 53
787 71
788 78
789 57
790 59
791 62
792 55
793 64
794 53
795 51
796 56
797 54
798 40
799 60
800 52
801 56
802 73
803 60
804 58
805 54
806 38
807 65
808 43
809 42
810 39
811 53
812 48
813 40
814 42
815 44
816 42
817 47
818 24
819 43
820 50
821 54
822 51
823 30
824 48
825 40
826 45
827 50
828 37
829 48
830 42
831 43
832 52
833 42
834 48
835 49
836 52
837 47
838 57
839 42
840 41
841 38
842 44
843 57
844 49
845 44
846 47
847 36
848 39
849 37
850 48
851 42
852 40
853 61
854 49
855 58
856 49
857 45
858 40
859 46
860 64
861 50
862 52
863 54
864 61
865 38
866 34
867 37
868 45
869 44
870 35
871 43
872 36
873 44
874 50
875 39
876 50
877 37
878 35
879 37
880 44
881 35
882 34
883 32
884 38
885 50
886 49
887 32
888 37
889 52
890 44
891 49
892 36
893 23
894 42
895 32
896 37
897 38
898 36
899 44
900 44
901 43
902 51
903 54
904 47
905 33
906 41
907 52
908 49
909 58
910 56
911 37
912 44
913 37
914 36
915 44
916 37
917 38
918 44
919 32
920 44
921 49
922 43
923 43
924 52
925 47
926 44
927 42
928 44
929 34
930 37
931 34
932 33
933 34
934 43
935 32
936 46
937 46
938 38
939 38
940 38
941 24
942 40
943 28
944 42
945 29
946 32
947 37
948 26
949 36
950 33
951 31
952 31
953 38
954 47
955 37
956 36
957 32
958 26
959 43
960 29
961 44
962 28
963 36
964 44
965 34
966 38
967 32
968 25
969 33
970 34
971 31
972 30
973 32
974 26
975 30
976 33
977 33
978 37
979 27
980 26
981 25
982 43
983 36
984 37
985 37
986 44
987 41
988 43
989 40
990 38
991 42
992 44
993 39
994 31
995 36
996 28
997 32
998 32
999 29
1000 31
1001 34
1002 30
1003 30
1004 17
1005 25
1006 46
1007 44
1008 45
1009 31
1010 29
1011 36
1012 17
1013 24
1014 30
1015 25
1016 24
1017 32
1018 50
1019 22
1020 39
1021 30
1022 33
1023 31
1024 34
1025 32
1026 31
1027 29
1028 22
1029 46
1030 43
1031 35
1032 41
1033 38
1034 20
1035 32
1036 29
1037 28
1038 37
1039 26
1040 31
1041 26
1042 36
1043 25
1044 35
1045 29
1046 25
1047 35
1048 32
1049 30
1050 30
1051 31
1052 27
1053 34
1054 39
1055 38
1056 26
1057 14
1058 19
1059 16
1060 24
1061 26
1062 33
1063 24
1064 28
1065 24
1066 29
1067 24
1068 27
1069 34
1070 29
1071 24
1072 19
1073 19
1074 19
1075 28
1076 31
1077 31
1078 20
1079 28
1080 24
1081 21
1082 25
1083 31
1084 20
1085 27
1086 26
1087 28
1088 36
1089 50
1090 25
1091 14
1092 32
1093 26
1094 24
1095 29
1096 31
1097 27
1098 22
1099 20
1100 35
1101 25
1102 23
1103 28
1104 36
1105 25
1106 26
1107 26
1108 23
1109 23
1110 23
1111 26
1112 29
1113 20
1114 27
1115 22
1116 22
1117 33
1118 34
1119 27
1120 25
1121 24
1122 32
1123 23
1124 31
1125 23
1126 32
1127 29
1128 32
1129 26
1130 29
1131 27
1132 31
1133 24
1134 22
1135 28
1136 23
1137 38
1138 35
1139 22
1140 27
1141 17
1142 25
1143 17
1144 27
1145 28
1146 18
1147 15
1148 18
1149 17
1150 22
1151 25
1152 30
1153 23
1154 22
1155 29
1156 26
1157 22
1158 26
1159 32
1160 27
1161 23
1162 15
1163 29
1164 25
1165 29
1166 21
1167 24
1168 32
1169 24
1170 30
1171 24
1172 29
1173 16
1174 29
1175 16
1176 20
1177 21
1178 26
1179 23
1180 25
1181 23
1182 26
1183 16
1184 21
1185 21
1186 20
1187 26
1188 28
1189 21
1190 20
1191 30
1192 16
1193 18
1194 17
1195 19
1196 28
1197 22
1198 22
1199 24
1200 12
1201 25
1202 14
1203 19
1204 18
1205 22
1206 15
1207 16
1208 21
1209 18
1210 29
1211 21
1212 21
1213 15
1214 21
1215 27
1216 18
1217 20
1218 13
1219 15
1220 26
1221 22
1222 21
1223 33
1224 15
1225 12
1226 26
1227 14
1228 21
1229 23
1230 23
1231 20
1232 24
1233 18
1234 25
1235 29
1236 21
1237 25
1238 16
1239 27
1240 20
1241 24
1242 21
1243 21
1244 21
1245 25
1246 23
1247 22
1248 22
1249 12
1250 18
1251 18
1252 19
1253 18
1254 16
1255 14
1256 19
1257 20
1258 14
1259 18
1260 21
1261 21
1262 25
1263 22
1264 18
1265 24
1266 29
1267 28
1268 17
1269 28
1270 27
1271 22
1272 16
1273 17
1274 22
1275 11
1276 14
1277 25
1278 16
1279 19
1280 33
1281 24
1282 12
1283 27
1284 21
1285 22
1286 28
1287 24
1288 17
1289 18
1290 27
1291 19
1292 23
1293 15
1294 18
1295 12
1296 26
1297 22
1298 17
1299 15
1300 16
1301 27
1302 11
1303 13
1304 9
1305 10
1306 12
1307 18
1308 15
1309 22
1310 9
1311 13
1312 14
1313 19
1314 18
1315 17
1316 19
1317 20
1318 20
1319 25
1320 18
1321 21
1322 18
1323 18
1324 19
1325 16
1326 32
1327 18
1328 23
1329 17
1330 17
1331 18
1332 15
1333 20
1334 18
1335 14
1336 23
1337 13
1338 20
1339 20
1340 16
1341 14
1342 19
1343 24
1344 14
1345 20
1346 14
1347 23
1348 20
1349 15
1350 18
1351 14
1352 18
1353 19
1354 23
1355 10
1356 10
1357 15
1358 14
1359 11
1360 22
1361 15
1362 23
1363 22
1364 12
1365 13
1366 13
1367 17
1368 16
1369 12
1370 14
1371 23
1372 22
1373 20
1374 11
1375 15
1376 13
1377 12
1378 20
1379 15
1380 18
1381 14
1382 13
1383 14
1384 16
1385 12
1386 22
1387 15
1388 20
1389 12
1390 16
1391 12
1392 13
1393 9
1394 13
1395 20
1396 23
1397 12
1398 19
1399 17
1400 20
1401 12
1402 14
1403 17
1404 12
1405 15
1406 24
1407 15
1408 26
1409 19
1410 17
1411 25
1412 16
1413 20
1414 23
1415 17
1416 12
1417 15
1418 19
1419 19
1420 16
1421 12
1422 13
1423 14
1424 14
1425 18
1426 12
1427 19
1428 23
1429 17
1430 18
1431 23
1432 25
1433 19
1434 10
1435 10
1436 13
1437 11
1438 13
1439 19
1440 16
1441 17
1442 12
1443 24
1444 22
1445 24
1446 16
1447 20
1448 16
1449 22
1450 17
1451 25
1452 22
1453 33
1454 17
1455 22
1456 10
1457 17
1458 10
1459 16
1460 20
1461 15
1462 23
1463 16
1464 17
1465 21
1466 14
1467 17
1468 15
1469 18
1470 30
1471 13
1472 16
1473 20
1474 13
1475 18
1476 15
1477 22
1478 18
1479 25
1480 11
1481 18
1482 13
1483 14
1484 14
1485 16
1486 14
1487 11
1488 13
1489 19
1490 17
1491 24
1492 27
1493 18
1494 24
1495 23
1496 20
1497 18
1498 22
1499 20
1500 16
1501 13
1502 23
1503 14
1504 18
1505 14
1506 16
1507 18
1508 14
1509 17
1510 14
1511 14
1512 15
1513 18
1514 15
1515 18
1516 13
1517 17
1518 13
1519 12
1520 19
1521 14
1522 10
1523 16
1524 15
1525 13
1526 11
1527 20
1528 10
1529 14
1530 14
1531 9
1532 19
1533 14
1534 19
1535 14
1536 9
1537 15
1538 18
1539 17
1540 15
1541 16
1542 10
1543 11
1544 8
1545 17
1546 22
1547 15
1548 16
1549 25
1550 16
1551 14
1552 10
1553 15
1554 17
1555 8
1556 14
1557 15
1558 12
1559 16
1560 9
1561 15
1562 11
1563 21
1564 8
1565 12
1566 20
1567 18
1568 10
1569 15
1570 15
1571 16
1572 10
1573 9
1574 7
1575 7
1576 10
1577 18
1578 21
1579 9
1580 15
1581 12
1582 8
1583 13
1584 7
1585 7
1586 10
1587 13
1588 9
1589 13
1590 15
1591 14
1592 11
1593 12
1594 13
1595 17
1596 28
1597 14
1598 17
1599 5
1600 9
1601 18
1602 14
1603 14
1604 11
1605 10
1606 15
1607 16
1608 7
1609 16
1610 12
1611 13
1612 15
1613 10
1614 15
1615 16
1616 14
1617 18
1618 19
1619 9
1620 12
1621 12
1622 10
1623 13
1624 12
1625 15
1626 12
1627 8
1628 9
1629 13
1630 13
1631 17
1632 8
1633 13
1634 8
1635 15
1636 20
1637 20
1638 19
1639 18
1640 7
1641 12
1642 8
1643 12
1644 12
1645 15
1646 11
1647 14
1648 15
1649 13
1650 21
1651 16
1652 18
1653 6
1654 9
1655 12
1656 13
1657 8
1658 6
1659 15
1660 7
1661 12
1662 14
1663 13
1664 12
1665 13
1666 12
1667 15
1668 18
1669 7
1670 10
1671 12
1672 11
1673 17
1674 15
1675 13
1676 13
1677 9
1678 10
1679 15
1680 15
1681 9
1682 15
1683 10
1684 16
1685 14
1686 13
1687 9
1688 13
1689 14
1690 11
1691 12
1692 18
1693 14
1694 13
1695 12
1696 12
1697 12
1698 10
1699 5
1700 14
1701 14
1702 16
1703 23
1704 18
1705 9
1706 10
1707 14
1708 21
1709 12
1710 9
1711 6
1712 13
1713 16
1714 14
1715 12
1716 11
1717 13
1718 14
1719 10
1720 9
1721 7
1722 7
1723 12
1724 11
1725 13
1726 12
1727 17
1728 10
1729 12
1730 5
1731 19
1732 10
1733 19
1734 15
1735 10
1736 8
1737 14
1738 16
1739 10
1740 7
1741 14
1742 10
1743 8
1744 13
1745 7
1746 6
1747 9
1748 6
1749 9
1750 11
1751 13
1752 7
1753 13
1754 9
1755 8
1756 11
1757 10
1758 11
1759 14
1760 11
1761 13
1762 8
1763 10
1764 14
1765 7
1766 5
1767 6
1768 7
1769 7
1770 12
1771 8
1772 11
1773 13
1774 10
1775 12
1776 8
1777 14
1778 15
1779 10
1780 15
1781 17
1782 11
1783 11
1784 9
1785 12
1786 18
1787 11
1788 13
1789 17
1790 7
1791 17
1792 11
1793 9
1794 10
1795 17
1796 7
1797 14
1798 16
1799 7
1800 14
1801 15
1802 13
1803 18
1804 7
1805 11
1806 11
1807 11
1808 10
1809 9
1810 8
1811 10
1812 12
1813 7
1814 6
1815 11
1816 13
1817 13
1818 12
1819 13
1820 10
1821 9
1822 12
1823 12
1824 9
1825 9
1826 8
1827 7
1828 11
1829 11
1830 12
1831 12
1832 12
1833 10
1834 4
1835 3
1836 10
1837 9
1838 12
1839 20
1840 9
1841 13
1842 12
1843 10
1844 9
1845 15
1846 13
1847 10
1848 16
1849 12
1850 15
1851 15
1852 16
1853 9
1854 19
1855 15
1856 20
1857 16
1858 16
1859 17
1860 16
1861 7
1862 15
1863 21
1864 11
1865 10
1866 13
1867 9
1868 9
1869 7
1870 9
1871 17
1872 13
1873 9
1874 5
1875 9
1876 17
1877 17
1878 5
1879 8
1880 7
1881 8
1882 7
1883 11
1884 8
1885 9
1886 9
1887 11
1888 10
1889 10
1890 5
1891 7
1892 11
1893 11
1894 12
1895 8
1896 11
1897 6
1898 11
1899 9
1900 14
1901 8
1902 11
1903 14
1904 7
1905 12
1906 8
1907 14
1908 18
1909 8
1910 9
1911 9
1912 13
1913 12
1914 12
1915 5
1916 15
1917 5
1918 10
1919 10
1920 8
1921 13
1922 17
1923 9
1924 12
1925 16
1926 13
1927 17
1928 13
1929 8
1930 7
1931 11
1932 6
1933 8
1934 10
1935 10
1936 12
1937 6
1938 5
1939 8
1940 6
1941 12
1942 12
1943 13
1944 9
1945 10
1946 15
1947 9
1948 5
1949 16
1950 7
1951 6
1952 13
1953 9
1954 10
1955 6
1956 5
1957 11
1958 10
1959 14
1960 10
1961 8
1962 11
1963 10
1964 4
1965 11
1966 10
1967 13
1968 13
1969 10
1970 13
1971 12
1972 6
1973 10
1974 7
1975 8
1976 5
1977 6
1978 13
1979 11
1980 14
1981 8
1982 5
1983 4
1984 12
1985 12
1986 5
1987 8
1988 16
1989 8
1990 6
1991 3
1992 10
1993 7
1994 2
1995 9
1996 9
1997 8
1998 10
1999 11
2000 8
2001 10
2002 3
2003 8
2004 4
2005 14
2006 9
2007 6
2008 4
2009 8
2010 8
2011 9
2012 15
2013 16
2014 4
2015 7
2016 6
2017 15
2018 11
2019 11
2020 9
2021 10
2022 11
2023 2
2024 5
2025 9
2026 6
2027 8
2028 7
2029 6
2030 7
2031 8
2032 5
2033 8
2034 9
2035 5
2036 7
2037 12
2038 12
2039 13
2040 7
2041 6
2042 10
2043 16
2044 6
2045 9
2046 11
2047 12
2048 10
2049 4
2050 3
2051 8
2052 9
2053 6
2054 5
2055 9
2056 10
2057 7
2058 7
2059 13
2060 11
2061 7
2062 6
2063 9
2064 4
2065 12
2066 11
2067 9
2068 6
2069 5
2070 7
2071 13
2072 9
2073 11
2074 7
2075 6
2076 13
2077 8
2078 7
2079 8
2080 7
2081 9
2082 6
2083 5
2084 8
2085 2
2086 10
2087 3
2088 13
2089 10
2090 5
2091 8
2092 10
2093 7
2094 6
2095 6
2096 7
2097 3
2098 6
2099 7
2100 4
2101 12
2102 10
2103 5
2104 8
2105 8
2106 10
2107 8
2108 8
2109 8
2110 10
2111 9
2112 13
2113 11
2114 9
2115 9
2116 12
2117 9
2118 14
2119 8
2120 9
2121 7
2122 8
2123 12
2124 4
2125 13
2126 11
2127 8
2128 9
2129 9
2130 11
2131 10
2132 14
2133 13
2134 11
2135 19
2136 14
2137 11
2138 7
2139 8
2140 9
2141 3
2142 8
2143 5
2144 7
2145 7
2146 8
2147 11
2148 9
2149 6
2150 7
2151 8
2152 10
2153 4
2154 9
2155 11
2156 9
2157 10
2158 5
2159 13
2160 7
2161 15
2162 13
2163 11
2164 8
2165 6
2166 12
2167 9
2168 11
2169 6
2170 16
2171 3
2172 8
2173 19
2174 9
2175 6
2176 8
2177 5
2178 8
2179 9
2180 3
2181 2
2182 6
2183 10
2184 11
2185 10
2186 6
2187 8
2188 10
2189 8
2190 11
2191 8
2192 11
2193 6
2194 5
2195 7
2196 6
2197 14
2198 6
2199 10
2200 10
2201 6
2202 7
2203 6
2204 4
2205 7
2206 4
2207 3
2208 7
2209 8
2210 4
2211 3
2212 7
2213 5
2214 9
2215 8
2216 5
2217 5
2218 8
2219 7
2220 10
2221 6
2222 9
2223 5
2224 3
2225 7
2226 6
2227 6
2228 9
2229 19
2230 5
2231 12
2232 9
2233 15
2234 7
2235 5
2236 10
2237 5
2238 7
2239 2
2240 10
2241 7
2242 4
2243 8
2244 9
2245 6
2246 5
2247 12
2248 13
2249 8
2250 9
2251 4
2252 11
2253 11
2254 10
2255 3
2256 10
2257 13
2258 3
2259 7
2260 6
2261 11
2262 3
2263 3
2264 9
2265 14
2266 6
2267 9
2268 10
2269 3
2270 5
2271 7
2272 4
2273 5
2274 13
2275 6
2276 3
2277 7
2278 6
2279 8
2280 10
2281 10
2282 8
2283 6
2284 4
2285 7
2286 7
2287 5
2288 12
2289 5
2290 10
2291 4
2292 9
2293 3
2294 7
2295 4
2296 12
2297 8
2298 11
2299 7
2300 8
2301 8
2302 5
2303 4
2304 7
2305 11
2306 3
2307 8
2308 7
2309 6
2310 5
2311 9
2312 7
2313 9
2314 3
2315 2
2316 5
2317 8
2318 4
2319 6
2320 4
2321 4
2322 7
2323 7
2324 9
2325 2
2326 8
2327 1
2328 6
2329 2
2330 9
2331 5
2332 10
2333 7
2334 6
2335 0
2336 10
2337 9
2338 3
2339 4
2340 4
2341 13
2342 7
2343 7
2344 4
2345 11
2346 1
2347 2
2348 7
2349 9
2350 6
2351 7
2352 6
2353 9
2354 6
2355 10
2356 11
2357 7
2358 10
2359 5
2360 5
2361 2
2362 4
2363 8
2364 11
2365 7
2366 5
2367 4
2368 2
2369 12
2370 3
2371 17
2372 10
2373 9
2374 6
2375 10
2376 7
2377 3
2378 2
2379 5
2380 4
2381 3
2382 7
2383 10
2384 1
2385 6
2386 4
2387 5
2388 6
2389 5
2390 8
2391 9
2392 6
2393 5
2394 7
2395 4
2396 3
2397 6
2398 6
2399 7
2400 5
2401 6
2402 5
2403 7
2404 3
2405 6
2406 6
2407 6
2408 8
2409 4
2410 11
2411 6
2412 11
2413 7
2414 12
2415 6
2416 9
2417 9
2418 10
2419 8
2420 5
2421 7
2422 8
2423 4
2424 8
2425 4
2426 6
2427 3
2428 3
2429 3
2430 6
2431 5
2432 7
2433 13
2434 4
2435 4
2436 10
2437 3
2438 9
2439 12
2440 7
2441 4
2442 4
2443 10
2444 1
2445 8
2446 6
2447 5
2448 9
2449 3
2450 9
2451 6
2452 3
2453 8
2454 5
2455 7
2456 6
2457 4
2458 5
2459 5
2460 11
2461 10
2462 7
2463 15
2464 5
2465 6
2466 5
2467 3
2468 9
2469 3
2470 12
2471 8
2472 14
2473 9
2474 7
2475 7
2476 11
2477 5
2478 5
2479 13
2480 6
2481 6
2482 12
2483 2
2484 7
2485 6
2486 3
2487 3
2488 8
2489 6
2490 6
2491 10
2492 4
2493 6
2494 3
2495 9
2496 7
2497 8
2498 3
2499 10
2500 3
2501 3
2502 5
2503 3
2504 5
2505 4
2506 8
2507 8
2508 8
2509 5
2510 6
2511 5
2512 5
2513 2
2514 6
2515 5
2516 4
2517 3
2518 7
2519 5
2520 7
2521 4
2522 4
2523 12
2524 5
2525 3
2526 3
2527 4
2528 4
2529 9
2530 3
2531 6
2532 2
2533 3
2534 6
2535 8
2536 5
2537 12
2538 8
2539 6
2540 8
2541 4
2542 0
2543 7
2544 3
2545 9
2546 14
2547 2
2548 5
2549 9
2550 3
2551 9
2552 9
2553 6
2554 4
2555 3
2556 8
2557 10
2558 6
2559 6
2560 5
2561 5
2562 6
2563 10
2564 5
2565 8
2566 5
2567 5
2568 8
2569 10
2570 5
2571 11
2572 5
2573 6
2574 8
2575 6
2576 7
2577 3
2578 2
2579 5
2580 4
2581 8
2582 7
2583 6
2584 4
2585 6
2586 4
2587 7
2588 4
2589 5
2590 9
2591 4
2592 6
2593 6
2594 9
2595 8
2596 4
2597 6
2598 8
2599 4
2600 7
2601 10
2602 5
2603 2
2604 7
2605 4
2606 7
2607 6
2608 2
2609 6
2610 5
2611 10
2612 4
2613 2
2614 5
2615 10
2616 6
2617 9
2618 10
2619 10
2620 8
2621 10
2622 7
2623 9
2624 8
2625 6
2626 6
2627 3
2628 6
2629 5
2630 6
2631 5
2632 9
2633 4
2634 8
2635 4
2636 7
2637 4
2638 2
2639 7
2640 13
2641 4
2642 8
2643 11
2644 12
2645 9
2646 4
2647 6
2648 8
2649 4
2650 4
2651 8
2652 6
2653 8
2654 8
2655 4
2656 8
2657 5
2658 4
2659 9
2660 6
2661 7
2662 5
2663 12
2664 3
2665 9
2666 3
2667 4
2668 10
2669 8
2670 5
2671 2
2672 9
2673 3
2674 2
2675 5
2676 3
2677 7
2678 3
2679 2
2680 4
2681 5
2682 5
2683 0
2684 5
2685 3
2686 4
2687 6
2688 8
2689 7
2690 6
2691 7
2692 8
2693 8
2694 4
2695 8
2696 7
2697 4
2698 2
2699 2
2700 9
2701 4
2702 9
2703 8
2704 8
2705 9
2706 9
2707 11
2708 3
2709 4
2710 8
2711 8
2712 4
2713 3
2714 2
2715 7
2716 8
2717 4
2718 4
2719 5
2720 7
2721 8
2722 8
2723 5
2724 4
2725 2
2726 8
2727 4
2728 3
2729 4
2730 4
2731 9
2732 5
2733 12
2734 4
2735 5
2736 8
2737 7
2738 10
2739 9
2740 3
2741 6
2742 6
2743 8
2744 2
2745 6
2746 9
2747 2
2748 7
2749 5
2750 13
2751 5
2752 6
2753 3
2754 7
2755 2
2756 4
2757 6
2758 3
2759 7
2760 2
2761 2
2762 4
2763 5
2764 8
2765 8
2766 3
2767 4
2768 2
2769 5
2770 9
2771 4
2772 5
2773 11
2774 1
2775 7
2776 6
2777 4
2778 7
2779 3
2780 4
2781 7
2782 1
2783 4
2784 4
2785 4
2786 7
2787 6
2788 4
2789 7
2790 7
2791 5
2792 4
2793 7
2794 1
2795 3
2796 4
2797 3
2798 2
2799 9
2800 4
2801 3
2802 4
2803 7
2804 6
2805 5
2806 7
2807 2
2808 5
2809 5
2810 5
2811 7
2812 7
2813 4
2814 6
2815 7
2816 7
2817 5
2818 3
2819 7
2820 3
2821 2
2822 4
2823 5
2824 7
2825 2
2826 9
2827 4
2828 1
2829 4
2830 5
2831 0
2832 8
2833 5
2834 2
2835 5
2836 5
2837 4
2838 4
2839 9
2840 4
2841 8
2842 1
2843 7
2844 3
2845 3
2846 3
2847 7
2848 4
2849 5
2850 3
2851 4
2852 7
2853 7
2854 1
2855 1
2856 6
2857 4
2858 6
2859 4
2860 1
2861 2
2862 7
2863 5
2864 4
2865 2
2866 3
2867 7
2868 2
2869 6
2870 8
2871 1
2872 3
2873 1
2874 3
2875 1
2876 6
2877 6
2878 5
2879 4
2880 4
2881 4
2882 6
2883 3
2884 3
2885 11
2886 5
2887 10
2888 5
2889 3
2890 11
2891 5
2892 6
2893 5
2894 4
2895 6
2896 2
2897 6
2898 4
2899 6
2900 3
2901 5
2902 5
2903 3
2904 8
2905 8
2906 7
2907 5
2908 8
2909 7
2910 8
2911 6
2912 3
2913 3
2914 5
2915 9
2916 4
2917 3
2918 9
2919 4
2920 2
2921 3
2922 5
2923 4
2924 4
2925 4
2926 0
2927 1
2928 2
2929 4
2930 3
2931 2
2932 4
2933 5
2934 5
2935 5
2936 4
2937 7
2938 6
2939 6
2940 2
2941 1
2942 6
2943 4
2944 4
2945 5
2946 7
2947 4
2948 3
2949 3
2950 3
2951 3
2952 1
2953 5
2954 3
2955 2
2956 3
2957 1
2958 7
2959 9
2960 6
2961 4
2962 3
2963 5
2964 2
2965 6
2966 4
2967 6
2968 4
2969 3
2970 1
2971 5
2972 5
2973 10
2974 6
2975 6
2976 6
2977 3
2978 10
2979 4
2980 6
2981 6
2982 7
2983 4
2984 6
2985 4
2986 4
2987 6
2988 4
2989 4
2990 2
2991 2
2992 6
2993 1
2994 5
2995 5
2996 2
2997 4
2998 7
2999 3
3000 5
3001 5
3002 7
3003 6
3004 5
3005 6
3006 3
3007 5
3008 2
3009 8
3010 4
3011 5
3012 5
3013 4
3014 3
3015 1
3016 10
3017 3
3018 6
3019 2
3020 6
3021 3
3022 3
3023 5
3024 8
3025 2
3026 5
3027 3
3028 3
3029 4
3030 8
3031 5
3032 7
3033 5
3034 7
3035 1
3036 0
3037 5
3038 4
3039 5
3040 1
3041 1
3042 6
3043 6
3044 6
3045 4
3046 3
3047 2
3048 5
3049 5
3050 4
3051 4
3052 5
3053 2
3054 3
3055 8
3056 5
3057 6
3058 8
3059 1
3060 4
3061 2
3062 5
3063 5
3064 2
3065 4
3066 6
3067 1
3068 6
3069 3
3070 3
3071 4
3072 0
3073 3
3074 4
3075 2
3076 11
3077 4
3078 1
3079 2
3080 4
3081 1
3082 5
3083 2
3084 6
3085 4
3086 4
3087 3
3088 5
3089 5
3090 2
3091 4
3092 2
3093 4
3094 7
3095 6
3096 7
3097 3
3098 3
3099 4
3100 3
3101 3
3102 6
3103 3
3104 4
3105 3
3106 2
3107 2
3108 1
3109 4
3110 3
3111 3
3112 4
3113 4
3114 5
3115 2
3116 5
3117 4
3118 3
3119 4
3120 6
3121 5
3122 5
3123 2
3124 7
3125 5
3126 7
3127 3
3128 7
3129 6
3130 3
3131 10
3132 5
3133 7
3134 4
3135 2
3136 6
3137 3
3138 7
3139 7
3140 4
3141 5
3142 3
3143 4
3144 4
3145 4
3146 8
3147 4
3148 2
3149 3
3150 1
3151 4
3152 2
3153 6
3154 1
3155 3
3156 6
3157 4
3158 6
3159 5
3160 13
3161 5
3162 4
3163 3
3164 4
3165 3
3166 6
3167 3
3168 4
3169 4
3170 5
3171 2
3172 1
3173 1
3174 6
3175 4
3176 3
3177 6
3178 3
3179 9
3180 7
3181 4
3182 4
3183 7
3184 4
3185 6
3186 2
3187 8
3188 6
3189 8
3190 7
3191 2
3192 2
3193 5
3194 9
3195 4
3196 4
3197 2
3198 1
3199 4
3200 2
3201 6
3202 2
3203 3
3204 5
3205 1
3206 10
3207 9
3208 2
3209 7
3210 4
3211 5
3212 5
3213 3
3214 3
3215 2
3216 2
3217 4
3218 3
3219 3
3220 5
3221 3
3222 7
3223 5
3224 3
3225 3
3226 3
3227 3
3228 3
3229 4
3230 3
3231 8
3232 9
3233 5
3234 6
3235 1
3236 5
3237 5
3238 5
3239 5
3240 4
3241 7
3242 5
3243 3
3244 7
3245 3
3246 4
3247 5
3248 2
3249 5
3250 4
3251 5
3252 4
3253 5
3254 5
3255 3
3256 3
3257 7
3258 2
3259 13
3260 6
3261 5
3262 5
3263 0
3264 9
3265 4
3266 5
3267 2
3268 6
3269 1
3270 1
3271 6
3272 3
3273 4
3274 1
3275 1
3276 2
3277 5
3278 9
3279 5
3280 2
3281 2
3282 6
3283 2
3284 1
3285 4
3286 2
3287 6
3288 8
3289 6
3290 0
3291 2
3292 7
3293 3
3294 7
3295 4
3296 8
3297 5
3298 3
3299 4
3300 7
3301 2
3302 3
3303 5
3304 3
3305 0
3306 3
3307 5
3308 4
3309 6
3310 3
3311 3
3312 3
3313 3
3314 4
3315 1
3316 2
3317 3
3318 1
3319 3
3320 1
3321 3
3322 4
3323 6
3324 4
3325 5
3326 2
3327 1
3328 5
3329 6
3330 1
3331 3
3332 4
3333 6
3334 3
3335 4
3336 6
3337 7
3338 5
3339 3
3340 0
3341 2
3342 3
3343 2
3344 7
3345 7
3346 8
3347 2
3348 2
3349 7
3350 4
3351 2
3352 3
3353 2
3354 4
3355 3
3356 7
3357 7
3358 5
3359 2
3360 2
3361 4
3362 1
3363 4
3364 4
3365 2
3366 3
3367 4
3368 3
3369 3
3370 1
3371 3
3372 3
3373 1
3374 2
3375 6
3376 4
3377 3
3378 3
3379 6
3380 3
3381 1
3382 5
3383 6
3384 3
3385 3
3386 8
3387 3
3388 5
3389 2
3390 6
3391 4
3392 8
3393 2
3394 1
3395 0
3396 3
3397 3
3398 6
3399 3
3400 2
3401 1
3402 5
3403 3
3404 1
3405 2
3406 4
3407 1
3408 3
3409 3
3410 3
3411 3
3412 2
3413 7
3414 3
3415 1
3416 6
3417 4
3418 4
3419 4
3420 5
3421 1
3422 2
3423 3
3424 3
3425 3
3426 5
3427 6
3428 3
3429 4
3430 4
3431 4
3432 6
3433 4
3434 2
3435 2
3436 2
3437 0
3438 3
3439 4
3440 5
3441 6
3442 2
3443 5
3444 2
3445 0
3446 3
3447 2
3448 5
3449 5
3450 2
3451 4
3452 6
3453 4
3454 3
3455 3
3456 2
3457 2
3458 6
3459 3
3460 2
3461 2
3462 4
3463 7
3464 1
3465 0
3466 4
3467 8
3468 1
3469 4
3470 2
3471 5
3472 2
3473 4
3474 4
3475 1
3476 2
3477 3
3478 4
3479 2
3480 6
3481 2
3482 4
3483 5
3484 6
3485 2
3486 4
3487 1
3488 4
3489 3
3490 2
3491 3
3492 4
3493 3
3494 5
3495 1
3496 1
3497 1
3498 3
3499 5
3500 2
3501 1
3502 3
3503 4
3504 2
3505 0
3506 6
3507 5
3508 2
3509 5
3510 2
3511 5
3512 5
3513 3
3514 3
3515 1
3516 1
3517 3
3518 3
3519 2
3520 1
3521 4
3522 2
3523 6
3524 4
3525 2
3526 3
3527 8
3528 4
3529 3
3530 4
3531 3
3532 5
3533 4
3534 3
3535 4
3536 3
3537 5
3538 5
3539 2
3540 6
3541 3
3542 4
3543 2
3544 2
3545 3
3546 4
3547 1
3548 2
3549 5
3550 6
3551 2
3552 4
3553 2
3554 2
3555 4
3556 6
3557 2
3558 3
3559 5
3560 0
3561 1
3562 4
3563 0
3564 2
3565 2
3566 3
3567 3
3568 2
3569 3
3570 3
3571 6
3572 4
3573 6
3574 5
3575 2
3576 5
3577 2
3578 2
3579 4
3580 2
3581 2
3582 7
3583 1
3584 5
3585 5
3586 5
3587 5
3588 3
3589 4
3590 3
3591 4
3592 3
3593 2
3594 2
3595 1
3596 5
3597 3
3598 2
3599 4
3600 3
3601 1
3602 5
3603 1
3604 4
3605 4
3606 3
3607 1
3608 3
3609 3
3610 3
3611 3
3612 0
3613 3
3614 4
3615 1
3616 3
3617 5
3618 4
3619 2
3620 3
3621 8
3622 1
3623 4
3624 3
3625 8
3626 5
3627 3
3628 4
3629 2
3630 4
3631 5
3632 4
3633 3
3634 3
3635 6
3636 3
3637 4
3638 1
3639 2
3640 3
3641 4
3642 1
3643 0
3644 2
3645 0
3646 2
3647 4
3648 2
3649 0
3650 1
3651 3
3652 3
3653 3
3654 1
3655 4
3656 3
3657 5
3658 1
3659 1
3660 2
3661 2
3662 4
3663 5
3664 4
3665 4
3666 4
3667 2
3668 1
3669 3
3670 1
3671 2
3672 2
3673 0
3674 2
3675 1
3676 1
3677 1
3678 2
3679 1
3680 2
3681 4
3682 4
3683 5
3684 3
3685 5
3686 2
3687 4
3688 5
3689 3
3690 9
3691 5
3692 5
3693 5
3694 5
3695 3
3696 2
3697 4
3698 4
3699 2
3700 3
3701 1
3702 2
3703 1
3704 1
3705 2
3706 4
3707 2
3708 2
3709 3
3710 1
3711 5
3712 2
3713 2
3714 1
3715 1
3716 0
3717 3
3718 3
3719 1
3720 2
3721 6
3722 1
3723 2
3724 4
3725 4
3726 2
3727 0
3728 2
3729 6
3730 0
3731 1
3732 1
3733 0
3734 5
3735 1
3736 2
3737 4
3738 2
3739 8
3740 5
3741 5
3742 1
3743 0
3744 2
3745 4
3746 3
3747 3
3748 2
3749 1
3750 2
3751 3
3752 2
3753 0
3754 5
3755 1
3756 3
3757 5
3758 5
3759 5
3760 1
3761 3
3762 2
3763 7
3764 3
3765 3
3766 2
3767 0
3768 2
3769 3
3770 4
3771 3
3772 2
3773 3
3774 2
3775 4
3776 4
3777 3
3778 2
3779 4
3780 1
3781 1
3782 3
3783 4
3784 1
3785 2
3786 5
3787 4
3788 8
3789 0
3790 3
3791 3
3792 4
3793 5
3794 9
3795 6
3796 9
3797 0
3798 2
3799 1
3800 7
3801 3
3802 2
3803 3
3804 2
3805 1
3806 2
3807 2
3808 4
3809 4
3810 3
3811 4
3812 5
3813 4
3814 3
3815 4
3816 4
3817 4
3818 1
3819 4
3820 3
3821 3
3822 3
3823 1
3824 1
3825 2
3826 2
3827 0
3828 1
3829 4
3830 1
3831 8
3832 6
3833 2
3834 2
3835 2
3836 1
3837 2
3838 2
3839 4
3840 2
3841 4
3842 2
3843 3
3844 5
3845 1
3846 2
3847 2
3848 5
3849 6
3850 3
3851 2
3852 1
3853 5
3854 4
3855 4
3856 2
3857 2
3858 2
3859 1
3860 6
3861 2
3862 1
3863 4
3864 5
3865 1
3866 4
3867 2
3868 3
3869 1
3870 3
3871 4
3872 2
3873 1
3874 4
3875 4
3876 2
3877 0
3878 4
3879 4
3880 1
3881 1
3882 2
3883 4
3884 3
3885 3
3886 2
3887 2
3888 5
3889 4
3890 1
3891 4
3892 2
3893 0
3894 7
3895 2
3896 6
3897 1
3898 4
3899 2
3900 2
3901 3
3902 4
3903 2
3904 2
3905 2
3906 5
3907 2
3908 2
3909 1
3910 4
3911 4
3912 2
3913 1
3914 1
3915 0
3916 2
3917 4
3918 2
3919 1
3920 2
3921 3
3922 2
3923 2
3924 3
3925 5
3926 2
3927 2
3928 1
3929 2
3930 4
3931 1
3932 7
3933 1
3934 5
3935 3
3936 2
3937 3
3938 2
3939 3
3940 1
3941 1
3942 4
3943 5
3944 3
3945 3
3946 4
3947 4
3948 6
3949 3
3950 5
3951 2
3952 3
3953 1
3954 0
3955 5
3956 1
3957 2
3958 6
3959 1
3960 3
3961 1
3962 2
3963 1
3964 2
3965 0
3966 2
3967 3
3968 5
3969 3
3970 5
3971 3
3972 4
3973 2
3974 4
3975 2
3976 1
3977 4
3978 1
3979 1
3980 1
3981 2
3982 3
3983 5
3984 3
3985 1
3986 1
3987 2
3988 2
3989 2
3990 1
3991 7
3992 3
3993 0
3994 4
3995 2
3996 3
3997 3
3998 3
3999 1
4000 3
4001 0
4002 5
4003 3
4004 1
4005 3
4006 6
4007 3
4008 2
4009 0
4010 3
4011 3
4012 2
4013 2
4014 1
4015 1
4016 5
4017 0
4018 2
4019 2
4020 2
4021 0
4022 1
4023 0
4024 3
4025 3
4026 3
4027 1
4028 2
4029 1
4030 2
4031 2
4032 0
4033 3
4034 2
4035 0
4036 4
4037 1
4038 2
4039 2
4040 4
4041 1
4042 5
4043 3
4044 3
4045 2
4046 1
4047 3
4048 5
4049 3
4050 0
4051 3
4052 1
4053 2
4054 2
4055 3
4056 2
4057 0
4058 4
4059 2
4060 3
4061 3
4062 7
4063 4
4064 3
4065 6
4066 4
4067 1
4068 3
4069 3
4070 1
4071 4
4072 5
4073 1
4074 1
4075 0
4076 3
4077 2
4078 5
4079 4
4080 1
4081 2
4082 4
4083 2
4084 2
4085 0
4086 6
4087 0
4088 5
4089 2
4090 1
4091 6
4092 1
4093 4
4094 1
4095 2
4096 1
4097 2
4098 2
4099 3
4100 5
4101 4
4102 2
4103 5
4104 2
4105 1
4106 2
4107 2
4108 5
4109 2
4110 3
4111 6
4112 3
4113 0
4114 3
4115 2
4116 6
4117 3
4118 2
4119 0
4120 1
4121 2
4122 1
4123 2
4124 2
4125 0
4126 0
4127 3
4128 0
4129 1
4130 1
4131 1
4132 1
4133 1
4134 1
4135 2
4136 3
4137 1
4138 2
4139 2
4140 3
4141 4
4142 3
4143 2
4144 2
4145 3
4146 5
4147 1
4148 2
4149 2
4150 0
4151 1
4152 4
4153 2
4154 0
4155 2
4156 3
4157 1
4158 1
4159 1
4160 2
4161 1
4162 0
4163 2
4164 4
4165 0
4166 2
4167 3
4168 4
4169 2
4170 2
4171 3
4172 3
4173 3
4174 3
4175 0
4176 0
4177 2
4178 3
4179 1
4180 5
4181 0
4182 4
4183 2
4184 6
4185 1
4186 2
4187 2
4188 1
4189 3
4190 4
4191 0
4192 5
4193 4
4194 1
4195 1
4196 6
4197 1
4198 1
4199 5
4200 1
4201 2
4202 3
4203 2
4204 3
4205 1
4206 0
4207 4
4208 2
4209 3
4210 2
4211 3
4212 3
4213 1
4214 5
4215 5
4216 2
4217 2
4218 2
4219 2
4220 3
4221 4
4222 3
4223 3
4224 1
4225 2
4226 2
4227 2
4228 2
4229 3
4230 1
4231 2
4232 4
4233 1
4234 2
4235 3
4236 1
4237 1
4238 1
4239 1
4240 1
4241 0
4242 3
4243 3
4244 2
4245 2
4246 3
4247 3
4248 3
4249 6
4250 3
4251 4
4252 4
4253 2
4254 3
4255 4
4256 2
4257 1
4258 3
4259 2
4260 2
4261 7
4262 0
4263 2
4264 2
4265 2
4266 2
4267 1
4268 1
4269 1
4270 4
4271 4
4272 3
4273 3
4274 1
4275 2
4276 2
4277 1
4278 2
4279 0
4280 1
4281 1
4282 0
4283 2
4284 4
4285 1
4286 1
4287 2
4288 2
4289 2
4290 2
4291 3
4292 3
4293 1
4294 0
4295 3
4296 6
4297 2
4298 5
4299 3
4300 1
4301 3
4302 2
4303 2
4304 1
4305 3
4306 4
4307 0
4308 1
4309 2
4310 4
4311 1
4312 7
4313 3
4314 1
4315 1
4316 3
4317 1
4318 3
4319 1
4320 0
4321 2
4322 2
4323 4
4324 3
4325 4
4326 0
4327 2
4328 2
4329 1
4330 2
4331 4
4332 2
4333 2
4334 2
4335 3
4336 0
4337 1
4338 1
4339 2
4340 0
4341 1
4342 3
4343 1
4344 1
4345 1
4346 7
4347 6
4348 1
4349 3
4350 1
4351 2
4352 7
4353 2
4354 5
4355 4
4356 3
4357 0
4358 1
4359 4
4360 0
4361 2
4362 6
4363 3
4364 3
4365 4
4366 3
4367 1
4368 0
4369 1
4370 1
4371 2
4372 1
4373 2
4374 3
4375 4
4376 3
4377 2
4378 3
4379 5
4380 2
4381 3
4382 3
4383 3
4384 1
4385 2
4386 2
4387 1
4388 5
4389 2
4390 1
4391 2
4392 5
4393 1
4394 1
4395 2
4396 0
4397 0
4398 0
4399 2
4400 1
4401 2
4402 4
4403 3
4404 2
4405 4
4406 0
4407 1
4408 1
4409 2
4410 4
4411 1
4412 0
4413 2
4414 4
4415 1
4416 0
4417 2
4418 2
4419 3
4420 1
4421 4
4422 2
4423 2
4424 1
4425 2
4426 2
4427 0
4428 3
4429 4
4430 1
4431 1
4432 0
4433 0
4434 2
4435 4
4436 0
4437 3
4438 1
4439 2
4440 1
4441 3
4442 2
4443 2
4444 2
4445 2
4446 1
4447 0
4448 0
4449 0
4450 2
4451 0
4452 0
4453 0
4454 3
4455 2
4456 4
4457 2
4458 2
4459 2
4460 1
4461 1
4462 1
4463 1
4464 2
4465 2
4466 1
4467 2
4468 3
4469 3
4470 3
4471 3
4472 2
4473 3
4474 0
4475 0
4476 3
4477 2
4478 1
4479 0
4480 3
4481 4
4482 2
4483 2
4484 4
4485 3
4486 2
4487 1
4488 3
4489 3
4490 1
4491 3
4492 2
4493 0
4494 1
4495 2
4496 1
4497 1
4498 1
4499 2
4500 4
4501 0
4502 2
4503 2
4504 2
4505 4
4506 3
4507 3
4508 0
4509 1
4510 0
4511 2
4512 1
4513 2
4514 1
4515 0
4516 2
4517 1
4518 1
4519 4
4520 1
4521 0
4522 1
4523 1
4524 4
4525 3
4526 2
4527 2
4528 2
4529 1
4530 1
4531 3
4532 0
4533 2
4534 2
4535 2
4536 3
4537 1
4538 1
4539 3
4540 0
4541 2
4542 1
4543 2
4544 2
4545 5
4546 2
4547 1
4548 3
4549 1
4550 0
4551 1
4552 2
4553 1
4554 2
4555 1
4556 0
4557 0
4558 2
4559 0
4560 1
4561 1
4562 4
4563 2
4564 0
4565 0
4566 1
4567 1
4568 0
4569 2
4570 2
4571 0
4572 2
4573 1
4574 2
4575 2
4576 3
4577 4
4578 3
4579 2
4580 2
4581 0
4582 2
4583 2
4584 3
4585 1
4586 1
4587 1
4588 2
4589 3
4590 3
4591 2
4592 3
4593 3
4594 2
4595 1
4596 0
4597 2
4598 1
4599 0
4600 8
4601 1
4602 4
4603 2
4604 1
4605 2
4606 1
4607 3
4608 1
4609 2
4610 2
4611 3
4612 1
4613 0
4614 1
4615 5
4616 1
4617 3
4618 2
4619 3
4620 2
4621 2
4622 2
4623 1
4624 0
4625 1
4626 0
4627 2
4628 1
4629 1
4630 1
4631 4
4632 3
4633 2
4634 1
4635 1
4636 3
4637 4
4638 1
4639 1
4640 0
4641 1
4642 1
4643 1
4644 2
4645 2
4646 1
4647 0
4648 0
4649 2
4650 2
4651 1
4652 1
4653 3
4654 2
4655 2
4656 3
4657 2
4658 1
4659 1
4660 0
4661 1
4662 2
4663 1
4664 2
4665 2
4666 2
4667 1
4668 0
4669 1
4670 2
4671 3
4672 0
4673 1
4674 1
4675 4
4676 2
4677 1
4678 2
4679 3
4680 1
4681 0
4682 2
4683 2
4684 1
4685 2
4686 2
4687 4
4688 0
4689 0
4690 1
4691 4
4692 2
4693 0
4694 2
4695 3
4696 4
4697 1
4698 2
4699 3
4700 1
4701 2
4702 1
4703 2
4704 3
4705 2
4706 0
4707 3
4708 1
4709 1
4710 0
4711 4
4712 1
4713 2
4714 1
4715 2
4716 0
4717 0
4718 3
4719 6
4720 3
4721 1
4722 1
4723 0
4724 0
4725 2
4726 2
4727 2
4728 2
4729 2
4730 0
4731 2
4732 1
4733 0
4734 0
4735 4
4736 1
4737 2
4738 2
4739 0
4740 4
4741 2
4742 3
4743 1
4744 2
4745 1
4746 0
4747 1
4748 3
4749 4
4750 5
4751 1
4752 1
4753 4
4754 1
4755 1
4756 2
4757 4
4758 2
4759 2
4760 3
4761 1
4762 2
4763 1
4764 2
4765 2
4766 1
4767 2
4768 0
4769 1
4770 3
4771 2
4772 2
4773 1
4774 1
4775 2
4776 1
4777 2
4778 2
4779 1
4780 1
4781 2
4782 3
4783 1
4784 2
4785 4
4786 1
4787 5
4788 3
4789 1
4790 0
4791 2
4792 2
4793 0
4794 1
4795 3
4796 1
4797 1
4798 0
4799 2
4800 6
4801 0
4802 1
4803 3
4804 2
4805 1
4806 2
4807 1
4808 0
4809 3
4810 1
4811 2
4812 4
4813 3
4814 0
4815 2
4816 1
4817 2
4818 3
4819 1
4820 0
4821 2
4822 2
4823 2
4824 2
4825 1
4826 2
4827 4
4828 2
4829 1
4830 2
4831 1
4832 0
4833 2
4834 1
4835 6
4836 1
4837 0
4838 1
4839 3
4840 1
4841 2
4842 2
4843 1
4844 1
4845 3
4846 0
4847 1
4848 2
4849 0
4850 2
4851 2
4852 1
4853 1
4854 3
4855 5
4856 0
4857 2
4858 2
4859 3
4860 2
4861 1
4862 1
4863 2
4864 1
4865 0
4866 0
4867 2
4868 4
4869 1
4870 4
4871 2
4872 3
4873 3
4874 3
4875 0
4876 2
4877 3
4878 4
4879 3
4880 1
4881 2
4882 3
4883 3
4884 1
4885 0
4886 2
4887 2
4888 1
4889 2
4890 2
4891 1
4892 1
4893 3
4894 1
4895 5
4896 2
4897 1
4898 2
4899 2
4900 2
4901 1
4902 3
4903 2
4904 2
4905 0
4906 1
4907 2
4908 4
4909 4
4910 3
4911 2
4912 4
4913 1
4914 3
4915 0
4916 2
4917 1
4918 3
4919 2
4920 3
4921 0
4922 4
4923 5
4924 4
4925 1
4926 1
4927 0
4928 2
4929 2
4930 1
4931 2
4932 2
4933 1
4934 2
4935 0
4936 1
4937 0
4938 2
4939 2
4940 5
4941 0
4942 3
4943 2
4944 2
4945 1
4946 3
4947 3
4948 2
4949 0
4950 3
4951 1
4952 4
4953 1
4954 3
4955 3
4956 1
4957 4
4958 3
4959 4
4960 1
4961 2
4962 3
4963 2
4964 4
4965 2
4966 2
4967 0
4968 4
4969 0
4970 1
4971 3
4972 7
4973 3
4974 3
4975 5
4976 0
4977 2
4978 1
4979 3
4980 3
4981 2
4982 3
4983 2
4984 1
4985 4
4986 3
4987 4
4988 1
4989 7
4990 3
4991 2
4992 2
4993 3
4994 3
4995 3
4996 3
4997 3
4998 2
4999 1
5000 3
5001 3
5002 2
5003 0
5004 1
5005 3
5006 1
5007 2
5008 2
5009 7
5010 2
5011 1
5012 2
5013 1
5014 1
5015 2
5016 1
5017 3
5018 1
5019 1
5020 4
5021 3
5022 1
5023 0
5024 1
5025 3
5026 3
5027 1
5028 4
5029 2
5030 3
5031 3
5032 1
5033 3
5034 1
5035 3
5036 3
5037 1
5038 2
5039 3
5040 7
5041 6
5042 1
5043 2
5044 1
5045 5
5046 1
5047 2
5048 1
5049 3
5050 1
5051 2
5052 2
5053 2
5054 2
5055 0
5056 0
5057 5
5058 3
5059 1
5060 1
5061 1
5062 3
5063 3
5064 0
5065 1
5066 4
5067 2
5068 0
5069 0
5070 7
5071 1
5072 4
5073 6
5074 3
5075 1
5076 0
5077 0
5078 3
5079 3
5080 0
5081 3
5082 1
5083 2
5084 2
5085 4
5086 4
5087 2
5088 5
5089 0
5090 1
5091 2
5092 1
5093 1
5094 1
5095 4
5096 4
5097 2
5098 3
5099 6
5100 3
5101 1
5102 2
5103 1
5104 2
5105 0
5106 1
5107 3
5108 1
5109 1
5110 2
5111 1
5112 1
5113 0
5114 3
5115 4
5116 1
5117 0
5118 6
5119 1
5120 2
5121 2
5122 4
5123 3
5124 3
5125 3
5126 2
5127 4
5128 5
5129 3
5130 1
5131 0
5132 4
5133 1
5134 5
5135 0
5136 1
5137 3
5138 0
5139 1
5140 2
5141 2
5142 0
5143 1
5144 0
5145 1
5146 0
5147 3
5148 0
5149 1
5150 1
5151 2
5152 1
5153 1
5154 0
5155 5
5156 0
5157 1
5158 1
5159 0
5160 2
5161 2
5162 2
5163 2
5164 6
5165 1
5166 0
5167 0
5168 1
5169 2
5170 0
5171 3
5172 1
5173 1
5174 2
5175 1
5176 2
5177 1
5178 1
5179 1
5180 3
5181 4
5182 1
5183 1
5184 1
5185 1
5186 0
5187 1
5188 0
5189 1
5190 1
5191 1
5192 1
5193 1
5194 1
5195 3
5196 0
5197 2
5198 2
5199 1
5200 1
5201 0
5202 1
5203 0
5204 1
5205 1
5206 1
5207 2
5208 0
5209 2
5210 2
5211 1
5212 0
5213 2
5214 3
5215 3
5216 0
5217 1
5218 0
5219 3
5220 1
5221 3
5222 0
5223 3
5224 1
5225 2
5226 0
5227 2
5228 4
5229 2
5230 4
5231 2
5232 3
5233 2
5234 2
5235 0
5236 2
5237 1
5238 0
5239 1
5240 0
5241 0
5242 1
5243 1
5244 4
5245 1
5246 2
5247 1
5248 0
5249 2
5250 0
5251 2
5252 1
5253 0
5254 2
5255 1
5256 0
5257 1
5258 3
5259 2
5260 2
5261 1
5262 0
5263 2
5264 3
5265 3
5266 1
5267 1
5268 3
5269 3
5270 3
5271 0
5272 1
5273 0
5274 0
5275 1
5276 2
5277 2
5278 2
5279 0
5280 3
5281 0
5282 1
5283 0
5284 2
5285 2
5286 2
5287 0
5288 1
5289 0
5290 3
5291 1
5292 2
5293 1
5294 0
5295 3
5296 2
5297 1
5298 1
5299 2
5300 0
5301 2
5302 0
5303 2
5304 2
5305 0
5306 2
5307 4
5308 2
5309 3
5310 3
5311 2
5312 3
5313 1
5314 0
5315 1
5316 3
5317 1
5318 3
5319 3
5320 2
5321 3
5322 1
5323 3
5324 1
5325 3
5326 0
5327 5
5328 0
5329 1
5330 1
5331 1
5332 3
5333 1
5334 2
5335 1
5336 0
5337 2
5338 3
5339 0
5340 3
5341 0
5342 1
5343 0
5344 3
5345 2
5346 1
5347 0
5348 2
5349 2
5350 0
5351 1
5352 2
5353 3
5354 2
5355 2
5356 2
5357 4
5358 0
5359 1
5360 1
5361 0
5362 1
5363 4
5364 0
5365 2
5366 2
5367 3
5368 5
5369 2
5370 0
5371 3
5372 1
5373 0
5374 0
5375 1
5376 1
5377 2
5378 1
5379 1
5380 1
5381 6
5382 5
5383 1
5384 0
5385 1
5386 1
5387 3
5388 2
5389 1
5390 2
5391 0
5392 0
5393 2
5394 1
5395 2
5396 0
5397 2
5398 1
5399 1
5400 0
5401 0
5402 3
5403 1
5404 1
5405 1
5406 3
5407 1
5408 1
5409 2
5410 0
5411 1
5412 0
5413 2
5414 5
5415 3
5416 0
5417 1
5418 1
5419 2
5420 1
5421 0
5422 1
5423 0
5424 1
5425 1
5426 3
5427 1
5428 1
5429 3
5430 0
5431 4
5432 2
5433 2
5434 0
5435 2
5436 1
5437 0
5438 0
5439 3
5440 1
5441 2
5442 2
5443 2
5444 1
5445 2
5446 3
5447 3
5448 1
5449 2
5450 0
5451 2
5452 4
5453 3
5454 2
5455 0
5456 1
5457 4
5458 1
5459 2
5460 0
5461 1
5462 3
5463 1
5464 1
5465 0
5466 0
5467 1
5468 3
5469 2
5470 0
5471 0
5472 5
5473 2
5474 2
5475 1
5476 1
5477 1
5478 2
5479 1
5480 2
5481 1
5482 1
5483 1
5484 2
5485 2
5486 5
5487 1
5488 6
5489 3
5490 4
5491 1
5492 1
5493 2
5494 3
5495 2
5496 1
5497 1
5498 1
5499 6
5500 4
5501 4
5502 1
5503 0
5504 1
5505 3
5506 2
5507 1
5508 3
5509 1
5510 0
5511 0
5512 2
5513 1
5514 2
5515 0
5516 0
5517 1
5518 1
5519 2
5520 0
5521 1
5522 1
5523 0
5524 3
5525 0
5526 2
5527 4
5528 2
5529 1
5530 4
5531 1
5532 2
5533 0
5534 2
5535 1
5536 1
5537 0
5538 0
5539 3
5540 0
5541 0
5542 3
5543 1
5544 0
5545 1
5546 1
5547 1
5548 2
5549 1
5550 0
5551 0
5552 1
5553 0
5554 1
5555 4
5556 1
5557 1
5558 2
5559 4
5560 2
5561 2
5562 2
5563 2
5564 0
5565 4
5566 0
5567 3
5568 1
5569 2
5570 1
5571 2
5572 3
5573 0
5574 3
5575 3
5576 1
5577 1
5578 1
5579 2
5580 1
5581 0
5582 0
5583 1
5584 0
5585 1
5586 0
5587 3
5588 1
5589 0
5590 5
5591 0
5592 0
5593 1
5594 2
5595 0
5596 4
5597 1
5598 4
5599 0
5600 0
5601 1
5602 1
5603 0
5604 1
5605 0
5606 1
5607 2
5608 0
5609 1
5610 2
5611 0
5612 1
5613 1
5614 1
5615 0
5616 0
5617 0
5618 0
5619 0
5620 1
5621 0
5622 1
5623 3
5624 0
5625 3
5626 3
5627 2
5628 1
5629 0
5630 0
5631 1
5632 0
5633 1
5634 0
5635 0
5636 1
5637 3
5638 0
5639 0
5640 1
5641 1
5642 1
5643 0
5644 2
5645 4
5646 2
5647 1
5648 0
5649 1
5650 2
5651 1
5652 1
5653 2
5654 1
5655 2
5656 3
5657 2
5658 0
5659 1
5660 0
5661 1
5662 2
5663 1
5664 0
5665 1
5666 1
5667 1
5668 0
5669 1
5670 1
5671 1
5672 2
5673 0
5674 0
5675 1
5676 2
5677 2
5678 2
5679 1
5680 1
5681 0
5682 0
5683 2
5684 0
5685 2
5686 1
5687 0
5688 0
5689 0
5690 1
5691 1
5692 4
5693 2
5694 1
5695 1
5696 2
5697 0
5698 1
5699 0
5700 3
5701 2
5702 2
5703 0
5704 0
5705 1
5706 2
5707 0
5708 0
5709 2
5710 1
5711 2
5712 1
5713 0
5714 0
5715 2
5716 0
5717 1
5718 2
5719 2
5720 1
5721 3
5722 3
5723 1
5724 3
5725 1
5726 0
5727 1
5728 2
5729 1
5730 2
5731 0
5732 3
5733 0
5734 0
5735 0
5736 0
5737 2
5738 2
5739 1
5740 0
5741 2
5742 1
5743 1
5744 0
5745 1
5746 0
5747 0
5748 2
5749 3
5750 5
5751 2
5752 3
5753 1
5754 0
5755 1
5756 1
5757 2
5758 0
5759 4
5760 2
5761 4
5762 0
5763 1
5764 3
5765 1
5766 3
5767 0
5768 3
5769 1
5770 1
5771 1
5772 3
5773 2
5774 1
5775 0
5776 1
5777 2
5778 0
5779 0
5780 0
5781 2
5782 1
5783 2
5784 0
5785 5
5786 2
5787 1
5788 2
5789 1
5790 0
5791 3
5792 1
5793 1
5794 1
5795 3
5796 0
5797 2
5798 2
5799 2
5800 0
5801 1
5802 1
5803 2
5804 1
5805 0
5806 1
5807 3
5808 6
5809 0
5810 3
5811 3
5812 4
5813 1
5814 0
5815 1
5816 0
5817 2
5818 0
5819 1
5820 4
5821 2
5822 2
5823 1
5824 3
5825 2
5826 2
5827 2
5828 0
5829 2
5830 2
5831 2
5832 3
5833 1
5834 2
5835 2
5836 1
5837 2
5838 2
5839 2
5840 2
5841 1
5842 2
5843 1
5844 0
5845 2
5846 1
5847 3
5848 0
5849 0
5850 1
5851 3
5852 3
5853 5
5854 2
5855 1
5856 1
5857 3
5858 2
5859 0
5860 0
5861 1
5862 0
5863 2
5864 3
5865 1
5866 1
5867 3
5868 1
5869 3
5870 1
5871 0
5872 4
5873 1
5874 0
5875 1
5876 0
5877 3
5878 1
5879 0
5880 4
5881 0
5882 1
5883 4
5884 2
5885 1
5886 1
5887 2
5888 0
5889 2
5890 3
5891 1
5892 0
5893 0
5894 1
5895 0
5896 1
5897 1
5898 1
5899 4
5900 0
5901 1
5902 2
5903 1
5904 1
5905 2
5906 1
5907 0
5908 3
5909 1
5910 2
5911 1
5912 3
5913 2
5914 2
5915 3
5916 1
5917 0
5918 0
5919 1
5920 1
5921 0
5922 0
5923 1
5924 0
5925 1
5926 0
5927 0
5928 1
5929 0
5930 1
5931 2
5932 2
5933 1
5934 3
5935 2
5936 0
5937 1
5938 1
5939 0
5940 2
5941 1
5942 1
5943 0
5944 1
5945 2
5946 0
5947 0
5948 2
5949 1
5950 0
5951 2
5952 1
5953 2
5954 2
5955 0
5956 3
5957 0
5958 2
5959 3
5960 1
5961 2
5962 1
5963 2
5964 2
5965 0
5966 2
5967 0
5968 1
5969 0
5970 0
5971 0
5972 1
5973 0
5974 2
5975 0
5976 1
5977 3
5978 1
5979 1
5980 2
5981 1
5982 3
5983 2
5984 2
5985 2
5986 3
5987 1
5988 0
5989 2
5990 0
5991 0
5992 0
5993 3
5994 2
5995 0
5996 1
5997 0
5998 1
5999 1
6000 1
6001 0
6002 2
6003 2
6004 0
6005 1
6006 0
6007 2
6008 0
6009 0
6010 0
6011 1
6012 0
6013 1
6014 1
6015 0
6016 0
6017 1
6018 2
6019 0
6020 0
6021 1
6022 1
6023 1
6024 0
6025 2
6026 3
6027 2
6028 3
6029 1
6030 1
6031 1
6032 0
6033 0
6034 0
6035 2
6036 2
6037 0
6038 0
6039 1
6040 3
6041 3
6042 2
6043 1
6044 0
6045 0
6046 1
6047 1
6048 1
6049 1
6050 0
6051 2
6052 2
6053 0
6054 1
6055 1
6056 1
6057 0
6058 1
6059 0
6060 2
6061 0
6062 2
6063 3
6064 2
6065 0
6066 3
6067 3
6068 3
6069 0
6070 1
6071 0
6072 1
6073 3
6074 2
6075 2
6076 2
6077 2
6078 2
6079 1
6080 4
6081 0
6082 4
6083 0
6084 6
6085 2
6086 0
6087 2
6088 2
6089 1
6090 0
6091 0
6092 0
6093 1
6094 1
6095 0
6096 2
6097 0
6098 1
6099 3
6100 2
6101 0
6102 0
6103 2
6104 2
6105 0
6106 1
6107 0
6108 3
6109 0
6110 1
6111 0
6112 3
6113 0
6114 5
6115 0
6116 0
6117 3
6118 0
6119 1
6120 1
6121 3
6122 2
6123 1
6124 3
6125 0
6126 2
6127 1
6128 0
6129 1
6130 0
6131 0
6132 3
6133 0
6134 0
6135 1
6136 1
6137 1
6138 0
6139 1
6140 0
6141 2
6142 2
6143 1
6144 2
6145 0
6146 3
6147 1
6148 0
6149 1
6150 1
6151 0
6152 1
6153 0
6154 1
6155 0
6156 0
6157 4
6158 0
6159 1
6160 4
6161 1
6162 0
6163 1
6164 1
6165 2
6166 1
6167 2
6168 1
6169 2
6170 4
6171 2
6172 1
6173 2
6174 4
6175 0
6176 1
6177 0
6178 3
6179 2
6180 0
6181 0
6182 1
6183 0
6184 0
6185 0
6186 1
6187 2
6188 3
6189 1
6190 0
6191 1
6192 2
6193 1
6194 1
6195 1
6196 1
6197 2
6198 1
6199 1
6200 1
6201 0
6202 0
6203 0
6204 0
6205 2
6206 0
6207 0
6208 0
6209 1
6210 2
6211 3
6212 1
6213 1
6214 0
6215 1
6216 0
6217 0
6218 0
6219 0
6220 0
6221 0
6222 0
6223 0
6224 2
6225 0
6226 1
6227 1
6228 1
6229 3
6230 1
6231 2
6232 0
6233 0
6234 0
6235 2
6236 1
6237 3
6238 2
6239 0
6240 2
6241 2
6242 0
6243 1
6244 3
6245 0
6246 2
6247 0
6248 2
6249 0
6250 0
6251 0
6252 1
6253 1
6254 2
6255 0
6256 1
6257 0
6258 0
6259 1
6260 0
6261 0
6262 1
6263 1
6264 0
6265 2
6266 0
6267 4
6268 1
6269 4
6270 2
6271 1
6272 1
6273 2
6274 0
6275 1
6276 0
6277 2
6278 0
6279 0
6280 2
6281 3
6282 1
6283 1
6284 0
6285 3
6286 1
6287 2
6288 1
6289 0
6290 2
6291 1
6292 1
6293 1
6294 0
6295 1
6296 3
6297 1
6298 0
6299 1
6300 2
6301 0
6302 5
6303 2
6304 0
6305 2
6306 1
6307 0
6308 1
6309 1
6310 0
6311 1
6312 1
6313 2
6314 1
6315 0
6316 2
6317 4
6318 3
6319 1
6320 2
6321 0
6322 1
6323 1
6324 0
6325 1
6326 1
6327 1
6328 2
6329 1
6330 1
6331 1
6332 1
6333 0
6334 1
6335 0
6336 2
6337 0
6338 2
6339 0
6340 2
6341 1
6342 2
6343 1
6344 1
6345 3
6346 0
6347 0
6348 3
6349 2
6350 0
6351 1
6352 1
6353 4
6354 1
6355 0
6356 0
6357 0
6358 0
6359 1
6360 0
6361 1
6362 2
6363 1
6364 1
6365 3
6366 0
6367 2
6368 0
6369 2
6370 0
6371 1
6372 0
6373 1
6374 1
6375 2
6376 0
6377 1
6378 2
6379 0
6380 1
6381 2
6382 0
6383 1
6384 2
6385 2
6386 1
6387 1
6388 3
6389 1
6390 1
6391 1
6392 1
6393 1
6394 2
6395 0
6396 1
6397 0
6398 2
6399 1
6400 0
6401 0
6402 2
6403 0
6404 2
6405 0
6406 1
6407 0
6408 0
6409 0
6410 0
6411 1
6412 1
6413 2
6414 2
6415 0
6416 1
6417 1
6418 2
6419 0
6420 1
6421 0
6422 2
6423 1
6424 2
6425 1
6426 1
6427 1
6428 0
6429 1
6430 0
6431 0
6432 0
6433 0
6434 2
6435 2
6436 4
6437 0
6438 1
6439 1
6440 4
6441 1
6442 1
6443 1
6444 1
6445 0
6446 1
6447 0
6448 2
6449 3
6450 0
6451 0
6452 1
6453 2
6454 0
6455 0
6456 1
6457 0
6458 2
6459 1
6460 4
6461 2
6462 2
6463 1
6464 3
6465 2
6466 3
6467 1
6468 0
6469 0
6470 0
6471 1
6472 1
6473 0
6474 2
6475 2
6476 0
6477 2
6478 3
6479 0
6480 3
6481 0
6482 0
6483 0
6484 0
6485 1
6486 2
6487 1
6488 2
6489 2
6490 0
6491 2
6492 3
6493 6
6494 1
6495 1
6496 0
6497 2
6498 1
6499 0
6500 2
6501 1
6502 0
6503 0
6504 3
6505 1
6506 2
6507 0
6508 0
6509 0
6510 0
6511 0
6512 0
6513 0
6514 1
6515 2
6516 0
6517 1
6518 0
6519 2
6520 1
6521 0
6522 2
6523 0
6524 0
6525 2
6526 0
6527 1
6528 2
6529 2
6530 0
6531 0
6532 0
6533 1
6534 0
6535 0
6536 1
6537 2
6538 1
6539 2
6540 2
6541 1
6542 2
6543 2
6544 0
6545 0
6546 0
6547 0
6548 1
6549 0
6550 0
6551 5
6552 0
6553 1
6554 0
6555 1
6556 1
6557 1
6558 0
6559 1
6560 0
6561 1
6562 0
6563 1
6564 1
6565 1
6566 2
6567 1
6568 3
6569 1
6570 0
6571 1
6572 1
6573 1
6574 3
6575 0
6576 1
6577 0
6578 3
6579 1
6580 5
6581 2
6582 2
6583 1
6584 2
6585 1
6586 2
6587 0
6588 1
6589 0
6590 4
6591 2
6592 2
6593 2
6594 0
6595 2
6596 0
6597 1
6598 1
6599 1
6600 2
6601 0
6602 1
6603 0
6604 1
6605 1
6606 1
6607 0
6608 1
6609 0
6610 1
6611 0
6612 3
6613 2
6614 2
6615 0
6616 1
6617 1
6618 0
6619 2
6620 1
6621 2
6622 3
6623 1
6624 0
6625 1
6626 1
6627 0
6628 2
6629 0
6630 0
6631 2
6632 0
6633 0
6634 1
6635 1
6636 2
6637 1
6638 1
6639 2
6640 3
6641 0
6642 1
6643 0
6644 1
6645 1
6646 1
6647 2
6648 2
6649 2
6650 2
6651 1
6652 1
6653 2
6654 0
6655 3
6656 1
6657 4
6658 1
6659 2
6660 1
6661 3
6662 2
6663 1
6664 4
6665 0
6666 1
6667 0
6668 1
6669 1
6670 1
6671 1
6672 2
6673 0
6674 2
6675 2
6676 1
6677 2
6678 0
6679 0
6680 2
6681 0
6682 1
6683 3
6684 2
6685 1
6686 1
6687 2
6688 0
6689 0
6690 0
6691 2
6692 2
6693 1
6694 3
6695 1
6696 4
6697 1
6698 0
6699 0
6700 3
6701 1
6702 1
6703 0
6704 1
6705 1
6706 0
6707 1
6708 1
6709 1
6710 1
6711 0
6712 0
6713 0
6714 2
6715 1
6716 0
6717 1
6718 0
6719 1
6720 2
6721 2
6722 1
6723 1
6724 0
6725 3
6726 1
6727 0
6728 2
6729 1
6730 1
6731 1
6732 0
6733 0
6734 0
6735 2
6736 4
6737 1
6738 2
6739 0
6740 1
6741 0
6742 1
6743 2
6744 1
6745 2
6746 5
6747 2
6748 2
6749 0
6750 1
6751 0
6752 3
6753 1
6754 1
6755 3
6756 4
6757 1
6758 0
6759 1
6760 2
6761 0
6762 0
6763 0
6764 0
6765 1
6766 1
6767 1
6768 1
6769 0
6770 3
6771 2
6772 0
6773 1
6774 0
6775 0
6776 1
6777 2
6778 2
6779 1
6780 0
6781 3
6782 3
6783 2
6784 2
6785 1
6786 0
6787 1
6788 0
6789 2
6790 0
6791 0
6792 1
6793 0
6794 4
6795 1
6796 1
6797 0
6798 2
6799 1
6800 2
6801 0
6802 1
6803 2
6804 0
6805 0
6806 1
6807 1
6808 1
6809 1
6810 1
6811 1
6812 0
6813 1
6814 2
6815 2
6816 0
6817 1
6818 0
6819 0
6820 1
6821 1
6822 0
6823 0
6824 2
6825 2
6826 1
6827 1
6828 1
6829 0
6830 1
6831 1
6832 1
6833 0
6834 2
6835 1
6836 0
6837 0
6838 2
6839 3
6840 1
6841 3
6842 1
6843 0
6844 1
6845 0
6846 0
6847 0
6848 1
6849 0
6850 2
6851 3
6852 1
6853 1
6854 0
6855 1
6856 4
6857 0
6858 1
6859 0
6860 1
6861 1
6862 2
6863 3
6864 1
6865 2
6866 2
6867 3
6868 1
6869 2
6870 2
6871 1
6872 1
6873 3
6874 2
6875 2
6876 0
6877 1
6878 1
6879 0
6880 1
6881 0
6882 2
6883 1
6884 0
6885 0
6886 1
6887 1
6888 0
6889 1
6890 1
6891 1
6892 1
6893 2
6894 0
6895 0
6896 1
6897 1
6898 0
6899 0
6900 0
6901 2
6902 0
6903 1
6904 0
6905 1
6906 0
6907 0
6908 1
6909 1
6910 3
6911 1
6912 1
6913 0
6914 1
6915 4
6916 1
6917 1
6918 1
6919 3
6920 1
6921 1
6922 1
6923 1
6924 1
6925 2
6926 2
6927 1
6928 0
6929 2
6930 0
6931 1
6932 1
6933 0
6934 1
6935 1
6936 0
6937 6
6938 0
6939 0
6940 1
6941 2
6942 1
6943 0
6944 1
6945 1
6946 1
6947 0
6948 0
6949 1
6950 4
6951 2
6952 1
6953 2
6954 1
6955 1
6956 2
6957 2
6958 1
6959 2
6960 0
6961 2
6962 3
6963 0
6964 1
6965 0
6966 1
6967 1
6968 1
6969 0
6970 0
6971 0
6972 0
6973 2
6974 0
6975 0
6976 1
6977 0
6978 1
6979 1
6980 0
6981 1
6982 1
6983 0
6984 2
6985 0
6986 1
6987 0
6988 0
6989 1
6990 1
6991 0
6992 0
6993 1
6994 0
6995 2
6996 1
6997 2
6998 1
6999 0
7000 0
7001 1
7002 2
7003 0
7004 0
7005 2
7006 0
7007 1
7008 2
7009 2
7010 0
7011 0
7012 2
7013 3
7014 3
7015 5
7016 1
7017 2
7018 1
7019 0
7020 0
7021 0
7022 1
7023 1
7024 1
7025 2
7026 1
7027 0
7028 2
7029 2
7030 1
7031 2
7032 4
7033 3
7034 2
7035 2
7036 1
7037 0
7038 3
7039 0
7040 2
7041 1
7042 1
7043 1
7044 2
7045 1
7046 1
7047 1
7048 1
7049 1
7050 1
7051 2
7052 2
7053 0
7054 0
7055 1
7056 3
7057 2
7058 2
7059 1
7060 2
7061 1
7062 2
7063 2
7064 0
7065 2
7066 3
7067 1
7068 1
7069 2
7070 2
7071 2
7072 0
7073 2
7074 0
7075 0
7076 1
7077 1
7078 2
7079 1
7080 0
7081 1
7082 0
7083 0
7084 1
7085 0
7086 3
7087 2
7088 1
7089 2
7090 1
7091 2
7092 2
7093 0
7094 3
7095 2
7096 2
7097 2
7098 0
7099 0
7100 3
7101 1
7102 2
7103 0
7104 2
7105 2
7106 0
7107 3
7108 0
7109 0
7110 1
7111 3
7112 2
7113 0
7114 1
7115 0
7116 3
7117 0
7118 0
7119 0
7120 2
7121 1
7122 1
7123 0
7124 2
7125 2
7126 2
7127 1
7128 0
7129 3
7130 0
7131 2
7132 4
7133 0
7134 2
7135 3
7136 0
7137 2
7138 2
7139 0
7140 2
7141 4
7142 0
7143 2
7144 1
7145 1
7146 0
7147 2
7148 0
7149 1
7150 2
7151 0
7152 1
7153 0
7154 2
7155 0
7156 0
7157 2
7158 1
7159 5
7160 1
7161 1
7162 3
7163 0
7164 1
7165 0
7166 1
7167 0
7168 0
7169 2
7170 0
7171 1
7172 0
7173 3
7174 4
7175 0
7176 2
7177 2
7178 1
7179 2
7180 0
7181 1
7182 1
7183 4
7184 0
7185 3
7186 0
7187 1
7188 1
7189 2
7190 2
7191 0
7192 3
7193 0
7194 1
7195 1
7196 1
7197 4
7198 0
7199 2
7200 0
7201 0
7202 0
7203 4
7204 1
7205 0
7206 1
7207 2
7208 1
7209 1
7210 1
7211 0
7212 0
7213 0
7214 1
7215 0
7216 0
7217 1
7218 1
7219 0
7220 0
7221 1
7222 1
7223 2
7224 0
7225 0
7226 1
7227 1
7228 1
7229 0
7230 1
7231 2
7232 1
7233 1
7234 0
7235 1
7236 2
7237 1
7238 1
7239 2
7240 0
7241 0
7242 2
7243 4
7244 1
7245 3
7246 0
7247 0
7248 1
7249 1
7250 0
7251 1
7252 0
7253 0
7254 1
7255 2
7256 2
7257 0
7258 2
7259 1
7260 1
7261 0
7262 0
7263 3
7264 3
7265 1
7266 0
7267 0
7268 3
7269 1
7270 1
7271 3
7272 2
7273 2
7274 0
7275 1
7276 1
7277 2
7278 0
7279 0
7280 1
7281 3
7282 1
7283 1
7284 0
7285 1
7286 1
7287 3
7288 1
7289 2
7290 2
7291 2
7292 1
7293 1
7294 1
7295 0
7296 2
7297 1
7298 1
7299 0
7300 1
7301 1
7302 0
7303 1
7304 4
7305 0
7306 3
7307 0
7308 1
7309 1
7310 0
7311 1
7312 1
7313 2
7314 0
7315 0
7316 0
7317 1
7318 1
7319 0
7320 0
7321 2
7322 1
7323 1
7324 1
7325 1
7326 1
7327 0
7328 0
7329 0
7330 0
7331 3
7332 0
7333 3
7334 2
7335 1
7336 0
7337 1
7338 1
7339 3
7340 3
7341 2
7342 0
7343 1
7344 0
7345 1
7346 1
7347 1
7348 0
7349 0
7350 1
7351 1
7352 0
7353 1
7354 0
7355 2
7356 2
7357 1
7358 0
7359 1
7360 1
7361 3
7362 0
7363 2
7364 0
7365 3
7366 1
7367 0
7368 1
7369 1
7370 0
7371 2
7372 0
7373 1
7374 1
7375 2
7376 3
7377 0
7378 0
7379 4
7380 0
7381 0
7382 2
7383 0
7384 0
7385 0
7386 4
7387 2
7388 0
7389 3
7390 4
7391 0
7392 1
7393 1
7394 2
7395 1
7396 0
7397 0
7398 1
7399 1
7400 0
7401 2
7402 0
7403 0
7404 1
7405 0
7406 2
7407 2
7408 0
7409 2
7410 2
7411 0
7412 0
7413 1
7414 0
7415 2
7416 0
7417 1
7418 1
7419 2
7420 0
7421 0
7422 0
7423 0
7424 1
7425 1
7426 0
7427 0
7428 2
7429 2
7430 4
7431 3
7432 0
7433 2
7434 1
7435 0
7436 2
7437 1
7438 0
7439 1
7440 1
7441 0
7442 0
7443 1
7444 1
7445 2
7446 0
7447 0
7448 3
7449 1
7450 0
7451 0
7452 1
7453 1
7454 2
7455 1
7456 0
7457 1
7458 2
7459 1
7460 0
7461 1
7462 0
7463 2
7464 1
7465 0
7466 0
7467 1
7468 0
7469 1
7470 2
7471 0
7472 0
7473 1
7474 0
7475 2
7476 0
7477 0
7478 0
7479 2
7480 0
7481 1
7482 0
7483 0
7484 0
7485 2
7486 1
7487 2
7488 2
7489 1
7490 1
7491 1
7492 1
7493 2
7494 0
7495 3
7496 2
7497 2
7498 1
7499 0
7500 0
7501 1
7502 2
7503 0
7504 0
7505 2
7506 0
7507 2
7508 1
7509 1
7510 1
7511 1
7512 0
7513 2
7514 1
7515 1
7516 0
7517 1
7518 1
7519 1
7520 2
7521 1
7522 1
7523 0
7524 1
7525 4
7526 0
7527 1
7528 0
7529 0
7530 0
7531 2
7532 2
7533 0
7534 0
7535 1
7536 0
7537 1
7538 0
7539 0
7540 2
7541 0
7542 1
7543 2
7544 0
7545 2
7546 1
7547 1
7548 3
7549 0
7550 1
7551 2
7552 0
7553 1
7554 0
7555 3
7556 1
7557 1
7558 2
7559 2
7560 0
7561 1
7562 0
7563 1
7564 3
7565 1
7566 0
7567 1
7568 0
7569 0
7570 0
7571 1
7572 0
7573 3
7574 0
7575 2
7576 1
7577 1
7578 0
7579 0
7580 2
7581 0
7582 0
7583 1
7584 2
7585 1
7586 2
7587 1
7588 2
7589 1
7590 0
7591 1
7592 2
7593 0
7594 0
7595 1
7596 0
7597 0
7598 0
7599 0
7600 1
7601 0
7602 2
7603 1
7604 1
7605 0
7606 2
7607 1
7608 2
7609 1
7610 1
7611 0
7612 0
7613 2
7614 3
7615 1
7616 0
7617 0
7618 3
7619 3
7620 2
7621 1
7622 2
7623 0
7624 1
7625 3
7626 3
7627 0
7628 4
7629 2
7630 0
7631 0
7632 0
7633 3
7634 0
7635 2
7636 3
7637 0
7638 1
7639 1
7640 1
7641 0
7642 0
7643 0
7644 3
7645 0
7646 0
7647 2
7648 0
7649 1
7650 1
7651 1
7652 1
7653 4
7654 4
7655 5
7656 2
7657 1
7658 2
7659 1
7660 1
7661 0
7662 1
7663 1
7664 1
7665 2
7666 0
7667 1
7668 2
7669 1
7670 1
7671 0
7672 1
7673 1
7674 1
7675 1
7676 2
7677 3
7678 2
7679 3
7680 2
7681 3
7682 2
7683 0
7684 2
7685 1
7686 2
7687 3
7688 1
7689 0
7690 1
7691 2
7692 0
7693 2
7694 1
7695 3
7696 1
7697 1
7698 0
7699 0
7700 1
7701 2
7702 1
7703 2
7704 1
7705 1
7706 1
7707 1
7708 3
7709 1
7710 3
7711 3
7712 2
7713 2
7714 0
7715 1
7716 2
7717 2
7718 1
7719 1
7720 4
7721 2
7722 4
7723 1
7724 0
7725 1
7726 1
7727 2
7728 1
7729 0
7730 1
7731 1
7732 3
7733 2
7734 0
7735 2
7736 0
7737 0
7738 0
7739 2
7740 1
7741 1
7742 2
7743 1
7744 0
7745 0
7746 0
7747 2
7748 1
7749 0
7750 0
7751 1
7752 0
7753 0
7754 1
7755 0
7756 2
7757 1
7758 1
7759 1
7760 1
7761 1
7762 0
7763 1
7764 1
7765 1
7766 2
7767 1
7768 1
7769 1
7770 2
7771 2
7772 1
7773 2
7774 3
7775 2
7776 0
7777 6
7778 3
7779 1
7780 1
7781 0
7782 1
7783 1
7784 2
7785 1
7786 1
7787 0
7788 1
7789 0
7790 0
7791 0
7792 0
7793 1
7794 0
7795 1
7796 0
7797 1
7798 1
7799 2
7800 2
7801 1
7802 0
7803 2
7804 1
7805 0
7806 1
7807 2
7808 1
7809 1
7810 2
7811 0
7812 1
7813 1
7814 0
7815 3
7816 1
7817 1
7818 0
7819 0
7820 0
7821 0
7822 1
7823 0
7824 1
7825 0
7826 1
7827 1
7828 1
7829 1
7830 0
7831 1
7832 0
7833 0
7834 0
7835 0
7836 0
7837 1
7838 2
7839 1
7840 1
7841 0
7842 0
7843 0
7844 1
7845 1
7846 0
7847 1
7848 1
7849 1
7850 1
7851 0
7852 0
7853 0
7854 0
7855 0
7856 2
7857 1
7858 0
7859 0
7860 2
7861 1
7862 1
7863 0
7864 0
7865 1
7866 1
7867 1
7868 0
7869 0
7870 0
7871 0
7872 1
7873 0
7874 0
7875 0
7876 0
7877 1
7878 0
7879 0
7880 1
7881 1
7882 2
7883 0
7884 0
7885 0
7886 1
7887 0
7888 2
7889 0
7890 0
7891 0
7892 0
7893 1
7894 0
7895 1
7896 0
7897 1
7898 0
7899 0
7900 0
7901 1
7902 1
7903 1
7904 0
7905 0
7906 1
7907 0
7908 1
7909 0
7910 0
7911 0
7912 1
7913 0
7914 0
7915 1
7916 0
7917 0
7918 1
7919 1
7920 1
7921 3
7922 0
7923 1
7924 0
7925 1
7926 1
7927 2
7928 1
7929 0
7930 0
7931 1
7932 1
7933 2
7934 0
7935 0
7936 0
7937 0
7938 1
7939 0
7940 0
7941 0
7942 1
7943 0
7944 0
7945 1
7946 0
7947 0
7948 1
7949 0
7950 1
7951 1
7952 0
7953 1
7954 0
7955 1
7956 0
7957 0
7958 2
7959 1
7960 0
7961 0
7962 0
7963 0
7964 0
7965 1
7966 1
7967 2
7968 0
7969 0
7970 0
7971 0
7972 0
7973 0
7974 1
7975 2
7976 0
7977 3
7978 0
7979 0
7980 0
7981 0
7982 0
7983 0
7984 2
7985 2
7986 2
7987 1
7988 2
7989 2
7990 2
7991 1
7992 1
7993 1
7994 1
7995 2
7996 1
7997 3
7998 2
7999 0
8000 1
8001 2
8002 1
8003 1
8004 0
8005 0
8006 1
8007 0
8008 3
8009 2
8010 1
8011 2
8012 1
8013 3
8014 0
8015 0
8016 1
8017 1
8018 0
8019 0
8020 2
8021 0
8022 2
8023 2
8024 2
8025 1
8026 0
8027 0
8028 0
8029 0
8030 1
8031 0
8032 1
8033 2
8034 0
8035 0
8036 1
8037 1
8038 1
8039 1
8040 2
8041 1
8042 1
8043 0
8044 0
8045 1
8046 1
8047 1
8048 0
8049 1
8050 0
8051 0
8052 1
8053 0
8054 0
8055 0
8056 1
8057 0
8058 0
8059 0
8060 0
8061 1
8062 0
8063 0
8064 0
8065 1
8066 1
8067 0
8068 2
8069 0
8070 0
8071 0
8072 0
8073 1
8074 0
8075 1
8076 1
8077 1
8078 0
8079 0
8080 1
8081 0
8082 0
8083 1
8084 1
8085 0
8086 1
8087 0
8088 1
8089 1
8090 0
8091 1
8092 1
8093 1
8094 0
8095 1
8096 1
8097 1
8098 0
8099 1
8100 1
8101 2
8102 2
8103 0
8104 0
8105 0
8106 0
8107 1
8108 1
8109 1
8110 0
8111 0
8112 1
8113 0
8114 1
8115 0
8116 2
8117 2
8118 0
8119 2
8120 0
8121 1
8122 1
8123 3
8124 2
8125 2
8126 2
8127 0
8128 1
8129 1
8130 0
8131 0
8132 3
8133 1
8134 1
8135 0
8136 2
8137 1
8138 0
8139 0
8140 0
8141 1
8142 0
8143 1
8144 0
8145 0
8146 0
8147 0
8148 2
8149 0
8150 1
8151 0
8152 0
8153 4
8154 1
8155 1
8156 2
8157 0
8158 1
8159 0
8160 1
8161 0
8162 3
8163 2
8164 4
8165 0
8166 0
8167 1
8168 1
8169 1
8170 1
8171 1
8172 2
8173 0
8174 1
8175 2
8176 1
8177 0
8178 1
8179 0
8180 2
8181 2
8182 0
8183 0
8184 0
8185 3
8186 1
8187 0
8188 1
8189 2
8190 0
8191 0
8192 1
8193 2
8194 0
8195 1
8196 0
8197 0
8198 1
8199 1
8200 1
8201 1
8202 0
8203 1
8204 1
8205 0
8206 1
8207 1
8208 2
8209 1
8210 1
8211 1
8212 1
8213 0
8214 0
8215 1
8216 1
8217 1
8218 0
8219 0
8220 0
8221 0
8222 1
8223 2
8224 1
8225 1
8226 1
8227 0
8228 1
8229 0
8230 3
8231 0
8232 1
8233 0
8234 1
8235 1
8236 1
8237 1
8238 1
8239 0
8240 1
8241 2
8242 2
8243 0
8244 0
8245 1
8246 0
8247 0
8248 1
8249 0
8250 1
8251 0
8252 1
8253 1
8254 3
8255 1
8256 0
8257 5
8258 1
8259 0
8260 1
8261 0
8262 0
8263 1
8264 3
8265 0
8266 0
8267 0
8268 0
8269 0
8270 0
8271 1
8272 0
8273 0
8274 0
8275 1
8276 0
8277 2
8278 2
8279 0
8280 1
8281 0
8282 0
8283 2
8284 0
8285 1
8286 1
8287 0
8288 0
8289 1
8290 0
8291 0
8292 0
8293 1
8294 0
8295 1
8296 0
8297 1
8298 0
8299 1
8300 0
8301 0
8302 1
8303 0
8304 0
8305 0
8306 0
8307 1
8308 1
8309 1
8310 0
8311 4
8312 1
8313 1
8314 3
8315 1
8316 2
8317 0
8318 2
8319 0
8320 1
8321 0
8322 0
8323 0
8324 0
8325 0
8326 0
8327 0
8328 1
8329 1
8330 1
8331 0
8332 0
8333 1
8334 1
8335 0
8336 2
8337 1
8338 0
8339 0
8340 0
8341 0
8342 1
8343 1
8344 2
8345 0
8346 1
8347 0
8348 0
8349 0
8350 2
8351 1
8352 0
8353 0
8354 0
8355 1
8356 1
8357 0
8358 0
8359 0
8360 0
8361 0
8362 0
8363 0
8364 0
8365 0
8366 1
8367 0
8368 1
8369 1
8370 1
8371 0
8372 1
8373 0
8374 0
8375 0
8376 0
8377 1
8378 0
8379 1
8380 1
8381 0
8382 0
8383 2
8384 2
8385 0
8386 1
8387 2
8388 0
8389 1
8390 3
8391 0
8392 1
8393 0
8394 0
8395 1
8396 1
8397 0
8398 1
8399 0
8400 0
8401 0
8402 0
8403 2
8404 0
8405 0
8406 0
8407 0
8408 0
8409 0
8410 0
8411 2
8412 2
8413 1
8414 0
8415 1
8416 1
8417 1
8418 0
8419 0
8420 1
8421 1
8422 0
8423 0
8424 0
8425 1
8426 0
8427 2
8428 0
8429 1
8430 1
8431 1
8432 0
8433 0
8434 2
8435 2
8436 2
8437 0
8438 0
8439 1
8440 0
8441 0
8442 0
8443 1
8444 0
8445 2
8446 1
8447 0
8448 4
8449 0
8450 0
8451 0
8452 0
8453 0
8454 0
8455 0
8456 1
8457 0
8458 1
8459 0
8460 0
8461 1
8462 0
8463 0
8464 0
8465 0
8466 0
8467 1
8468 1
8469 1
8470 0
8471 0
8472 0
8473 0
8474 0
8475 0
8476 0
8477 0
8478 1
8479 1
8480 0
8481 1
8482 1
8483 1
8484 2
8485 0
8486 3
8487 0
8488 0
8489 1
8490 1
8491 1
8492 1
8493 1
8494 0
8495 0
8496 1
8497 0
8498 0
8499 2
8500 0
8501 0
8502 0
8503 1
8504 1
8505 0
8506 1
8507 1
8508 1
8509 2
8510 1
8511 1
8512 0
8513 2
8514 0
8515 0
8516 0
8517 0
8518 1
8519 1
8520 0
8521 0
8522 0
8523 0
8524 0
8525 0
8526 1
8527 0
8528 0
8529 2
8530 0
8531 1
8532 0
8533 1
8534 0
8535 1
8536 2
8537 0
8538 1
8539 0
8540 0
8541 0
8542 0
8543 0
8544 0
8545 0
8546 1
8547 1
8548 1
8549 2
8550 1
8551 0
8552 0
8553 0
8554 0
8555 2
8556 0
8557 1
8558 0
8559 0
8560 2
8561 1
8562 0
8563 0
8564 0
8565 0
8566 0
8567 0
8568 0
8569 0
8570 0
8571 2
8572 0
8573 0
8574 1
8575 0
8576 0
8577 1
8578 0
8579 0
8580 0
8581 0
8582 1
8583 0
8584 0
8585 0
8586 0
8587 1
8588 0
8589 1
8590 1
8591 0
8592 0
8593 0
8594 1
8595 3
8596 1
8597 1
8598 1
8599 2
8600 2
8601 1
8602 1
8603 1
8604 0
8605 0
8606 0
8607 0
8608 1
8609 3
8610 2
8611 1
8612 2
8613 0
8614 0
8615 1
8616 1
8617 0
8618 0
8619 0
8620 0
8621 0
8622 0
8623 0
8624 0
8625 0
8626 0
8627 2
8628 1
8629 0
8630 2
8631 2
8632 1
8633 1
8634 0
8635 1
8636 1
8637 0
8638 1
8639 2
8640 2
8641 1
8642 1
8643 0
8644 0
8645 1
8646 0
8647 0
8648 0
8649 1
8650 1
8651 0
8652 0
8653 1
8654 2
8655 0
8656 0
8657 1
8658 0
8659 0
8660 0
8661 1
8662 0
8663 3
8664 1
8665 1
8666 0
8667 1
8668 1
8669 2
8670 1
8671 0
8672 0
8673 0
8674 0
8675 0
8676 1
8677 0
8678 0
8679 1
8680 0
8681 0
8682 0
8683 0
8684 1
8685 3
8686 0
8687 0
8688 1
8689 0
8690 1
8691 2
8692 1
8693 0
8694 2
8695 1
8696 0
8697 0
8698 0
8699 1
8700 0
8701 0
8702 2
8703 1
8704 0
8705 1
8706 1
8707 1
8708 0
8709 1
8710 1
8711 0
8712 0
8713 0
8714 0
8715 0
8716 1
8717 0
8718 1
8719 2
8720 0
8721 1
8722 0
8723 2
8724 0
8725 1
8726 0
8727 0
8728 0
8729 0
8730 3
8731 1
8732 0
8733 0
8734 0
8735 1
8736 1
8737 2
8738 0
8739 0
8740 1
8741 0
8742 1
8743 0
8744 1
8745 2
8746 0
8747 0
8748 0
8749 1
8750 0
8751 0
8752 0
8753 0
8754 0
8755 0
8756 0
8757 3
8758 0
8759 0
8760 2
8761 0
8762 1
8763 0
8764 1
8765 1
8766 0
8767 0
8768 1
8769 2
8770 0
8771 0
8772 1
8773 0
8774 3
8775 2
8776 0
8777 1
8778 0
8779 0
8780 0
8781 0
8782 0
8783 0
8784 1
8785 0
8786 0
8787 0
8788 3
8789 1
8790 0
8791 2
8792 0
8793 1
8794 3
8795 0
8796 0
8797 0
8798 1
8799 1
8800 2
8801 1
8802 0
8803 0
8804 0
8805 1
8806 0
8807 1
8808 1
8809 2
8810 1
8811 0
8812 1
8813 1
8814 3
8815 1
8816 1
8817 0
8818 0
8819 0
8820 1
8821 1
8822 0
8823 1
8824 1
8825 0
8826 0
8827 0
8828 1
8829 0
8830 0
8831 1
8832 1
8833 0
8834 0
8835 0
8836 1
8837 1
8838 0
8839 1
8840 4
8841 1
8842 0
8843 0
8844 2
8845 0
8846 0
8847 0
8848 0
8849 2
8850 0
8851 0
8852 0
8853 0
8854 1
8855 0
8856 0
8857 1
8858 0
8859 0
8860 3
8861 0
8862 1
8863 5
8864 0
8865 1
8866 1
8867 1
8868 1
8869 0
8870 2
8871 3
8872 0
8873 1
8874 0
8875 0
8876 0
8877 1
8878 0
8879 1
8880 1
8881 0
8882 0
8883 0
8884 1
8885 0
8886 0
8887 0
8888 1
8889 0
8890 0
8891 2
8892 0
8893 0
8894 0
8895 0
8896 2
8897 1
8898 2
8899 0
8900 1
8901 1
8902 0
8903 0
8904 0
8905 0
8906 2
8907 1
8908 1
8909 0
8910 1
8911 1
8912 1
8913 3
8914 1
8915 0
8916 0
8917 1
8918 0
8919 2
8920 1
8921 1
8922 0
8923 0
8924 0
8925 0
8926 1
8927 0
8928 1
8929 1
8930 1
8931 0
8932 1
8933 1
8934 0
8935 1
8936 1
8937 0
8938 0
8939 1
8940 2
8941 0
8942 3
8943 0
8944 0
8945 0
8946 0
8947 0
8948 1
8949 0
8950 2
8951 0
8952 0
8953 0
8954 1
8955 1
8956 0
8957 0
8958 2
8959 1
8960 3
8961 1
8962 1
8963 0
8964 0
8965 1
8966 4
8967 0
8968 1
8969 0
8970 1
8971 1
8972 3
8973 1
8974 0
8975 0
8976 1
8977 0
8978 4
8979 2
8980 3
8981 2
8982 0
8983 2
8984 3
8985 1
8986 0
8987 1
8988 0
8989 0
8990 2
8991 0
8992 0
8993 0
8994 0
8995 1
8996 1
8997 0
8998 3
8999 0
9000 1
9001 1
9002 0
9003 1
9004 1
9005 1
9006 0
9007 1
9008 1
9009 0
9010 0
9011 2
9012 1
9013 1
9014 1
9015 0
9016 0
9017 1
9018 2
9019 0
9020 0
9021 2
9022 1
9023 2
9024 0
9025 0
9026 0
9027 1
9028 1
9029 1
9030 1
9031 1
9032 2
9033 0
9034 0
9035 0
9036 0
9037 0
9038 2
9039 1
9040 1
9041 2
9042 1
9043 1
9044 1
9045 2
9046 1
9047 3
9048 0
9049 0
9050 2
9051 1
9052 0
9053 0
9054 2
9055 0
9056 1
9057 0
9058 1
9059 0
9060 0
9061 0
9062 0
9063 1
9064 0
9065 1
9066 1
9067 0
9068 0
9069 0
9070 1
9071 3
9072 0
9073 2
9074 1
9075 0
9076 0
9077 0
9078 3
9079 0
9080 0
9081 2
9082 0
9083 0
9084 2
9085 1
9086 0
9087 2
9088 0
9089 2
9090 1
9091 0
9092 2
9093 0
9094 0
9095 0
9096 2
9097 1
9098 0
9099 0
9100 0
9101 1
9102 1
9103 1
9104 2
9105 0
9106 1
9107 1
9108 1
9109 0
9110 1
9111 2
9112 0
9113 0
9114 1
9115 0
9116 0
9117 2
9118 1
9119 1
9120 0
9121 0
9122 2
9123 2
9124 0
9125 0
9126 0
9127 1
9128 0
9129 0
9130 0
9131 2
9132 0
9133 0
9134 0
9135 0
9136 0
9137 1
9138 1
9139 1
9140 0
9141 0
9142 0
9143 1
9144 3
9145 0
9146 2
9147 0
9148 0
9149 2
9150 0
9151 1
9152 2
9153 4
9154 1
9155 0
9156 1
9157 0
9158 0
9159 1
9160 1
9161 2
9162 0
9163 2
9164 0
9165 0
9166 3
9167 0
9168 1
9169 0
9170 0
9171 1
9172 0
9173 2
9174 0
9175 2
9176 0
9177 1
9178 3
9179 1
9180 0
9181 1
9182 2
9183 2
9184 2
9185 1
9186 1
9187 1
9188 0
9189 2
9190 1
9191 0
9192 3
9193 1
9194 2
9195 0
9196 0
9197 0
9198 0
9199 0
9200 2
9201 2
9202 1
9203 1
9204 1
9205 0
9206 0
9207 1
9208 0
9209 0
9210 1
9211 0
9212 0
9213 1
9214 0
9215 0
9216 0
9217 2
9218 0
9219 2
9220 0
9221 1
9222 0
9223 0
9224 0
9225 1
9226 0
9227 0
9228 2
9229 1
9230 1
9231 1
9232 1
9233 0
9234 0
9235 1
9236 1
9237 0
9238 0
9239 0
9240 0
9241 0
9242 1
9243 3
9244 0
9245 1
9246 0
9247 0
9248 2
9249 0
9250 1
9251 1
9252 1
9253 3
9254 1
9255 2
9256 1
9257 1
9258 1
9259 0
9260 0
9261 0
9262 1
9263 0
9264 0
9265 0
9266 0
9267 2
9268 4
9269 0
9270 0
9271 0
9272 0
9273 2
9274 0
9275 1
9276 1
9277 0
9278 0
9279 0
9280 3
9281 0
9282 0
9283 0
9284 0
9285 0
9286 0
9287 0
9288 0
9289 1
9290 0
9291 1
9292 0
9293 0
9294 1
9295 0
9296 0
9297 1
9298 1
9299 2
9300 0
9301 2
9302 0
9303 0
9304 0
9305 0
9306 0
9307 0
9308 1
9309 0
9310 0
9311 1
9312 0
9313 1
9314 0
9315 1
9316 0
9317 0
9318 1
9319 2
9320 0
9321 0
9322 0
9323 1
9324 1
9325 1
9326 1
9327 0
9328 1
9329 1
9330 0
9331 0
9332 0
9333 1
9334 1
9335 0
9336 1
9337 1
9338 0
9339 1
9340 0
9341 1
9342 0
9343 1
9344 0
9345 2
9346 2
9347 0
9348 2
9349 0
9350 0
9351 1
9352 0
9353 1
9354 0
9355 0
9356 1
9357 0
9358 1
9359 0
9360 0
9361 0
9362 1
9363 3
9364 0
9365 1
9366 0
9367 0
9368 0
9369 2
9370 0
9371 2
9372 3
9373 1
9374 0
9375 1
9376 0
9377 1
9378 0
9379 2
9380 1
9381 1
9382 2
9383 0
9384 0
9385 1
9386 0
9387 1
9388 2
9389 3
9390 1
9391 2
9392 2
9393 2
9394 0
9395 2
9396 0
9397 2
9398 0
9399 0
9400 0
9401 0
9402 1
9403 2
9404 1
9405 3
9406 0
9407 1
9408 0
9409 1
9410 0
9411 1
9412 0
9413 0
9414 0
9415 0
9416 1
9417 4
9418 1
9419 2
9420 2
9421 0
9422 1
9423 0
9424 1
9425 0
9426 0
9427 1
9428 1
9429 1
9430 0
9431 2
9432 1
9433 1
9434 2
9435 1
9436 0
9437 1
9438 0
9439 0
9440 2
9441 0
9442 0
9443 1
9444 2
9445 0
9446 0
9447 1
9448 0
9449 1
9450 0
9451 2
9452 1
9453 1
9454 4
9455 0
9456 0
9457 2
9458 1
9459 0
9460 0
9461 0
9462 0
9463 0
9464 0
9465 1
9466 0
9467 1
9468 0
9469 2
9470 0
9471 1
9472 1
9473 1
9474 0
9475 0
9476 1
9477 0
9478 1
9479 1
9480 1
9481 0
9482 0
9483 0
9484 1
9485 0
9486 0
9487 1
9488 1
9489 1
9490 1
9491 0
9492 1
9493 1
9494 0
9495 0
9496 0
9497 1
9498 2
9499 0
9500 0
9501 2
9502 1
9503 2
9504 4
9505 2
9506 0
9507 0
9508 0
9509 2
9510 1
9511 0
9512 0
9513 2
9514 0
9515 0
9516 0
9517 3
9518 1
9519 1
9520 1
9521 1
9522 1
9523 1
9524 0
9525 1
9526 0
9527 0
9528 1
9529 1
9530 2
9531 1
9532 0
9533 0
9534 1
9535 0
9536 0
9537 0
9538 0
9539 0
9540 0
9541 0
9542 0
9543 1
9544 0
9545 0
9546 0
9547 0
9548 1
9549 1
9550 1
9551 2
9552 0
9553 0
9554 0
9555 0
9556 3
9557 1
9558 1
9559 1
9560 1
9561 2
9562 0
9563 0
9564 1
9565 0
9566 1
9567 0
9568 1
9569 1
9570 0
9571 0
9572 0
9573 2
9574 1
9575 1
9576 1
9577 0
9578 3
9579 0
9580 0
9581 1
9582 1
9583 1
9584 0
9585 1
9586 0
9587 0
9588 0
9589 2
9590 1
9591 0
9592 2
9593 0
9594 0
9595 2
9596 2
9597 4
9598 0
9599 1
9600 2
9601 3
9602 0
9603 1
9604 0
9605 1
9606 2
9607 1
9608 1
9609 0
9610 0
9611 0
9612 0
9613 0
9614 0
9615 1
9616 0
9617 2
9618 1
9619 0
9620 1
9621 1
9622 0
9623 0
9624 1
9625 2
9626 0
9627 1
9628 1
9629 0
9630 1
9631 0
9632 1
9633 2
9634 1
9635 0
9636 3
9637 2
9638 0
9639 3
9640 1
9641 0
9642 1
9643 0
9644 0
9645 1
9646 1
9647 0
9648 0
9649 0
9650 1
9651 2
9652 1
9653 0
9654 0
9655 0
9656 0
9657 0
9658 1
9659 1
9660 0
9661 1
9662 0
9663 0
9664 2
9665 0
9666 1
9667 1
9668 1
9669 1
9670 0
9671 0
9672 2
9673 0
9674 0
9675 0
9676 1
9677 1
9678 1
9679 1
9680 0
9681 2
9682 1
9683 2
9684 0
9685 0
9686 1
9687 2
9688 1
9689 0
9690 1
9691 0
9692 0
9693 0
9694 0
9695 1
9696 1
9697 0
9698 1
9699 1
9700 0
9701 0
9702 1
9703 0
9704 1
9705 0
9706 0
9707 1
9708 0
9709 0
9710 1
9711 2
9712 0
9713 2
9714 0
9715 0
9716 0
9717 2
9718 0
9719 0
9720 0
9721 1
9722 0
9723 0
9724 2
9725 0
9726 0
9727 0
9728 0
9729 0
9730 1
9731 0
9732 0
9733 0
9734 1
9735 1
9736 1
9737 1
9738 1
9739 0
9740 0
9741 1
9742 0
9743 0
9744 0
9745 0
9746 0
9747 0
9748 0
9749 0
9750 3
9751 1
9752 1
9753 0
9754 0
9755 0
9756 0
9757 0
9758 0
9759 0
9760 0
9761 1
9762 1
9763 2
9764 1
9765 0
9766 1
9767 1
9768 1
9769 2
9770 2
9771 5
9772 0
9773 0
9774 0
9775 0
9776 0
9777 0
9778 0
9779 0
9780 0
9781 0
9782 0
9783 0
9784 0
9785 1
9786 1
9787 2
9788 0
9789 1
9790 3
9791 1
9792 1
9793 0
9794 1
9795 0
9796 1
9797 0
9798 1
9799 2
9800 1
9801 1
9802 0
9803 0
9804 0
9805 0
9806 0
9807 0
9808 2
9809 1
9810 0
9811 2
9812 1
9813 1
9814 3
9815 1
9816 0
9817 0
9818 0
9819 2
9820 0
9821 1
9822 1
9823 0
9824 0
9825 1
9826 1
9827 1
9828 1
9829 0
9830 0
9831 1
9832 1
9833 0
9834 0
9835 0
9836 0
9837 2
9838 0
9839 0
9840 1
9841 0
9842 0
9843 0
9844 1
9845 0
9846 0
9847 0
9848 0
9849 2
9850 0
9851 0
9852 1
9853 0
9854 0
9855 2
9856 2
9857 0
9858 0
9859 0
9860 0
9861 2
9862 0
9863 0
9864 1
9865 0
9866 0
9867 0
9868 0
9869 1
9870 1
9871 0
9872 1
9873 0
9874 0
9875 1
9876 0
9877 2
9878 0
9879 1
9880 1
9881 2
9882 0
9883 0
9884 1
9885 0
9886 1
9887 0
9888 0
9889 0
9890 0
9891 0
9892 2
9893 1
9894 0
9895 1
9896 2
9897 1
9898 0
9899 2
9900 1
9901 1
9902 0
9903 1
9904 0
9905 0
9906 0
9907 1
9908 0
9909 1
9910 1
9911 0
9912 0
9913 3
9914 0
9915 1
9916 2
9917 1
9918 0
9919 0
9920 1
9921 1
9922 0
9923 0
9924 1
9925 0
9926 0
9927 1
9928 2
9929 1
9930 0
9931 1
9932 1
9933 0
9934 0
9935 0
9936 1
9937 0
9938 0
9939 0
9940 1
9941 0
9942 1
9943 1
9944 0
9945 0
9946 0
9947 0
9948 0
9949 0
9950 0
9951 1
9952 1
9953 1
9954 0
9955 1
9956 0
9957 1
9958 0
9959 1
9960 0
9961 0
9962 0
9963 2
9964 1
9965 0
9966 1
9967 0
9968 0
9969 0
9970 2
9971 1
9972 0
9973 1
9974 0
9975 1
9976 0
9977 0
9978 2
9979 0
9980 1
9981 0
9982 1
9983 2
9984 0
9985 0
9986 1
9987 0
9988 1
9989 4
9990 0
9991 0
9992 0
9993 0
9994 0
9995 0
9996 0
9997 0
9998 0
9999 2
10000 2
10001 4349
