       clusters_total filtered_by_depth filtered_by_maxH  filtered_by_maxAlleles filtered_by_maxN reads_consens   nsites nhetero heterozygosity
175600         278992            201730                0                  2925.0                0         73924 27398633   69919        0.00255
175601         250927            177594                0                  2728.0                0         70234 25615187   60330        0.00236
175602         138405             64523                0                  2763.0                0         70793 26295883   60227        0.00229
175603         222275            146542                0                  2791.0                0         72570 26969047   65490        0.00243
175604         208382            130416                0                  3090.0                0         74469 27676653   69821        0.00252
175605         160833             83883                0                  2996.0                0         73588 27991253   69710        0.00249
175606         268250            187913                0                  3130.0                0         76722 28489591   73297        0.00257
175607         173323             97157                0                  2880.0                0         72920 27176120   67265        0.00248
175608         235255            159079                0                  3031.0                0         72740 26777740   66603        0.00249
175609         212698            134680                0                  3103.0                0         74515 27831188   70393        0.00253
175610         226590            148530                0                  2970.0                0         74678 27690692   69102        0.00250
175611         239676            161855                0                  2917.0                0         74479 27704531   68839        0.00248
175612         253860            175366                0                  2949.0                0         75080 27675122   69546        0.00251
175613         352491            273221                1                  2989.0                0         75776 27535952   71651        0.00260
175614         229110            150275                0                  3007.0                0         75412 28066199   71562        0.00255
175615         221403            141998                0                  3065.0                0         75873 28180137   72008        0.00256
175616         308044            228082                0                  3120.0                0         76337 28104970   73574        0.00262
175617         229658            150751                0                  3092.0                0         75378 28053301   71954        0.00256
175618         308482            225874                0                  3211.0                0         78840 28560198   75349        0.00264
175619         251220            171191                0                  3199.0                0         76355 28396720   74689        0.00263
175620         233153            155458                0                  3340.0                0         73926 26874581   69087        0.00257
175621         197193            116219                0                  3056.0                0         77473 28790613   73113        0.00254
BIE002         236316            168295                0                  2712.0                0         65029 23074334   58866        0.00255
BIE004         260244            198266                0                  2576.0                0         59105 19339871   51456        0.00266
BIE005         133621             84925                0                  1962.0                0         46502 13025608   36914        0.00283
BIE006         131722             91392                0                  1565.0                0         38590 10066972   29788        0.00296
BIE007         139534             82202                0                  2255.0                0         54871 17549540   48079        0.00274
BIE008         116935             72678                0                  1666.0                0         42384 11265636   32472        0.00288
BIE028         180227            102602                0                  3106.0                0         74130 27994359   70871        0.00253
BIE030         191191            125921                0                  2553.0                0         62397 20730158   54386        0.00262
BIE044         184897            111143                0                  2974.0                0         70526 27278945   64482        0.00236
BIE045         178870            131175                1                  1766.0                0         45682 12271443   34210        0.00279
BIE048         199440            122461                0                  3136.0                0         73486 27930422   70516        0.00252
BIE049         124168             59773                0                  2558.0                0         61616 21297791   54862        0.00258
BIE050         187339            111979                0                  3100.0                0         71945 26914728   68505        0.00255
BIE092         223682            143107                0                  3013.0                0         77050 27210252   67864        0.00249
BRZ001         281910            205344                0                  2737.0                0         73430 27697040   64569        0.00233
BRZ004         261711            180476                0                  3040.0                0         77826 31308776   75626        0.00242
BRZ005         253623            174514                0                  2913.0                0         75834 29480347   68534        0.00232
BRZ006         390221            306912                0                  3023.0                0         79795 30048047   75567        0.00251
BRZ008         308776            227729                0                  3017.0                0         77618 30093312   72526        0.00241
BRZ011         218036            143216                0                  2626.0                0         71893 27534854   63887        0.00232
BRZ013         195219            121409                0                  2613.0                0         70915 27338663   63324        0.00232
BRZ014         123489             70191                0                  1950.0                0         51170 16628713   42301        0.00254
BRZ015         252458            188271                0                  2231.0                0         61690 20935665   52485        0.00251
BRZ019         201447            144576                0                  2057.0                0         54614 17386335   44175        0.00254
BRZ020         430536            355215                0                  2503.0                0         72289 23832234   64824        0.00272
BRZ021         281407            215633                0                  2294.0                0         63166 20861196   54066        0.00259
BRZ025         216668            149306                0                  2362.0                0         64692 22196352   53326        0.00240
BRZ026         293285            220788                0                  2602.0                0         69537 24871481   60685        0.00244
BRZ027         295456            227113                1                  2368.0                0         65595 21733726   54344        0.00250
BRZ028         358347            283571                1                  2704.0                0         71653 25717293   64017        0.00249
BRZ031         267335            203157                0                  2226.0                0         61630 19953800   47554        0.00238
BRZ033         198846            139884                0                  1995.0                0         56683 17713203   41635        0.00235
BRZ034         224980            159816                0                  2695.0                0         62157 20583592   48199        0.00234
BRZ039         222333            152973                0                  2398.0                0         66629 23167584   54728        0.00236
BRZ040         186350            125921                0                  2426.0                0         57721 18151367   45863        0.00253
BRZ041         210567            142137                0                  2457.0                0         65636 22445274   53696        0.00239
BRZ044         256127            190134                0                  2129.0                0         63592 21913250   49088        0.00224
BRZ045         194568            150991                0                  1266.0                0         42090 11016220   26720        0.00243
BRZ046         413103            339954                1                  2180.0                0         70473 23723385   56004        0.00236
BRZ047         498867            433193                1                  1947.0                0         63171 18900597   47944        0.00254
BRZ052         384522            307680                0                  2728.0                0         73641 25359877   66930        0.00264
BRZ054         479133            403145                1                  2728.0                0         72684 24340638   70654        0.00290
BRZ057         487181            405904                0                  2932.0                0         77685 26206155   73870        0.00282
BRZ066         453754            441169                0                   304.0                0         11910  2053741    7954        0.00387
BRZ068         291083            221265                0                  2414.0                0         67037 22879391   55872        0.00244
BRZ070         418556            347137                0                  2406.0                0         68557 22410567   59244        0.00264
BRZ071         408307            347454                0                  2060.0                0         58392 17515004   45915        0.00262
BRZ083         279541            203208                0                  2723.0                0         73207 26502929   66532        0.00251
BRZ099         222436            149090                0                  2678.0                0         70383 25941783   63296        0.00244
BRZ107         512938            435638                2                  2425.0                0         73972 21984632   62091        0.00282
BRZ108         191773            152042                0                  1210.0                0         38333 10339651   26271        0.00254
BRZ110         339418            297240                1                  1332.0                0         40524 10099884   28418        0.00281
BRZ111         443184            417498                0                   673.0                0         24532  4682233   14548        0.00311
BRZ114         486909            417571                1                  2218.0                0         66468 20407989   53827        0.00264
BRZ115         333531            276528                0                  1967.0                0         54721 16520449   41558        0.00252
LAN005         284121            207409                0                  3612.0                0         72729 27677996   80146        0.00290
LAN017         264805            182146                1                  3651.0                0         78589 30428714   89405        0.00294
LAN018         238542            160721                0                  3508.0                0         73938 28306909   82408        0.00291
LAN019         419121            333436                0                  3811.0                0         81282 30381233   92831        0.00306
LAN022         253878            179444                0                  3250.0                0         70861 26517185   78196        0.00295
LAN029         103291             68317                0                  1455.0                0         33352  8023198   27726        0.00346
LAN033         197678            135945                0                  2719.0                0         58734 18790308   59456        0.00316
LAN038         238256            162288                0                  3454.0                0         72181 26750257   79362        0.00297
LAN039         284724            206439                0                  3636.0                0         74280 28081738   86589        0.00308
LAN040         423562            337948                0                  3885.0                0         81166 31107936   94728        0.00305
LAN041         357266            276838                0                  3490.0                0         76474 28621402   86806        0.00303
LAN042         284787            211179                0                  2822.0                0         70338 24045636   68336        0.00284
LAN043         252256            169829                0                  3752.0                0         78232 29841955   88581        0.00297
LAN044         141743             88818                0                  2234.0                0         50372 13768262   45749        0.00332
LAN045         128850             71659                0                  2555.0                0         54419 17043225   53638        0.00315
LAN047         165736            107157                0                  2596.0                0         55755 17395211   55498        0.00319
LAN048         143113             78304                0                  2807.0                0         61709 20595817   58243        0.00283
LAN049         147213             84746                0                  2762.0                0         59291 17778598   56895        0.00320
LAN050         211780            136785                0                  3163.0                0         71390 24550836   69926        0.00285
LAN052         287518            222392                0                  2996.0                0         61803 20741904   61292        0.00295
LAN059         184789            106106                0                  3381.0                0         74906 28266883   81331        0.00288
LAN060         220392            142441                0                  3518.0                0         74055 27847762   79718        0.00286
LAN061         261764            188121                1                  3263.0                0         70026 25536509   74266        0.00291
LAN062         118055             62455                0                  2374.0                0         52927 15265027   49066        0.00321
LAN063         132545             67278                0                  2596.0                0         62321 20388598   56854        0.00279
LAN064         129655             68857                0                  2536.0                0         57908 17373922   54054        0.00311
LAN065         138840             69920                0                  3094.0                0         65470 22192897   68563        0.00309
LAN067         189062            116746                0                  3098.0                0         68670 22892069   71213        0.00311
LAN071         232444            157467                0                  3531.0                0         71122 26446515   80203        0.00303
LAN072         210052            137573                0                  3273.0                0         68876 24770202   71843        0.00290
LAN074         308895            231968                0                  3359.0                0         73144 26484587   78474        0.00296
LAN087         213812            138670                0                  3421.0                0         71349 26085374   77088        0.00296
LAN088         218869            144881                1                  3299.0                0         70302 25194999   75029        0.00298
LAN089         245962            170247                0                  3370.0                0         71820 24047418   72249        0.00300
LAN090         163191             83675                0                  3683.0                0         75426 28262615   82873        0.00293
LAN092         232924            157356                0                  3366.0                0         71809 26245568   76992        0.00293
LAN093         218614            140194                0                  3639.0                0         74471 29245618   87091        0.00298
LAN095         249067            170823                0                  3594.0                0         74299 28587818   87225        0.00305
LAN097         329651            254466                1                  3265.0                0         71380 23968043   75082        0.00313
LAN098         138018             81166                0                  2623.0                0         53953 16653496   50705        0.00304
LAN099         196873            121780                0                  3434.0                0         71301 26635998   79331        0.00298
LAN102         204240            130590                1                  3448.0                0         69863 25964819   75611        0.00291
LAN103         251048            175630                0                  3524.0                0         71582 27108962   79349        0.00293
LAN111         232754            157792                0                  3281.0                0         71364 27463918   72013        0.00262
LAN113         245539            171834                0                  3485.0                0         68846 25500679   73093        0.00287
LAN114         281394            203933                1                  3586.0                0         73437 27556584   80789        0.00293
LAN115         233690            153074                0                  3599.0                0         76592 29291493   87001        0.00297
LAN117         121718             53087                0                  3197.0                0         65242 24554425   67710        0.00276
LAN119         360181            284068                0                  3218.0                0         72352 24934883   77092        0.00309
LAN130         279881            209358                0                  2727.0                0         67436 23670688   62220        0.00263
LAN131         205812            130448                0                  3470.0                0         71532 26601718   77296        0.00291
LAN132         185021            109508                0                  3593.0                0         71630 27911763   80655        0.00289
LAN133         381950            308909                0                  3158.0                0         69343 23835821   71649        0.00301
LAN134         161045             84643                1                  3477.0                0         72537 26453426   79761        0.00302
LAN135         231699            152577                0                  3459.0                0         75141 26903374   80955        0.00301
SUO001         210792            133023                0                  2609.0                0         74829 28500211   69234        0.00243
SUO002         331944            265530                0                  2239.0                0         63809 20845092   53213        0.00255
SUO003         229584            157680                0                  2360.0                0         69211 24836778   59953        0.00241
SUO004         358372            276846                0                  2968.0                0         78103 29465315   72281        0.00245
SUO005         227244            150749                0                  2723.0                0         73474 29119300   68081        0.00234
SUO006         129437             78115                0                  1721.0                0         49364 14109362   37629        0.00267
SUO009         231664            156171                0                  2699.0                0         72446 27229075   64037        0.00235
SUO011         261854            182353                0                  2857.0                0         76316 30073653   71928        0.00239
SUO012         156331             89452                0                  2742.0                0         63888 22931082   63584        0.00277
SUO016         291354            207858                0                  3034.0                0         80010 30711989   75200        0.00245
SUO019         282761            200140                0                  3101.0                0         79143 31481341   76881        0.00244
SUO020         221035            144832                0                  2719.0                0         73155 28233715   67978        0.00241
SUO022         565344            502366                1                  2100.0                0         60295 18466403   48223        0.00261
SUO023         229423            155306                0                  2582.0                0         71163 26295551   60583        0.00230
SUO027         281989            208419                0                  2616.0                0         70648 26978727   63968        0.00237
SUO030         283785            204912                0                  2948.0                0         75580 29514561   71746        0.00243
SUO031         165520            105553                0                  1891.0                0         57792 18076421   42738        0.00236
SUO034         196159            122652                0                  2485.0                0         70583 24769384   59534        0.00240
SUO043         209318            131838                0                  2685.0                0         74325 27128120   66375        0.00245
SUO047         158195             82782                0                  2615.0                0         72476 28139262   63182        0.00225
SUO048         167473             92715                0                  2562.0                0         71817 26398475   61373        0.00232
SUO049         155359             83785                0                  2386.0                0         68849 24925916   57015        0.00229
SUO056         180801            102779                0                  2681.0                0         74966 28937839   66465        0.00230
SUO058         139595             72133                1                  2174.0                0         64938 22226212   51707        0.00233
SUO059         238375            160645                0                  2655.0                0         74645 27578992   67302        0.00244
SUO060         155914             91187                0                  2178.0                0         62221 20209057   50093        0.00248
SUO061         146963             82437                0                  2133.0                0         62086 20463347   51466        0.00252
SUO076         196657            127772                0                  2352.0                0         66134 21274067   56392        0.00265
SUO077         223864            153065                0                  2393.0                0         68025 23091829   56751        0.00246
SUO080         164749             95360                0                  2251.0                0         66715 22088652   55581        0.00252
SUO081         149462             90644                0                  1867.0                0         56576 16511261   42343        0.00256
SUO082         199609            135414                0                  2066.0                0         61701 18564697   48168        0.00259
SUO083          89975             50942                0                  1235.0                0         37569  8914061   24628        0.00276
SUO084         176602            111352                0                  2242.0                0         62638 20008130   51271        0.00256
SUO087         167467             90307                0                  2627.0                0         74114 27010751   65265        0.00242
SUO088         166715             91985                0                  2672.0                0         71698 26342913   63374        0.00241
SUO090         179956            102328                0                  2740.0                0         74519 28685437   68285        0.00238
SUO092         306871            231834                0                  2633.0                0         71928 25736047   62187        0.00242
SUO094         255097            176682                0                  2826.0                0         75094 27127326   66967        0.00247
SUO095          44971             37665                0                   214.0                0          7047  1252329    4042        0.00323
SUO097         182016            111131                0                  2270.0                0         68281 24476325   53119        0.00217
SUO099         162788             87611                0                  2715.0                0         72141 27903163   63414        0.00227
SUO100         258324            182688                0                  2611.0                0         72565 26123115   62957        0.00241
SUO101         289841            211973                0                  2788.0                0         74697 28934912   69340        0.00240
SUO102         253302            175857                0                  2640.0                0         74333 27268581   66553        0.00244
SUO104         228848            151786                0                  2735.0                0         73970 28521290   69100        0.00242
SUO105         230541            155640                0                  2532.0                0         71974 26072160   62506        0.00240
SUO108         153537             80015                0                  2830.0                0         70477 28047529   65038        0.00232
SUO111         113902             42648                0                  2696.0                0         68400 27820317   57235        0.00206
SUO112         197991            123323                0                  2756.0                0         71516 25670250   63908        0.00249
SUO114         225886            148062                0                  2873.0                0         74592 28726091   68953        0.00240
SUO115         184046            104877                0                  2781.0                0         76001 29004643   69795        0.00241
SUO116         290384            212195                0                  3350.0                0         74421 28101169   79363        0.00282
SUO117         304485            232478                0                  2474.0                0         69142 24763188   59939        0.00242
SUO118         208720            133943                0                  2683.0                0         71754 27047279   64280        0.00238
SUO119         315097            236595                0                  3836.0                0         74208 27804054   84220        0.00303
SUO120         179146            105895                0                  2624.0                0         70297 26364697   61151        0.00232
SUO122         169977            100446                0                  2398.0                0         66845 24251762   56328        0.00232
SUO124         170559             96198                0                  2705.0                0         71233 25372025   63268        0.00249
SUO125         257887            184226                0                  2690.0                0         70591 25280641   63064        0.00249
SUO126         320701            245833                0                  2719.0                0         71717 25525881   64266        0.00252
SUO127         244085            167719                0                  2590.0                0         73334 26520655   65733        0.00248
THU001         160771            116517                1                  1677.0                0         42382 11430436   32109        0.00281
THU002         170634             99231                0                  2898.0                0         68222 25211133   63573        0.00252
THU004         243644            182954                0                  2344.0                0         58053 18702284   49004        0.00262
THU005         200233            127735                0                  2717.0                0         69457 25644722   61401        0.00239
THU007         373771            294841                0                  2967.0                0         75557 29229623   70351        0.00241
THU010         300020            236064                0                  2297.0                0         61378 20524153   51289        0.00250
THU011         212740            134993                0                  2749.0                0         74703 29624275   67497        0.00228
THU014         238312            162770                0                  2919.0                0         72326 28154518   66364        0.00236
THU019         270128            193003                0                  2920.0                0         73901 29067140   70839        0.00244
THU027         420206            350244                0                  2574.0                0         67028 23170045   60216        0.00260
THU038         380219            294406                0                  3478.0                0         81849 32255320   85853        0.00266
THU039         396885            319661                0                  2711.0                0         74129 27789381   69259        0.00249
THU056         320903            244419                0                  2820.0                0         73305 27886899   66121        0.00237
THU060         354975            275436                0                  2807.0                0         76303 29417390   67565        0.00230
THU061         210295            132277                0                  2978.0                0         74771 30311480   72173        0.00238
THU066         298035            280838                0                   566.0                0         16467  3490059   11561        0.00331
THU067         417701            337334                0                  5675.0                0         74261 28092733   79755        0.00284
THU073         248793            170801                0                  2885.0                0         74742 29171210   64322        0.00220
THU077         332153            257249                0                  2788.0                0         71629 24787628   62766        0.00253
THU079         301118            224555                0                  2762.0                0         73413 27279597   66271        0.00243
THU080         256466            179388                0                  2750.0                0         73967 27931266   66989        0.00240
THU081         292845            218289                0                  2804.0                0         71397 26384096   64040        0.00243
THU082         326671            248303                0                  2789.0                0         75122 28187331   66315        0.00235
THU083         434806            359917                0                  2733.0                0         71693 25323227   61856        0.00244
THU084         342043            265872                0                  2806.0                0         73008 26790998   66877        0.00250
THU086         243038            167703                1                  2748.0                0         72233 26682825   66359        0.00249
THU087         286819            212147                0                  2813.0                0         71482 25684368   64171        0.00250
THU091         487805            418578                0                  2327.0                0         66372 20924947   55268        0.00264
THU097         260131            184807                0                  3089.0                0         71856 26373517   69483        0.00263
THU099         444319            369599                1                  2534.0                0         71668 24188648   61511        0.00254
THU104         269296            194027                0                  2716.0                0         72180 26423539   63205        0.00239
THU106         242222            164941                1                  2704.0                0         74173 27461547   66944        0.00244
THU107         186930            111243                0                  2665.0                0         72668 26977364   63476        0.00235
THU108         329977            253039                0                  2603.0                0         73881 26420689   66293        0.00251
THU109         230691            154771                0                  2697.0                0         72897 27493765   66316        0.00241
THU110         245487            182793                0                  2181.0                0         60213 19617452   46333        0.00236
THU111         270616            194775                0                  2780.0                0         72733 27783675   65593        0.00236
THU113         457932            393950                1                  2046.0                0         61406 18470133   46782        0.00253
THU114         552047            471299                2                  2891.0                0         76881 24452878   71817        0.00294
THU118         409365            345022                0                  2097.0                0         61720 18511449   48342        0.00261
THU119         299813            231099                0                  2672.0                0         65728 23232044   54701        0.00235
THU120         292759            218820                1                  2733.0                0         70897 26367924   63713        0.00242
THU124         319430            254464                0                  2284.0                0         62391 21101106   49717        0.00236
THU127         364239            288389                0                  2823.0                0         72643 27260351   64284        0.00236
THU128         327589            249102                0                  2920.0                0         75175 28778965   68673        0.00239
THU143         352533            285837                0                  2709.0                0         63598 21286271   56702        0.00266
THU164         337174            257322                0                  3288.0                0         76126 28690404   72526        0.00253
THU165         235983            160145                0                  2833.0                0         72736 28546559   66658        0.00234
THU168         378027            301989                0                  2670.0                0         72929 26887699   64433        0.00240
THU173         165120             96646                0                  2565.0                0         65795 27177175   53825        0.00198
THU177         309120            230360                0                  3035.0                0         75313 28758294   70037        0.00244
THU179         257464            184580                0                  2996.0                0         69545 25262114   64908        0.00257
THU182         363031            289150                0                  2489.0                0         70966 25085846   61632        0.00246
THU183         224521            148048                0                  2856.0                0         73273 27978784   68176        0.00244
THU185         346621            267139                0                  2846.0                0         76185 28150430   69477        0.00247
THU187         411128            332939                0                  2896.0                0         74592 25780834   67228        0.00261
THU190         217571            144523                0                  2888.0                0         69834 25981565   63952        0.00246
THU197         367602            295192                0                  2875.0                0         69134 24324733   62899        0.00259
THU198         382750            316882                0                  2344.0                0         63094 20042332   51424        0.00257
THU199         411102            379483                1                  1014.0                0         30107  6469912   20152        0.00311
WAL003         227543            144525                0                  3359.0                0         79306 32198028   79095        0.00246
WAL004         262985            177104                0                  4069.0                0         81376 32319921   85112        0.00263
WAL006         328596            240167                0                  4642.0                0         83321 33350943   92423        0.00277
WAL007         265129            186482                0                  3886.0                0         74465 29728369   76999        0.00259
WAL009         277824            196761                0                  3643.0                0         77067 30595647   78621        0.00257
WAL010         269697            184088                0                  4246.0                0         80922 32008980   83774        0.00262
WAL014         211845            131129                0                  3814.0                0         76523 29761630   74936        0.00252
WAL016         229103            147357                0                  3274.0                0         78121 31002205   79498        0.00256
WAL021         164420             91873                0                  2601.0                0         69674 26464841   56726        0.00214
WAL022         235472            158435                0                  2867.0                0         73765 27537585   68094        0.00247
WAL024         199332            119870                0                  3014.0                0         76112 30524766   71173        0.00233
WAL030         137568             70471                0                  2365.0                0         64425 22189920   51368        0.00231
WAL031         201456            123470                0                  2845.0                0         74772 28338844   69387        0.00245
WAL033         194177            116224                0                  2887.0                0         74667 27702448   67095        0.00242
WAL036         239848            163177                0                  2909.0                0         73424 27869408   70800        0.00254
WAL040         226262            149862                0                  2733.0                0         73318 27431933   67455        0.00246
WAL041         250611            174451                0                  2761.0                0         73002 27024294   65511        0.00242
WAL042         233540            160245                0                  2676.0                0         70333 26199596   61370        0.00234
WAL045         207991            127419                0                  3086.0                0         77126 30745882   77582        0.00252
WAL078         221081            138837                0                  5832.0                0         75906 27973093   81846        0.00293
WAL079         181040            105010                0                  4484.0                0         71245 27431272   72170        0.00263
WAL084         188539            111928                0                  3126.0                0         73191 28651949   69113        0.00241
WAL086         199731            120399                0                  4108.0                0         74841 28723412   74240        0.00258
WAL088         229071            149074                0                  3432.0                0         76163 29256548   73638        0.00252
ZUR011         511925            429636                0                  2935.0                0         78464 26308745   72056        0.00274
ZUR018         345325            268866                0                  2898.0                0         73110 26283095   69060        0.00263