# Title:27-mer spectra for: BRZ057_12872AAC_ATGCGCAG-TACTCCTT_R1_001.fastq.gz
# XLabel:27-mer frequency
# YLabel:# distinct 27-mers
# Kmer value:27
# Input 1:../../data/fastq/BRZ057_12872AAC_ATGCGCAG-TACTCCTT_R1_001.fastq.gz
###
1 79129221
2 12283883
3 4043382
4 1689822
5 892550
6 587297
7 430921
8 348812
9 294036
10 256006
11 229629
12 205419
13 192030
14 175398
15 163598
16 153022
17 140036
18 132959
19 123707
20 117742
21 109895
22 107771
23 103434
24 99111
25 96164
26 89541
27 87365
28 85445
29 83322
30 79265
31 78309
32 76851
33 76561
34 73500
35 71739
36 69912
37 68874
38 67204
39 67404
40 63317
41 61312
42 60332
43 61069
44 58405
45 58262
46 55163
47 53528
48 53305
49 52450
50 53555
51 49910
52 50083
53 49179
54 49048
55 48174
56 46868
57 46104
58 46693
59 44808
60 44618
61 42678
62 42338
63 42202
64 41608
65 39827
66 38263
67 38441
68 37783
69 37877
70 37090
71 36361
72 35055
73 35998
74 35122
75 35648
76 35545
77 34638
78 33292
79 33103
80 33608
81 32816
82 32497
83 32015
84 30684
85 30676
86 31172
87 30086
88 30664
89 29975
90 29170
91 29629
92 28936
93 27850
94 27510
95 27433
96 26505
97 25341
98 24202
99 24027
100 23609
101 23543
102 23108
103 22878
104 21976
105 21141
106 20951
107 21323
108 20041
109 19152
110 19160
111 18675
112 18287
113 17717
114 17174
115 16374
116 15110
117 15192
118 15051
119 14787
120 14289
121 13456
122 13135
123 12704
124 12018
125 11268
126 11245
127 10809
128 10548
129 10393
130 9693
131 9547
132 9308
133 9206
134 8511
135 8090
136 7887
137 7370
138 6841
139 6632
140 6817
141 6719
142 6364
143 6034
144 5763
145 5309
146 5118
147 5123
148 5081
149 4823
150 4603
151 4422
152 4572
153 4273
154 4315
155 4136
156 4147
157 4319
158 4087
159 3989
160 3640
161 3526
162 3655
163 3309
164 2946
165 2996
166 2991
167 3126
168 2987
169 2867
170 2726
171 2897
172 2725
173 2752
174 2789
175 2438
176 2604
177 2321
178 2615
179 2741
180 2609
181 2459
182 2310
183 2252
184 2203
185 2267
186 2284
187 2158
188 2150
189 2229
190 2284
191 2300
192 2060
193 2130
194 1884
195 1888
196 1878
197 1856
198 1881
199 1938
200 1760
201 1689
202 1643
203 1703
204 1761
205 1654
206 1534
207 1569
208 1599
209 1574
210 1646
211 1666
212 1671
213 1757
214 1637
215 1673
216 1612
217 1562
218 1527
219 1564
220 1523
221 1491
222 1400
223 1486
224 1416
225 1396
226 1330
227 1236
228 1261
229 1309
230 1234
231 1367
232 1318
233 1289
234 1194
235 1185
236 1053
237 1111
238 1137
239 1091
240 1075
241 1090
242 1022
243 985
244 1014
245 1010
246 982
247 965
248 1023
249 1059
250 998
251 929
252 907
253 896
254 939
255 877
256 888
257 949
258 935
259 810
260 857
261 855
262 931
263 871
264 824
265 816
266 808
267 816
268 798
269 812
270 668
271 708
272 703
273 696
274 700
275 738
276 675
277 748
278 695
279 696
280 666
281 603
282 671
283 599
284 597
285 582
286 555
287 550
288 547
289 535
290 582
291 554
292 589
293 540
294 588
295 587
296 565
297 585
298 570
299 574
300 590
301 603
302 563
303 548
304 522
305 508
306 451
307 465
308 497
309 466
310 485
311 498
312 481
313 429
314 472
315 487
316 463
317 450
318 402
319 443
320 474
321 461
322 468
323 465
324 454
325 453
326 447
327 421
328 419
329 435
330 365
331 383
332 360
333 356
334 378
335 375
336 441
337 405
338 417
339 418
340 332
341 349
342 390
343 345
344 329
345 344
346 351
347 308
348 338
349 309
350 371
351 324
352 312
353 414
354 366
355 335
356 346
357 321
358 326
359 343
360 323
361 338
362 319
363 297
364 284
365 282
366 259
367 307
368 285
369 273
370 276
371 325
372 314
373 278
374 285
375 270
376 283
377 244
378 256
379 268
380 260
381 235
382 244
383 277
384 278
385 299
386 275
387 272
388 284
389 261
390 243
391 240
392 258
393 255
394 224
395 262
396 246
397 235
398 307
399 236
400 252
401 217
402 219
403 257
404 232
405 250
406 247
407 240
408 232
409 212
410 182
411 221
412 204
413 209
414 206
415 219
416 209
417 205
418 218
419 192
420 196
421 191
422 179
423 216
424 212
425 234
426 221
427 200
428 218
429 200
430 236
431 233
432 217
433 198
434 195
435 186
436 195
437 205
438 200
439 203
440 201
441 189
442 217
443 197
444 185
445 171
446 163
447 168
448 153
449 167
450 146
451 171
452 165
453 195
454 170
455 179
456 136
457 162
458 152
459 179
460 155
461 141
462 146
463 157
464 160
465 130
466 125
467 140
468 167
469 161
470 180
471 170
472 160
473 152
474 177
475 171
476 159
477 171
478 174
479 170
480 132
481 144
482 125
483 150
484 137
485 143
486 140
487 139
488 149
489 122
490 140
491 119
492 122
493 159
494 150
495 155
496 137
497 146
498 142
499 141
500 144
501 140
502 140
503 151
504 150
505 147
506 135
507 120
508 117
509 120
510 141
511 135
512 144
513 135
514 119
515 131
516 148
517 145
518 119
519 112
520 141
521 132
522 108
523 104
524 111
525 126
526 157
527 108
528 126
529 127
530 125
531 117
532 113
533 120
534 112
535 103
536 112
537 118
538 138
539 106
540 133
541 114
542 124
543 110
544 98
545 116
546 124
547 112
548 120
549 115
550 118
551 134
552 115
553 130
554 118
555 144
556 152
557 130
558 137
559 115
560 107
561 102
562 110
563 131
564 113
565 113
566 91
567 114
568 86
569 108
570 120
571 85
572 111
573 91
574 110
575 91
576 101
577 108
578 87
579 125
580 98
581 110
582 97
583 105
584 118
585 126
586 122
587 112
588 94
589 125
590 127
591 106
592 107
593 104
594 88
595 91
596 91
597 67
598 114
599 96
600 97
601 94
602 79
603 107
604 88
605 91
606 96
607 105
608 103
609 94
610 104
611 103
612 78
613 65
614 87
615 93
616 120
617 86
618 108
619 82
620 101
621 88
622 82
623 93
624 101
625 90
626 81
627 94
628 94
629 93
630 73
631 93
632 85
633 90
634 86
635 92
636 112
637 116
638 81
639 99
640 84
641 80
642 84
643 69
644 65
645 69
646 78
647 63
648 77
649 88
650 80
651 90
652 84
653 105
654 67
655 86
656 69
657 78
658 95
659 86
660 83
661 64
662 78
663 72
664 78
665 82
666 52
667 69
668 74
669 47
670 65
671 74
672 64
673 74
674 67
675 62
676 87
677 65
678 62
679 64
680 82
681 92
682 72
683 74
684 80
685 55
686 63
687 73
688 69
689 69
690 57
691 67
692 56
693 57
694 62
695 58
696 63
697 48
698 67
699 66
700 62
701 63
702 63
703 50
704 58
705 53
706 65
707 60
708 69
709 67
710 66
711 62
712 72
713 52
714 58
715 49
716 62
717 57
718 66
719 62
720 58
721 59
722 58
723 59
724 68
725 67
726 64
727 84
728 68
729 73
730 50
731 64
732 65
733 51
734 64
735 57
736 52
737 62
738 66
739 69
740 78
741 61
742 67
743 68
744 78
745 77
746 59
747 56
748 59
749 53
750 50
751 48
752 45
753 56
754 54
755 57
756 56
757 60
758 46
759 70
760 61
761 45
762 42
763 45
764 41
765 33
766 47
767 39
768 51
769 51
770 56
771 49
772 36
773 45
774 52
775 55
776 50
777 55
778 46
779 43
780 39
781 48
782 46
783 46
784 33
785 43
786 44
787 41
788 36
789 40
790 38
791 48
792 34
793 34
794 49
795 52
796 45
797 51
798 47
799 51
800 45
801 57
802 45
803 47
804 56
805 42
806 38
807 34
808 39
809 41
810 43
811 46
812 47
813 44
814 49
815 50
816 45
817 22
818 50
819 56
820 63
821 65
822 45
823 40
824 48
825 40
826 39
827 42
828 54
829 38
830 46
831 36
832 44
833 40
834 41
835 49
836 45
837 52
838 41
839 32
840 39
841 46
842 36
843 45
844 33
845 33
846 34
847 38
848 42
849 34
850 42
851 36
852 36
853 43
854 27
855 53
856 43
857 37
858 44
859 43
860 49
861 54
862 40
863 36
864 46
865 44
866 50
867 54
868 59
869 31
870 29
871 37
872 34
873 34
874 32
875 43
876 42
877 27
878 39
879 32
880 30
881 43
882 35
883 31
884 39
885 33
886 37
887 30
888 47
889 35
890 34
891 31
892 42
893 48
894 45
895 40
896 44
897 43
898 28
899 40
900 29
901 21
902 37
903 41
904 35
905 43
906 28
907 33
908 30
909 38
910 31
911 32
912 41
913 27
914 25
915 29
916 30
917 40
918 43
919 43
920 35
921 31
922 39
923 36
924 48
925 32
926 25
927 35
928 32
929 37
930 38
931 37
932 23
933 43
934 36
935 33
936 42
937 41
938 35
939 34
940 46
941 46
942 39
943 48
944 47
945 39
946 40
947 45
948 41
949 32
950 28
951 43
952 24
953 35
954 37
955 27
956 24
957 39
958 28
959 32
960 34
961 30
962 30
963 44
964 34
965 36
966 47
967 18
968 41
969 43
970 36
971 33
972 42
973 51
974 32
975 39
976 42
977 40
978 35
979 45
980 43
981 26
982 29
983 31
984 38
985 32
986 35
987 50
988 50
989 43
990 36
991 36
992 54
993 37
994 40
995 35
996 37
997 36
998 32
999 33
1000 33
1001 46
1002 38
1003 38
1004 36
1005 28
1006 37
1007 33
1008 27
1009 25
1010 22
1011 32
1012 32
1013 35
1014 28
1015 36
1016 26
1017 32
1018 25
1019 23
1020 29
1021 41
1022 31
1023 31
1024 30
1025 44
1026 35
1027 46
1028 34
1029 28
1030 24
1031 41
1032 30
1033 27
1034 31
1035 29
1036 31
1037 27
1038 37
1039 32
1040 36
1041 29
1042 33
1043 32
1044 39
1045 30
1046 22
1047 24
1048 29
1049 33
1050 24
1051 31
1052 29
1053 25
1054 38
1055 27
1056 26
1057 30
1058 31
1059 26
1060 23
1061 23
1062 29
1063 30
1064 21
1065 28
1066 27
1067 27
1068 18
1069 27
1070 29
1071 20
1072 17
1073 28
1074 31
1075 19
1076 27
1077 22
1078 18
1079 35
1080 30
1081 21
1082 28
1083 30
1084 32
1085 27
1086 28
1087 24
1088 31
1089 27
1090 24
1091 28
1092 29
1093 21
1094 25
1095 17
1096 31
1097 22
1098 25
1099 24
1100 21
1101 30
1102 25
1103 23
1104 19
1105 21
1106 21
1107 18
1108 32
1109 34
1110 28
1111 26
1112 27
1113 29
1114 27
1115 33
1116 25
1117 22
1118 29
1119 27
1120 28
1121 30
1122 34
1123 22
1124 29
1125 21
1126 24
1127 22
1128 25
1129 25
1130 22
1131 15
1132 21
1133 23
1134 27
1135 27
1136 32
1137 20
1138 29
1139 33
1140 26
1141 25
1142 17
1143 29
1144 21
1145 17
1146 25
1147 24
1148 18
1149 22
1150 28
1151 23
1152 27
1153 23
1154 17
1155 23
1156 16
1157 24
1158 18
1159 20
1160 28
1161 17
1162 22
1163 20
1164 11
1165 23
1166 29
1167 17
1168 27
1169 20
1170 16
1171 21
1172 16
1173 13
1174 22
1175 31
1176 19
1177 36
1178 25
1179 17
1180 19
1181 30
1182 24
1183 17
1184 27
1185 25
1186 23
1187 26
1188 25
1189 29
1190 15
1191 33
1192 19
1193 21
1194 21
1195 18
1196 25
1197 21
1198 22
1199 23
1200 22
1201 21
1202 20
1203 15
1204 22
1205 22
1206 24
1207 22
1208 30
1209 23
1210 21
1211 24
1212 17
1213 17
1214 26
1215 28
1216 17
1217 23
1218 29
1219 17
1220 23
1221 27
1222 14
1223 18
1224 20
1225 22
1226 22
1227 24
1228 23
1229 28
1230 20
1231 27
1232 27
1233 23
1234 13
1235 24
1236 20
1237 25
1238 29
1239 24
1240 18
1241 25
1242 19
1243 25
1244 21
1245 22
1246 30
1247 23
1248 22
1249 28
1250 22
1251 28
1252 22
1253 17
1254 20
1255 17
1256 21
1257 18
1258 24
1259 16
1260 15
1261 28
1262 24
1263 17
1264 27
1265 23
1266 23
1267 19
1268 15
1269 27
1270 27
1271 32
1272 32
1273 23
1274 19
1275 19
1276 32
1277 28
1278 18
1279 26
1280 23
1281 22
1282 21
1283 25
1284 19
1285 21
1286 14
1287 19
1288 23
1289 26
1290 19
1291 21
1292 25
1293 39
1294 23
1295 17
1296 21
1297 22
1298 24
1299 22
1300 18
1301 20
1302 19
1303 17
1304 14
1305 15
1306 31
1307 18
1308 18
1309 24
1310 11
1311 18
1312 18
1313 24
1314 34
1315 23
1316 19
1317 22
1318 26
1319 13
1320 25
1321 22
1322 24
1323 22
1324 21
1325 20
1326 16
1327 17
1328 17
1329 21
1330 21
1331 16
1332 20
1333 18
1334 24
1335 9
1336 18
1337 18
1338 17
1339 10
1340 16
1341 13
1342 19
1343 7
1344 23
1345 23
1346 13
1347 16
1348 21
1349 16
1350 16
1351 12
1352 15
1353 16
1354 20
1355 18
1356 19
1357 18
1358 12
1359 18
1360 18
1361 18
1362 22
1363 15
1364 24
1365 22
1366 20
1367 24
1368 24
1369 15
1370 19
1371 24
1372 22
1373 14
1374 22
1375 19
1376 10
1377 15
1378 24
1379 21
1380 5
1381 11
1382 14
1383 18
1384 14
1385 23
1386 10
1387 15
1388 11
1389 10
1390 17
1391 11
1392 12
1393 20
1394 26
1395 17
1396 21
1397 10
1398 24
1399 18
1400 15
1401 16
1402 20
1403 9
1404 22
1405 19
1406 18
1407 19
1408 12
1409 13
1410 23
1411 17
1412 14
1413 21
1414 16
1415 18
1416 17
1417 16
1418 18
1419 17
1420 14
1421 19
1422 11
1423 12
1424 12
1425 9
1426 10
1427 15
1428 12
1429 8
1430 20
1431 15
1432 15
1433 5
1434 9
1435 17
1436 8
1437 10
1438 16
1439 13
1440 12
1441 16
1442 18
1443 12
1444 10
1445 16
1446 11
1447 17
1448 15
1449 7
1450 19
1451 18
1452 26
1453 18
1454 18
1455 22
1456 19
1457 20
1458 11
1459 20
1460 12
1461 15
1462 21
1463 23
1464 22
1465 16
1466 24
1467 12
1468 13
1469 20
1470 15
1471 14
1472 15
1473 17
1474 14
1475 17
1476 19
1477 14
1478 21
1479 16
1480 18
1481 22
1482 20
1483 24
1484 25
1485 20
1486 15
1487 16
1488 15
1489 15
1490 22
1491 20
1492 14
1493 19
1494 22
1495 10
1496 14
1497 20
1498 17
1499 19
1500 18
1501 15
1502 20
1503 21
1504 13
1505 11
1506 17
1507 14
1508 16
1509 19
1510 17
1511 11
1512 11
1513 15
1514 8
1515 19
1516 14
1517 9
1518 16
1519 12
1520 18
1521 15
1522 17
1523 18
1524 25
1525 14
1526 19
1527 10
1528 16
1529 18
1530 19
1531 20
1532 17
1533 13
1534 18
1535 11
1536 13
1537 19
1538 20
1539 13
1540 9
1541 13
1542 17
1543 19
1544 15
1545 13
1546 15
1547 10
1548 13
1549 10
1550 14
1551 15
1552 14
1553 8
1554 10
1555 17
1556 15
1557 18
1558 18
1559 12
1560 19
1561 8
1562 9
1563 18
1564 15
1565 14
1566 13
1567 15
1568 10
1569 17
1570 15
1571 13
1572 6
1573 10
1574 12
1575 17
1576 13
1577 21
1578 12
1579 11
1580 15
1581 9
1582 16
1583 14
1584 15
1585 18
1586 25
1587 11
1588 14
1589 12
1590 17
1591 15
1592 13
1593 8
1594 10
1595 22
1596 15
1597 11
1598 17
1599 13
1600 12
1601 8
1602 11
1603 20
1604 15
1605 9
1606 11
1607 10
1608 15
1609 14
1610 11
1611 13
1612 9
1613 9
1614 11
1615 16
1616 14
1617 11
1618 18
1619 15
1620 9
1621 15
1622 11
1623 13
1624 16
1625 9
1626 13
1627 3
1628 14
1629 15
1630 9
1631 14
1632 14
1633 11
1634 13
1635 12
1636 7
1637 9
1638 11
1639 12
1640 14
1641 12
1642 10
1643 13
1644 10
1645 16
1646 19
1647 16
1648 12
1649 11
1650 10
1651 13
1652 13
1653 12
1654 8
1655 13
1656 6
1657 16
1658 4
1659 9
1660 8
1661 8
1662 8
1663 14
1664 15
1665 14
1666 12
1667 15
1668 15
1669 15
1670 14
1671 13
1672 11
1673 10
1674 19
1675 14
1676 12
1677 18
1678 12
1679 16
1680 17
1681 10
1682 17
1683 14
1684 15
1685 13
1686 15
1687 13
1688 10
1689 16
1690 13
1691 11
1692 15
1693 14
1694 20
1695 16
1696 11
1697 9
1698 23
1699 20
1700 11
1701 16
1702 22
1703 19
1704 21
1705 10
1706 17
1707 9
1708 10
1709 10
1710 18
1711 14
1712 10
1713 15
1714 15
1715 17
1716 17
1717 15
1718 16
1719 17
1720 12
1721 10
1722 12
1723 12
1724 9
1725 19
1726 15
1727 20
1728 7
1729 8
1730 7
1731 15
1732 15
1733 14
1734 10
1735 13
1736 13
1737 18
1738 15
1739 13
1740 11
1741 19
1742 16
1743 15
1744 13
1745 12
1746 18
1747 13
1748 15
1749 10
1750 15
1751 13
1752 12
1753 10
1754 12
1755 11
1756 16
1757 11
1758 13
1759 17
1760 15
1761 12
1762 16
1763 8
1764 11
1765 18
1766 13
1767 16
1768 12
1769 7
1770 14
1771 17
1772 8
1773 19
1774 18
1775 14
1776 15
1777 11
1778 22
1779 17
1780 21
1781 11
1782 14
1783 17
1784 15
1785 11
1786 17
1787 18
1788 11
1789 12
1790 13
1791 19
1792 13
1793 13
1794 23
1795 16
1796 14
1797 11
1798 16
1799 9
1800 21
1801 8
1802 15
1803 4
1804 16
1805 12
1806 11
1807 17
1808 11
1809 10
1810 9
1811 13
1812 12
1813 8
1814 12
1815 14
1816 18
1817 10
1818 9
1819 7
1820 22
1821 19
1822 16
1823 19
1824 9
1825 17
1826 14
1827 11
1828 14
1829 9
1830 19
1831 16
1832 17
1833 17
1834 12
1835 13
1836 13
1837 16
1838 17
1839 8
1840 7
1841 12
1842 18
1843 12
1844 11
1845 17
1846 9
1847 14
1848 10
1849 15
1850 9
1851 13
1852 11
1853 10
1854 7
1855 16
1856 12
1857 14
1858 13
1859 12
1860 9
1861 11
1862 16
1863 16
1864 11
1865 13
1866 11
1867 5
1868 15
1869 10
1870 13
1871 12
1872 16
1873 9
1874 18
1875 11
1876 17
1877 6
1878 14
1879 10
1880 20
1881 11
1882 10
1883 14
1884 19
1885 12
1886 19
1887 14
1888 6
1889 12
1890 15
1891 17
1892 15
1893 7
1894 11
1895 13
1896 14
1897 12
1898 13
1899 11
1900 10
1901 13
1902 14
1903 10
1904 5
1905 11
1906 11
1907 10
1908 14
1909 11
1910 11
1911 11
1912 6
1913 6
1914 10
1915 6
1916 11
1917 11
1918 13
1919 13
1920 12
1921 13
1922 17
1923 6
1924 5
1925 10
1926 11
1927 12
1928 7
1929 5
1930 12
1931 12
1932 18
1933 11
1934 24
1935 10
1936 4
1937 11
1938 16
1939 7
1940 14
1941 12
1942 12
1943 9
1944 15
1945 11
1946 13
1947 9
1948 15
1949 11
1950 13
1951 8
1952 11
1953 11
1954 14
1955 13
1956 16
1957 15
1958 11
1959 9
1960 12
1961 6
1962 15
1963 18
1964 12
1965 12
1966 18
1967 9
1968 15
1969 8
1970 11
1971 16
1972 16
1973 9
1974 10
1975 8
1976 11
1977 8
1978 13
1979 12
1980 9
1981 10
1982 10
1983 14
1984 9
1985 17
1986 13
1987 13
1988 17
1989 17
1990 12
1991 13
1992 11
1993 15
1994 9
1995 22
1996 7
1997 12
1998 11
1999 8
2000 7
2001 11
2002 10
2003 10
2004 9
2005 9
2006 13
2007 9
2008 9
2009 8
2010 14
2011 13
2012 11
2013 15
2014 9
2015 12
2016 10
2017 10
2018 13
2019 14
2020 9
2021 11
2022 14
2023 10
2024 9
2025 9
2026 8
2027 16
2028 19
2029 4
2030 11
2031 9
2032 10
2033 13
2034 13
2035 10
2036 8
2037 13
2038 7
2039 8
2040 8
2041 13
2042 15
2043 10
2044 19
2045 19
2046 10
2047 12
2048 13
2049 8
2050 10
2051 16
2052 14
2053 12
2054 12
2055 16
2056 10
2057 11
2058 15
2059 8
2060 8
2061 14
2062 10
2063 9
2064 13
2065 7
2066 6
2067 7
2068 10
2069 8
2070 12
2071 11
2072 9
2073 8
2074 7
2075 11
2076 5
2077 10
2078 9
2079 12
2080 14
2081 6
2082 13
2083 13
2084 13
2085 5
2086 8
2087 7
2088 12
2089 8
2090 8
2091 16
2092 10
2093 7
2094 9
2095 10
2096 10
2097 13
2098 7
2099 7
2100 6
2101 12
2102 8
2103 10
2104 13
2105 4
2106 9
2107 8
2108 12
2109 13
2110 11
2111 9
2112 10
2113 11
2114 4
2115 6
2116 7
2117 4
2118 13
2119 7
2120 7
2121 7
2122 8
2123 9
2124 10
2125 9
2126 7
2127 12
2128 12
2129 14
2130 9
2131 10
2132 16
2133 13
2134 11
2135 10
2136 15
2137 11
2138 8
2139 13
2140 11
2141 5
2142 7
2143 8
2144 9
2145 6
2146 6
2147 11
2148 8
2149 16
2150 11
2151 9
2152 13
2153 12
2154 11
2155 14
2156 11
2157 12
2158 5
2159 13
2160 11
2161 11
2162 9
2163 11
2164 12
2165 5
2166 12
2167 6
2168 6
2169 5
2170 6
2171 12
2172 11
2173 6
2174 5
2175 7
2176 9
2177 11
2178 6
2179 10
2180 8
2181 10
2182 11
2183 10
2184 13
2185 9
2186 11
2187 4
2188 6
2189 15
2190 14
2191 14
2192 11
2193 13
2194 10
2195 8
2196 5
2197 6
2198 8
2199 7
2200 9
2201 11
2202 6
2203 2
2204 13
2205 13
2206 10
2207 9
2208 4
2209 5
2210 11
2211 6
2212 8
2213 7
2214 8
2215 9
2216 10
2217 9
2218 4
2219 14
2220 8
2221 8
2222 11
2223 9
2224 12
2225 5
2226 9
2227 13
2228 5
2229 5
2230 12
2231 9
2232 11
2233 10
2234 5
2235 6
2236 7
2237 7
2238 10
2239 8
2240 9
2241 5
2242 8
2243 7
2244 5
2245 7
2246 9
2247 10
2248 10
2249 8
2250 5
2251 7
2252 7
2253 4
2254 9
2255 6
2256 2
2257 5
2258 11
2259 7
2260 7
2261 5
2262 7
2263 7
2264 9
2265 8
2266 8
2267 9
2268 9
2269 7
2270 6
2271 7
2272 6
2273 3
2274 11
2275 10
2276 14
2277 5
2278 7
2279 6
2280 7
2281 7
2282 4
2283 4
2284 9
2285 11
2286 6
2287 3
2288 7
2289 6
2290 7
2291 4
2292 6
2293 10
2294 9
2295 6
2296 7
2297 4
2298 6
2299 5
2300 7
2301 10
2302 3
2303 8
2304 7
2305 6
2306 5
2307 10
2308 4
2309 7
2310 3
2311 6
2312 9
2313 8
2314 7
2315 13
2316 4
2317 9
2318 10
2319 11
2320 7
2321 11
2322 5
2323 11
2324 7
2325 9
2326 3
2327 9
2328 10
2329 9
2330 5
2331 8
2332 11
2333 5
2334 10
2335 4
2336 7
2337 5
2338 8
2339 7
2340 11
2341 10
2342 7
2343 8
2344 8
2345 6
2346 6
2347 7
2348 5
2349 4
2350 5
2351 7
2352 10
2353 5
2354 11
2355 2
2356 11
2357 5
2358 4
2359 14
2360 9
2361 9
2362 6
2363 9
2364 6
2365 10
2366 4
2367 8
2368 5
2369 7
2370 7
2371 9
2372 4
2373 11
2374 6
2375 13
2376 2
2377 5
2378 4
2379 4
2380 5
2381 6
2382 9
2383 4
2384 7
2385 4
2386 6
2387 8
2388 3
2389 8
2390 5
2391 12
2392 7
2393 9
2394 3
2395 5
2396 6
2397 7
2398 6
2399 8
2400 4
2401 8
2402 9
2403 7
2404 8
2405 7
2406 6
2407 8
2408 5
2409 8
2410 1
2411 3
2412 5
2413 6
2414 7
2415 8
2416 4
2417 4
2418 8
2419 11
2420 9
2421 6
2422 12
2423 6
2424 5
2425 5
2426 4
2427 6
2428 5
2429 10
2430 3
2431 5
2432 5
2433 7
2434 6
2435 9
2436 11
2437 6
2438 7
2439 7
2440 2
2441 13
2442 9
2443 4
2444 4
2445 8
2446 5
2447 4
2448 5
2449 8
2450 10
2451 10
2452 2
2453 14
2454 8
2455 8
2456 6
2457 9
2458 9
2459 6
2460 8
2461 9
2462 9
2463 8
2464 5
2465 10
2466 5
2467 3
2468 5
2469 6
2470 4
2471 4
2472 6
2473 3
2474 5
2475 3
2476 7
2477 8
2478 4
2479 8
2480 3
2481 7
2482 7
2483 6
2484 7
2485 7
2486 7
2487 5
2488 8
2489 0
2490 7
2491 7
2492 9
2493 6
2494 3
2495 8
2496 4
2497 5
2498 5
2499 7
2500 8
2501 4
2502 6
2503 4
2504 8
2505 6
2506 5
2507 5
2508 6
2509 3
2510 4
2511 6
2512 7
2513 5
2514 1
2515 4
2516 7
2517 3
2518 4
2519 7
2520 7
2521 7
2522 3
2523 6
2524 2
2525 8
2526 4
2527 5
2528 3
2529 5
2530 3
2531 4
2532 9
2533 6
2534 5
2535 2
2536 8
2537 5
2538 3
2539 6
2540 6
2541 7
2542 6
2543 5
2544 3
2545 4
2546 3
2547 4
2548 4
2549 5
2550 4
2551 3
2552 6
2553 1
2554 7
2555 3
2556 7
2557 5
2558 9
2559 3
2560 5
2561 7
2562 5
2563 5
2564 3
2565 6
2566 4
2567 6
2568 8
2569 4
2570 4
2571 1
2572 5
2573 6
2574 3
2575 5
2576 5
2577 5
2578 3
2579 4
2580 1
2581 1
2582 5
2583 4
2584 7
2585 5
2586 2
2587 4
2588 9
2589 4
2590 6
2591 2
2592 8
2593 10
2594 8
2595 2
2596 1
2597 6
2598 1
2599 7
2600 9
2601 4
2602 10
2603 3
2604 6
2605 4
2606 2
2607 6
2608 3
2609 6
2610 5
2611 1
2612 4
2613 4
2614 1
2615 6
2616 8
2617 3
2618 4
2619 2
2620 1
2621 4
2622 3
2623 2
2624 4
2625 4
2626 5
2627 3
2628 5
2629 2
2630 4
2631 1
2632 6
2633 3
2634 3
2635 2
2636 3
2637 5
2638 6
2639 5
2640 6
2641 3
2642 6
2643 3
2644 6
2645 5
2646 6
2647 9
2648 2
2649 2
2650 2
2651 9
2652 3
2653 2
2654 2
2655 9
2656 5
2657 4
2658 3
2659 3
2660 4
2661 5
2662 3
2663 3
2664 4
2665 6
2666 4
2667 0
2668 4
2669 4
2670 8
2671 3
2672 4
2673 2
2674 8
2675 2
2676 5
2677 6
2678 7
2679 3
2680 6
2681 6
2682 2
2683 7
2684 4
2685 6
2686 2
2687 11
2688 2
2689 8
2690 4
2691 4
2692 2
2693 3
2694 5
2695 2
2696 4
2697 6
2698 8
2699 3
2700 4
2701 2
2702 6
2703 3
2704 5
2705 4
2706 6
2707 7
2708 5
2709 4
2710 4
2711 5
2712 4
2713 3
2714 2
2715 6
2716 6
2717 4
2718 7
2719 5
2720 8
2721 5
2722 3
2723 5
2724 8
2725 9
2726 3
2727 4
2728 9
2729 2
2730 5
2731 7
2732 5
2733 2
2734 7
2735 2
2736 4
2737 3
2738 5
2739 7
2740 5
2741 5
2742 7
2743 3
2744 9
2745 1
2746 2
2747 4
2748 4
2749 4
2750 3
2751 3
2752 3
2753 7
2754 8
2755 5
2756 3
2757 4
2758 4
2759 0
2760 2
2761 3
2762 8
2763 6
2764 5
2765 4
2766 5
2767 5
2768 7
2769 5
2770 4
2771 4
2772 7
2773 12
2774 7
2775 1
2776 9
2777 1
2778 1
2779 5
2780 5
2781 3
2782 6
2783 4
2784 7
2785 5
2786 2
2787 2
2788 5
2789 3
2790 2
2791 4
2792 4
2793 1
2794 3
2795 3
2796 4
2797 5
2798 5
2799 9
2800 6
2801 3
2802 3
2803 7
2804 4
2805 9
2806 6
2807 4
2808 5
2809 6
2810 2
2811 4
2812 0
2813 5
2814 7
2815 7
2816 4
2817 2
2818 5
2819 6
2820 2
2821 3
2822 1
2823 5
2824 8
2825 5
2826 3
2827 5
2828 5
2829 5
2830 6
2831 9
2832 5
2833 7
2834 4
2835 5
2836 2
2837 7
2838 2
2839 4
2840 7
2841 3
2842 2
2843 2
2844 7
2845 5
2846 1
2847 4
2848 6
2849 6
2850 6
2851 4
2852 4
2853 7
2854 5
2855 2
2856 10
2857 3
2858 3
2859 5
2860 8
2861 6
2862 3
2863 3
2864 4
2865 4
2866 5
2867 1
2868 5
2869 3
2870 6
2871 1
2872 3
2873 3
2874 5
2875 3
2876 3
2877 9
2878 2
2879 3
2880 4
2881 6
2882 4
2883 4
2884 4
2885 4
2886 5
2887 5
2888 4
2889 3
2890 5
2891 4
2892 1
2893 2
2894 5
2895 6
2896 3
2897 4
2898 4
2899 3
2900 7
2901 2
2902 5
2903 3
2904 5
2905 8
2906 5
2907 1
2908 1
2909 1
2910 6
2911 2
2912 3
2913 9
2914 2
2915 6
2916 2
2917 2
2918 7
2919 2
2920 2
2921 4
2922 4
2923 4
2924 4
2925 1
2926 6
2927 2
2928 5
2929 3
2930 3
2931 2
2932 3
2933 3
2934 4
2935 6
2936 4
2937 5
2938 1
2939 5
2940 4
2941 6
2942 4
2943 4
2944 5
2945 5
2946 7
2947 1
2948 3
2949 2
2950 5
2951 1
2952 1
2953 4
2954 3
2955 2
2956 0
2957 3
2958 6
2959 4
2960 1
2961 3
2962 5
2963 3
2964 3
2965 3
2966 2
2967 2
2968 3
2969 1
2970 3
2971 3
2972 2
2973 5
2974 8
2975 2
2976 1
2977 5
2978 1
2979 2
2980 3
2981 5
2982 2
2983 1
2984 5
2985 3
2986 1
2987 3
2988 2
2989 7
2990 2
2991 5
2992 6
2993 3
2994 5
2995 5
2996 1
2997 2
2998 5
2999 3
3000 4
3001 4
3002 4
3003 1
3004 0
3005 6
3006 6
3007 4
3008 3
3009 7
3010 4
3011 4
3012 0
3013 6
3014 1
3015 0
3016 7
3017 5
3018 4
3019 7
3020 6
3021 5
3022 4
3023 3
3024 2
3025 3
3026 1
3027 5
3028 4
3029 1
3030 3
3031 4
3032 4
3033 3
3034 3
3035 3
3036 2
3037 3
3038 0
3039 5
3040 2
3041 3
3042 4
3043 5
3044 4
3045 4
3046 3
3047 3
3048 4
3049 4
3050 1
3051 3
3052 1
3053 2
3054 3
3055 2
3056 4
3057 4
3058 5
3059 4
3060 1
3061 4
3062 4
3063 7
3064 3
3065 1
3066 6
3067 4
3068 3
3069 8
3070 3
3071 3
3072 3
3073 2
3074 3
3075 2
3076 4
3077 4
3078 4
3079 6
3080 9
3081 5
3082 1
3083 13
3084 4
3085 4
3086 7
3087 6
3088 2
3089 6
3090 8
3091 1
3092 4
3093 0
3094 4
3095 3
3096 4
3097 3
3098 3
3099 3
3100 3
3101 3
3102 4
3103 3
3104 2
3105 4
3106 1
3107 5
3108 3
3109 2
3110 2
3111 0
3112 3
3113 5
3114 2
3115 5
3116 2
3117 7
3118 6
3119 0
3120 4
3121 4
3122 4
3123 5
3124 4
3125 1
3126 2
3127 2
3128 3
3129 7
3130 3
3131 7
3132 7
3133 2
3134 4
3135 4
3136 5
3137 3
3138 2
3139 4
3140 3
3141 4
3142 4
3143 3
3144 2
3145 4
3146 2
3147 3
3148 1
3149 0
3150 3
3151 4
3152 3
3153 4
3154 2
3155 4
3156 4
3157 4
3158 3
3159 3
3160 3
3161 1
3162 5
3163 8
3164 1
3165 2
3166 4
3167 6
3168 4
3169 7
3170 3
3171 2
3172 5
3173 2
3174 3
3175 5
3176 4
3177 4
3178 4
3179 1
3180 4
3181 5
3182 4
3183 4
3184 2
3185 3
3186 6
3187 5
3188 2
3189 5
3190 3
3191 4
3192 4
3193 3
3194 7
3195 4
3196 3
3197 3
3198 5
3199 3
3200 4
3201 5
3202 5
3203 2
3204 4
3205 5
3206 1
3207 5
3208 6
3209 2
3210 3
3211 4
3212 2
3213 4
3214 5
3215 3
3216 2
3217 0
3218 3
3219 8
3220 6
3221 3
3222 5
3223 4
3224 4
3225 5
3226 2
3227 4
3228 6
3229 7
3230 3
3231 4
3232 7
3233 3
3234 1
3235 2
3236 5
3237 1
3238 2
3239 0
3240 2
3241 5
3242 2
3243 4
3244 0
3245 4
3246 3
3247 4
3248 2
3249 3
3250 3
3251 4
3252 4
3253 4
3254 4
3255 1
3256 4
3257 6
3258 1
3259 2
3260 1
3261 3
3262 7
3263 4
3264 3
3265 1
3266 4
3267 4
3268 1
3269 3
3270 4
3271 2
3272 0
3273 6
3274 6
3275 3
3276 3
3277 7
3278 3
3279 2
3280 4
3281 4
3282 3
3283 2
3284 7
3285 4
3286 4
3287 3
3288 3
3289 3
3290 3
3291 5
3292 2
3293 2
3294 4
3295 2
3296 4
3297 9
3298 9
3299 2
3300 3
3301 1
3302 5
3303 6
3304 2
3305 7
3306 1
3307 2
3308 4
3309 4
3310 3
3311 3
3312 1
3313 6
3314 6
3315 7
3316 3
3317 4
3318 5
3319 0
3320 0
3321 4
3322 4
3323 1
3324 3
3325 6
3326 3
3327 1
3328 2
3329 0
3330 5
3331 3
3332 3
3333 4
3334 3
3335 2
3336 4
3337 9
3338 5
3339 2
3340 5
3341 6
3342 4
3343 2
3344 3
3345 5
3346 3
3347 1
3348 1
3349 4
3350 5
3351 0
3352 5
3353 3
3354 7
3355 3
3356 5
3357 2
3358 2
3359 1
3360 2
3361 7
3362 7
3363 7
3364 4
3365 3
3366 2
3367 4
3368 4
3369 3
3370 2
3371 1
3372 4
3373 3
3374 7
3375 2
3376 0
3377 8
3378 1
3379 3
3380 3
3381 3
3382 8
3383 3
3384 4
3385 4
3386 1
3387 3
3388 2
3389 5
3390 2
3391 4
3392 5
3393 2
3394 3
3395 5
3396 2
3397 5
3398 9
3399 4
3400 5
3401 3
3402 3
3403 5
3404 4
3405 3
3406 2
3407 7
3408 0
3409 2
3410 4
3411 5
3412 3
3413 2
3414 2
3415 1
3416 4
3417 7
3418 3
3419 3
3420 2
3421 3
3422 3
3423 5
3424 3
3425 6
3426 6
3427 2
3428 4
3429 5
3430 2
3431 2
3432 2
3433 3
3434 3
3435 2
3436 8
3437 6
3438 4
3439 2
3440 6
3441 4
3442 6
3443 2
3444 5
3445 5
3446 8
3447 3
3448 3
3449 6
3450 3
3451 5
3452 12
3453 4
3454 2
3455 4
3456 3
3457 5
3458 3
3459 1
3460 5
3461 1
3462 5
3463 4
3464 2
3465 3
3466 4
3467 6
3468 5
3469 1
3470 0
3471 4
3472 4
3473 2
3474 1
3475 3
3476 0
3477 1
3478 1
3479 2
3480 2
3481 5
3482 4
3483 4
3484 6
3485 3
3486 3
3487 3
3488 6
3489 2
3490 4
3491 1
3492 3
3493 3
3494 6
3495 6
3496 4
3497 1
3498 2
3499 5
3500 4
3501 1
3502 4
3503 4
3504 5
3505 3
3506 1
3507 5
3508 3
3509 1
3510 10
3511 1
3512 6
3513 3
3514 2
3515 4
3516 1
3517 3
3518 5
3519 5
3520 2
3521 2
3522 1
3523 4
3524 3
3525 2
3526 4
3527 3
3528 4
3529 3
3530 2
3531 0
3532 4
3533 2
3534 4
3535 2
3536 5
3537 3
3538 3
3539 3
3540 4
3541 3
3542 4
3543 2
3544 3
3545 1
3546 2
3547 1
3548 5
3549 2
3550 2
3551 2
3552 1
3553 4
3554 3
3555 6
3556 0
3557 4
3558 1
3559 5
3560 4
3561 3
3562 5
3563 4
3564 5
3565 2
3566 5
3567 2
3568 2
3569 4
3570 5
3571 6
3572 8
3573 5
3574 0
3575 2
3576 4
3577 4
3578 2
3579 0
3580 2
3581 3
3582 2
3583 4
3584 4
3585 4
3586 4
3587 2
3588 4
3589 5
3590 3
3591 4
3592 2
3593 3
3594 5
3595 1
3596 4
3597 5
3598 3
3599 6
3600 3
3601 2
3602 2
3603 1
3604 2
3605 4
3606 1
3607 1
3608 2
3609 4
3610 3
3611 3
3612 4
3613 1
3614 1
3615 8
3616 3
3617 6
3618 2
3619 3
3620 3
3621 0
3622 2
3623 2
3624 5
3625 2
3626 1
3627 4
3628 4
3629 2
3630 2
3631 1
3632 2
3633 4
3634 8
3635 4
3636 3
3637 3
3638 4
3639 4
3640 5
3641 1
3642 2
3643 2
3644 6
3645 3
3646 0
3647 2
3648 2
3649 2
3650 3
3651 1
3652 1
3653 2
3654 3
3655 3
3656 3
3657 3
3658 4
3659 2
3660 5
3661 4
3662 5
3663 3
3664 5
3665 6
3666 2
3667 3
3668 4
3669 1
3670 5
3671 3
3672 4
3673 3
3674 4
3675 5
3676 4
3677 4
3678 2
3679 4
3680 2
3681 2
3682 3
3683 0
3684 4
3685 5
3686 1
3687 1
3688 3
3689 2
3690 6
3691 6
3692 4
3693 5
3694 3
3695 1
3696 5
3697 4
3698 3
3699 1
3700 4
3701 4
3702 1
3703 2
3704 6
3705 5
3706 5
3707 3
3708 4
3709 3
3710 9
3711 4
3712 3
3713 3
3714 4
3715 3
3716 3
3717 0
3718 4
3719 2
3720 4
3721 4
3722 6
3723 1
3724 0
3725 3
3726 5
3727 1
3728 4
3729 1
3730 1
3731 3
3732 1
3733 5
3734 4
3735 4
3736 4
3737 3
3738 7
3739 4
3740 3
3741 2
3742 4
3743 3
3744 6
3745 0
3746 2
3747 2
3748 1
3749 4
3750 1
3751 3
3752 1
3753 4
3754 4
3755 1
3756 3
3757 5
3758 4
3759 5
3760 2
3761 4
3762 3
3763 4
3764 2
3765 2
3766 5
3767 4
3768 1
3769 2
3770 0
3771 2
3772 4
3773 0
3774 1
3775 4
3776 5
3777 2
3778 5
3779 1
3780 1
3781 1
3782 3
3783 4
3784 1
3785 2
3786 3
3787 3
3788 3
3789 6
3790 1
3791 1
3792 4
3793 4
3794 2
3795 5
3796 1
3797 1
3798 6
3799 0
3800 4
3801 1
3802 3
3803 5
3804 3
3805 9
3806 3
3807 1
3808 5
3809 2
3810 5
3811 2
3812 2
3813 3
3814 4
3815 3
3816 4
3817 2
3818 2
3819 4
3820 6
3821 1
3822 6
3823 6
3824 1
3825 9
3826 1
3827 2
3828 3
3829 4
3830 0
3831 7
3832 3
3833 4
3834 1
3835 2
3836 2
3837 4
3838 1
3839 0
3840 3
3841 3
3842 5
3843 5
3844 4
3845 1
3846 2
3847 5
3848 2
3849 2
3850 7
3851 0
3852 5
3853 2
3854 3
3855 5
3856 5
3857 1
3858 2
3859 2
3860 3
3861 4
3862 1
3863 3
3864 6
3865 3
3866 1
3867 2
3868 7
3869 0
3870 5
3871 1
3872 6
3873 4
3874 1
3875 2
3876 3
3877 5
3878 4
3879 5
3880 1
3881 7
3882 2
3883 4
3884 2
3885 3
3886 4
3887 2
3888 4
3889 3
3890 0
3891 1
3892 4
3893 7
3894 2
3895 1
3896 6
3897 0
3898 2
3899 3
3900 2
3901 5
3902 1
3903 5
3904 3
3905 2
3906 4
3907 2
3908 1
3909 3
3910 2
3911 1
3912 1
3913 1
3914 2
3915 1
3916 1
3917 5
3918 3
3919 5
3920 3
3921 1
3922 2
3923 0
3924 3
3925 1
3926 4
3927 1
3928 2
3929 2
3930 5
3931 2
3932 3
3933 2
3934 4
3935 3
3936 0
3937 4
3938 0
3939 3
3940 3
3941 2
3942 3
3943 1
3944 5
3945 4
3946 2
3947 3
3948 2
3949 3
3950 0
3951 2
3952 2
3953 0
3954 2
3955 1
3956 4
3957 5
3958 1
3959 3
3960 2
3961 4
3962 3
3963 2
3964 0
3965 0
3966 2
3967 4
3968 1
3969 2
3970 6
3971 1
3972 2
3973 2
3974 4
3975 3
3976 4
3977 1
3978 3
3979 1
3980 2
3981 2
3982 4
3983 4
3984 2
3985 4
3986 3
3987 4
3988 0
3989 3
3990 3
3991 0
3992 3
3993 2
3994 2
3995 5
3996 4
3997 1
3998 2
3999 0
4000 1
4001 2
4002 4
4003 2
4004 5
4005 4
4006 6
4007 3
4008 3
4009 0
4010 2
4011 1
4012 3
4013 1
4014 3
4015 2
4016 6
4017 0
4018 3
4019 4
4020 6
4021 1
4022 2
4023 4
4024 3
4025 1
4026 0
4027 4
4028 0
4029 2
4030 2
4031 3
4032 2
4033 2
4034 1
4035 0
4036 0
4037 1
4038 1
4039 0
4040 1
4041 2
4042 1
4043 2
4044 1
4045 3
4046 1
4047 1
4048 4
4049 0
4050 1
4051 3
4052 2
4053 1
4054 3
4055 0
4056 1
4057 1
4058 2
4059 5
4060 4
4061 4
4062 1
4063 2
4064 3
4065 3
4066 3
4067 3
4068 2
4069 4
4070 0
4071 3
4072 5
4073 2
4074 5
4075 2
4076 3
4077 3
4078 2
4079 4
4080 4
4081 2
4082 1
4083 4
4084 2
4085 5
4086 3
4087 3
4088 2
4089 0
4090 5
4091 2
4092 3
4093 4
4094 5
4095 2
4096 1
4097 1
4098 1
4099 2
4100 3
4101 1
4102 2
4103 3
4104 3
4105 2
4106 1
4107 1
4108 2
4109 3
4110 4
4111 1
4112 1
4113 5
4114 3
4115 0
4116 1
4117 0
4118 3
4119 2
4120 1
4121 0
4122 1
4123 3
4124 0
4125 3
4126 1
4127 5
4128 1
4129 5
4130 1
4131 0
4132 3
4133 6
4134 3
4135 1
4136 0
4137 3
4138 0
4139 3
4140 0
4141 3
4142 0
4143 4
4144 2
4145 0
4146 3
4147 1
4148 4
4149 2
4150 3
4151 1
4152 2
4153 3
4154 4
4155 4
4156 2
4157 4
4158 1
4159 3
4160 3
4161 4
4162 3
4163 4
4164 4
4165 1
4166 2
4167 3
4168 6
4169 1
4170 4
4171 2
4172 1
4173 2
4174 5
4175 4
4176 2
4177 1
4178 2
4179 4
4180 3
4181 4
4182 5
4183 1
4184 3
4185 2
4186 4
4187 6
4188 1
4189 0
4190 3
4191 2
4192 1
4193 2
4194 1
4195 2
4196 4
4197 2
4198 3
4199 4
4200 1
4201 2
4202 3
4203 2
4204 1
4205 0
4206 2
4207 2
4208 4
4209 1
4210 2
4211 1
4212 5
4213 5
4214 3
4215 6
4216 3
4217 3
4218 5
4219 1
4220 2
4221 0
4222 3
4223 3
4224 1
4225 4
4226 0
4227 1
4228 4
4229 2
4230 3
4231 5
4232 5
4233 3
4234 3
4235 7
4236 4
4237 3
4238 2
4239 3
4240 0
4241 4
4242 4
4243 3
4244 2
4245 1
4246 2
4247 4
4248 1
4249 3
4250 6
4251 3
4252 5
4253 3
4254 2
4255 0
4256 2
4257 6
4258 7
4259 6
4260 2
4261 4
4262 3
4263 4
4264 0
4265 3
4266 1
4267 4
4268 0
4269 3
4270 3
4271 4
4272 3
4273 0
4274 3
4275 3
4276 8
4277 0
4278 4
4279 1
4280 1
4281 3
4282 1
4283 1
4284 5
4285 2
4286 2
4287 1
4288 3
4289 5
4290 2
4291 3
4292 1
4293 3
4294 2
4295 1
4296 1
4297 2
4298 2
4299 1
4300 2
4301 2
4302 3
4303 4
4304 1
4305 4
4306 1
4307 4
4308 5
4309 5
4310 2
4311 3
4312 7
4313 4
4314 2
4315 4
4316 4
4317 3
4318 2
4319 6
4320 2
4321 1
4322 2
4323 4
4324 3
4325 3
4326 2
4327 1
4328 3
4329 2
4330 1
4331 3
4332 2
4333 1
4334 5
4335 6
4336 6
4337 3
4338 2
4339 4
4340 4
4341 1
4342 3
4343 3
4344 2
4345 3
4346 1
4347 2
4348 2
4349 3
4350 5
4351 1
4352 2
4353 3
4354 1
4355 1
4356 4
4357 4
4358 4
4359 4
4360 5
4361 1
4362 2
4363 4
4364 4
4365 8
4366 4
4367 5
4368 1
4369 2
4370 4
4371 4
4372 0
4373 3
4374 1
4375 3
4376 6
4377 7
4378 1
4379 5
4380 0
4381 5
4382 6
4383 3
4384 1
4385 4
4386 1
4387 2
4388 0
4389 1
4390 2
4391 4
4392 1
4393 0
4394 1
4395 3
4396 2
4397 3
4398 1
4399 3
4400 0
4401 3
4402 5
4403 4
4404 3
4405 4
4406 1
4407 4
4408 2
4409 2
4410 3
4411 2
4412 3
4413 3
4414 2
4415 3
4416 1
4417 7
4418 3
4419 7
4420 0
4421 3
4422 4
4423 1
4424 1
4425 3
4426 4
4427 3
4428 2
4429 2
4430 3
4431 2
4432 1
4433 7
4434 4
4435 4
4436 4
4437 3
4438 2
4439 1
4440 2
4441 0
4442 4
4443 4
4444 1
4445 1
4446 2
4447 1
4448 3
4449 5
4450 1
4451 3
4452 3
4453 6
4454 4
4455 3
4456 3
4457 1
4458 1
4459 1
4460 3
4461 0
4462 2
4463 4
4464 1
4465 4
4466 5
4467 3
4468 2
4469 1
4470 3
4471 4
4472 2
4473 1
4474 4
4475 0
4476 2
4477 2
4478 0
4479 2
4480 4
4481 5
4482 3
4483 3
4484 2
4485 3
4486 4
4487 1
4488 1
4489 3
4490 6
4491 8
4492 2
4493 3
4494 5
4495 5
4496 4
4497 7
4498 3
4499 2
4500 1
4501 6
4502 2
4503 3
4504 2
4505 5
4506 4
4507 0
4508 0
4509 4
4510 4
4511 2
4512 2
4513 2
4514 2
4515 5
4516 3
4517 4
4518 3
4519 5
4520 5
4521 4
4522 2
4523 3
4524 2
4525 6
4526 2
4527 2
4528 1
4529 3
4530 0
4531 2
4532 3
4533 4
4534 0
4535 4
4536 2
4537 4
4538 4
4539 2
4540 1
4541 2
4542 4
4543 4
4544 1
4545 4
4546 0
4547 4
4548 3
4549 5
4550 6
4551 2
4552 4
4553 3
4554 1
4555 3
4556 1
4557 4
4558 0
4559 4
4560 5
4561 3
4562 2
4563 2
4564 1
4565 1
4566 0
4567 2
4568 3
4569 1
4570 1
4571 0
4572 1
4573 1
4574 0
4575 4
4576 4
4577 2
4578 1
4579 1
4580 2
4581 5
4582 1
4583 0
4584 3
4585 1
4586 2
4587 2
4588 2
4589 1
4590 4
4591 4
4592 3
4593 3
4594 3
4595 4
4596 2
4597 1
4598 1
4599 3
4600 0
4601 3
4602 3
4603 2
4604 2
4605 1
4606 3
4607 2
4608 3
4609 2
4610 2
4611 1
4612 2
4613 3
4614 2
4615 2
4616 2
4617 1
4618 3
4619 4
4620 5
4621 2
4622 0
4623 3
4624 3
4625 1
4626 6
4627 5
4628 3
4629 4
4630 4
4631 8
4632 2
4633 1
4634 3
4635 3
4636 4
4637 3
4638 3
4639 4
4640 3
4641 3
4642 4
4643 1
4644 3
4645 2
4646 2
4647 3
4648 1
4649 4
4650 1
4651 3
4652 2
4653 3
4654 3
4655 2
4656 2
4657 0
4658 2
4659 1
4660 2
4661 1
4662 1
4663 3
4664 1
4665 1
4666 5
4667 1
4668 2
4669 0
4670 2
4671 3
4672 3
4673 1
4674 4
4675 1
4676 2
4677 2
4678 2
4679 2
4680 2
4681 2
4682 3
4683 1
4684 3
4685 3
4686 1
4687 2
4688 2
4689 2
4690 4
4691 3
4692 0
4693 1
4694 1
4695 1
4696 3
4697 2
4698 2
4699 1
4700 3
4701 2
4702 2
4703 3
4704 2
4705 1
4706 1
4707 2
4708 3
4709 2
4710 3
4711 2
4712 2
4713 0
4714 5
4715 2
4716 0
4717 2
4718 3
4719 2
4720 4
4721 3
4722 0
4723 1
4724 3
4725 1
4726 0
4727 0
4728 3
4729 4
4730 1
4731 2
4732 0
4733 2
4734 4
4735 2
4736 1
4737 1
4738 3
4739 1
4740 2
4741 2
4742 4
4743 1
4744 0
4745 1
4746 1
4747 4
4748 1
4749 2
4750 2
4751 4
4752 2
4753 2
4754 3
4755 3
4756 4
4757 4
4758 3
4759 2
4760 1
4761 4
4762 1
4763 0
4764 2
4765 1
4766 3
4767 2
4768 3
4769 5
4770 3
4771 0
4772 2
4773 1
4774 2
4775 2
4776 5
4777 3
4778 2
4779 3
4780 2
4781 5
4782 3
4783 5
4784 5
4785 1
4786 0
4787 0
4788 0
4789 2
4790 1
4791 2
4792 2
4793 1
4794 2
4795 3
4796 2
4797 5
4798 1
4799 2
4800 3
4801 3
4802 2
4803 2
4804 2
4805 0
4806 1
4807 4
4808 1
4809 3
4810 3
4811 3
4812 1
4813 4
4814 3
4815 2
4816 0
4817 2
4818 1
4819 2
4820 1
4821 2
4822 2
4823 1
4824 3
4825 5
4826 4
4827 2
4828 2
4829 3
4830 4
4831 3
4832 2
4833 1
4834 2
4835 0
4836 0
4837 2
4838 1
4839 2
4840 3
4841 1
4842 2
4843 0
4844 2
4845 1
4846 2
4847 2
4848 1
4849 0
4850 1
4851 1
4852 2
4853 3
4854 1
4855 2
4856 1
4857 1
4858 2
4859 1
4860 0
4861 1
4862 0
4863 1
4864 1
4865 3
4866 0
4867 2
4868 2
4869 0
4870 2
4871 3
4872 2
4873 1
4874 3
4875 1
4876 1
4877 3
4878 2
4879 0
4880 3
4881 0
4882 4
4883 4
4884 3
4885 1
4886 9
4887 1
4888 0
4889 2
4890 1
4891 3
4892 1
4893 4
4894 0
4895 4
4896 3
4897 2
4898 2
4899 0
4900 2
4901 2
4902 1
4903 2
4904 3
4905 2
4906 1
4907 2
4908 3
4909 2
4910 1
4911 4
4912 1
4913 3
4914 0
4915 1
4916 0
4917 1
4918 3
4919 0
4920 4
4921 3
4922 2
4923 2
4924 3
4925 1
4926 1
4927 5
4928 3
4929 1
4930 4
4931 4
4932 1
4933 4
4934 6
4935 1
4936 3
4937 3
4938 3
4939 3
4940 1
4941 3
4942 1
4943 5
4944 4
4945 0
4946 6
4947 3
4948 2
4949 3
4950 2
4951 1
4952 3
4953 1
4954 1
4955 2
4956 2
4957 1
4958 1
4959 3
4960 3
4961 1
4962 6
4963 4
4964 3
4965 0
4966 0
4967 0
4968 2
4969 2
4970 0
4971 0
4972 2
4973 5
4974 3
4975 2
4976 1
4977 1
4978 2
4979 3
4980 1
4981 3
4982 5
4983 4
4984 1
4985 1
4986 3
4987 0
4988 2
4989 1
4990 2
4991 1
4992 1
4993 3
4994 2
4995 1
4996 1
4997 2
4998 2
4999 3
5000 3
5001 1
5002 3
5003 0
5004 3
5005 1
5006 1
5007 1
5008 1
5009 1
5010 1
5011 1
5012 0
5013 1
5014 2
5015 4
5016 3
5017 2
5018 1
5019 4
5020 1
5021 0
5022 2
5023 3
5024 2
5025 0
5026 4
5027 3
5028 1
5029 1
5030 0
5031 1
5032 2
5033 1
5034 4
5035 1
5036 1
5037 1
5038 4
5039 0
5040 1
5041 2
5042 1
5043 1
5044 1
5045 1
5046 0
5047 1
5048 4
5049 3
5050 1
5051 3
5052 1
5053 2
5054 0
5055 2
5056 1
5057 2
5058 4
5059 1
5060 3
5061 0
5062 1
5063 2
5064 2
5065 6
5066 2
5067 2
5068 2
5069 5
5070 3
5071 1
5072 2
5073 2
5074 0
5075 3
5076 1
5077 4
5078 1
5079 1
5080 0
5081 0
5082 2
5083 0
5084 2
5085 1
5086 3
5087 2
5088 4
5089 2
5090 2
5091 2
5092 0
5093 2
5094 0
5095 4
5096 3
5097 2
5098 0
5099 2
5100 0
5101 3
5102 1
5103 0
5104 1
5105 1
5106 1
5107 1
5108 2
5109 4
5110 1
5111 1
5112 0
5113 0
5114 2
5115 2
5116 3
5117 2
5118 1
5119 1
5120 1
5121 2
5122 4
5123 1
5124 4
5125 0
5126 1
5127 2
5128 3
5129 3
5130 2
5131 2
5132 1
5133 1
5134 1
5135 0
5136 1
5137 2
5138 1
5139 1
5140 2
5141 1
5142 0
5143 2
5144 0
5145 1
5146 0
5147 1
5148 1
5149 3
5150 0
5151 1
5152 1
5153 2
5154 0
5155 1
5156 3
5157 2
5158 0
5159 2
5160 2
5161 0
5162 1
5163 2
5164 2
5165 3
5166 1
5167 2
5168 5
5169 3
5170 1
5171 3
5172 1
5173 1
5174 1
5175 0
5176 3
5177 2
5178 4
5179 2
5180 2
5181 1
5182 4
5183 1
5184 1
5185 3
5186 2
5187 0
5188 1
5189 2
5190 1
5191 1
5192 1
5193 0
5194 2
5195 1
5196 2
5197 3
5198 1
5199 1
5200 4
5201 4
5202 3
5203 2
5204 2
5205 1
5206 2
5207 3
5208 3
5209 3
5210 1
5211 1
5212 1
5213 2
5214 5
5215 2
5216 0
5217 4
5218 1
5219 0
5220 3
5221 0
5222 1
5223 4
5224 1
5225 0
5226 2
5227 0
5228 5
5229 2
5230 0
5231 3
5232 1
5233 2
5234 1
5235 4
5236 3
5237 2
5238 3
5239 0
5240 1
5241 2
5242 4
5243 2
5244 2
5245 1
5246 1
5247 5
5248 1
5249 0
5250 1
5251 0
5252 2
5253 3
5254 3
5255 1
5256 0
5257 0
5258 2
5259 2
5260 3
5261 2
5262 1
5263 3
5264 2
5265 2
5266 1
5267 2
5268 1
5269 0
5270 5
5271 2
5272 3
5273 1
5274 3
5275 0
5276 2
5277 0
5278 0
5279 2
5280 2
5281 2
5282 0
5283 2
5284 0
5285 4
5286 0
5287 1
5288 3
5289 1
5290 1
5291 1
5292 3
5293 2
5294 1
5295 0
5296 1
5297 0
5298 0
5299 1
5300 2
5301 2
5302 2
5303 1
5304 3
5305 1
5306 4
5307 1
5308 3
5309 1
5310 3
5311 2
5312 1
5313 0
5314 1
5315 0
5316 1
5317 0
5318 3
5319 2
5320 1
5321 2
5322 2
5323 2
5324 1
5325 1
5326 1
5327 0
5328 1
5329 1
5330 1
5331 0
5332 0
5333 1
5334 2
5335 1
5336 1
5337 1
5338 1
5339 2
5340 2
5341 1
5342 2
5343 3
5344 0
5345 6
5346 2
5347 1
5348 2
5349 4
5350 0
5351 2
5352 0
5353 3
5354 3
5355 0
5356 1
5357 1
5358 2
5359 2
5360 0
5361 2
5362 0
5363 3
5364 1
5365 0
5366 0
5367 1
5368 2
5369 0
5370 2
5371 1
5372 1
5373 2
5374 0
5375 2
5376 1
5377 0
5378 1
5379 2
5380 1
5381 1
5382 0
5383 0
5384 0
5385 0
5386 0
5387 1
5388 4
5389 1
5390 2
5391 3
5392 2
5393 3
5394 0
5395 0
5396 0
5397 1
5398 3
5399 1
5400 0
5401 2
5402 2
5403 1
5404 4
5405 1
5406 0
5407 1
5408 2
5409 1
5410 4
5411 2
5412 3
5413 1
5414 1
5415 1
5416 1
5417 1
5418 3
5419 1
5420 0
5421 0
5422 2
5423 2
5424 2
5425 1
5426 1
5427 1
5428 1
5429 0
5430 1
5431 2
5432 2
5433 0
5434 1
5435 4
5436 1
5437 0
5438 1
5439 1
5440 0
5441 3
5442 0
5443 2
5444 2
5445 0
5446 2
5447 2
5448 0
5449 2
5450 3
5451 3
5452 1
5453 0
5454 1
5455 2
5456 2
5457 2
5458 4
5459 3
5460 3
5461 2
5462 1
5463 1
5464 3
5465 1
5466 4
5467 4
5468 4
5469 1
5470 1
5471 1
5472 2
5473 3
5474 2
5475 3
5476 2
5477 5
5478 2
5479 4
5480 3
5481 2
5482 0
5483 1
5484 0
5485 0
5486 4
5487 2
5488 0
5489 2
5490 0
5491 1
5492 10
5493 3
5494 1
5495 2
5496 3
5497 0
5498 1
5499 1
5500 4
5501 1
5502 1
5503 2
5504 2
5505 1
5506 3
5507 2
5508 0
5509 1
5510 3
5511 2
5512 0
5513 1
5514 1
5515 2
5516 1
5517 0
5518 1
5519 1
5520 4
5521 2
5522 1
5523 1
5524 1
5525 1
5526 0
5527 1
5528 3
5529 3
5530 2
5531 0
5532 1
5533 3
5534 0
5535 0
5536 1
5537 4
5538 0
5539 0
5540 0
5541 1
5542 4
5543 2
5544 2
5545 0
5546 0
5547 2
5548 1
5549 3
5550 1
5551 4
5552 1
5553 0
5554 0
5555 3
5556 0
5557 0
5558 0
5559 1
5560 0
5561 4
5562 3
5563 1
5564 0
5565 1
5566 3
5567 3
5568 0
5569 3
5570 2
5571 2
5572 3
5573 2
5574 1
5575 0
5576 4
5577 1
5578 2
5579 0
5580 0
5581 3
5582 2
5583 5
5584 2
5585 2
5586 2
5587 2
5588 1
5589 1
5590 0
5591 4
5592 1
5593 3
5594 4
5595 1
5596 3
5597 2
5598 0
5599 1
5600 1
5601 2
5602 1
5603 5
5604 4
5605 4
5606 1
5607 2
5608 1
5609 5
5610 3
5611 1
5612 1
5613 1
5614 0
5615 0
5616 3
5617 3
5618 0
5619 2
5620 1
5621 1
5622 1
5623 1
5624 3
5625 4
5626 3
5627 2
5628 2
5629 2
5630 0
5631 2
5632 1
5633 0
5634 1
5635 2
5636 2
5637 0
5638 2
5639 1
5640 0
5641 3
5642 2
5643 1
5644 1
5645 3
5646 5
5647 3
5648 2
5649 4
5650 0
5651 2
5652 4
5653 3
5654 1
5655 2
5656 0
5657 2
5658 1
5659 1
5660 2
5661 1
5662 4
5663 2
5664 1
5665 1
5666 0
5667 3
5668 1
5669 2
5670 3
5671 1
5672 3
5673 0
5674 0
5675 0
5676 1
5677 3
5678 2
5679 1
5680 0
5681 3
5682 1
5683 1
5684 1
5685 0
5686 1
5687 1
5688 2
5689 3
5690 2
5691 2
5692 0
5693 1
5694 2
5695 2
5696 0
5697 2
5698 3
5699 1
5700 2
5701 2
5702 1
5703 1
5704 1
5705 2
5706 4
5707 2
5708 0
5709 2
5710 0
5711 2
5712 6
5713 2
5714 1
5715 0
5716 0
5717 1
5718 2
5719 1
5720 1
5721 3
5722 1
5723 4
5724 4
5725 0
5726 1
5727 2
5728 3
5729 4
5730 2
5731 1
5732 0
5733 2
5734 0
5735 1
5736 2
5737 2
5738 2
5739 1
5740 3
5741 2
5742 1
5743 0
5744 1
5745 1
5746 1
5747 3
5748 0
5749 1
5750 1
5751 2
5752 2
5753 3
5754 3
5755 2
5756 2
5757 0
5758 0
5759 1
5760 0
5761 2
5762 1
5763 0
5764 1
5765 0
5766 0
5767 0
5768 2
5769 0
5770 1
5771 0
5772 2
5773 2
5774 1
5775 3
5776 2
5777 2
5778 2
5779 2
5780 3
5781 2
5782 0
5783 0
5784 1
5785 0
5786 3
5787 0
5788 0
5789 4
5790 3
5791 3
5792 0
5793 0
5794 2
5795 2
5796 2
5797 0
5798 4
5799 1
5800 3
5801 1
5802 2
5803 0
5804 1
5805 2
5806 5
5807 3
5808 1
5809 0
5810 0
5811 2
5812 3
5813 1
5814 0
5815 8
5816 5
5817 4
5818 1
5819 1
5820 1
5821 1
5822 0
5823 1
5824 1
5825 3
5826 3
5827 0
5828 2
5829 1
5830 0
5831 0
5832 2
5833 1
5834 1
5835 3
5836 2
5837 1
5838 0
5839 5
5840 2
5841 3
5842 3
5843 1
5844 2
5845 3
5846 2
5847 5
5848 2
5849 1
5850 1
5851 2
5852 3
5853 2
5854 2
5855 2
5856 2
5857 1
5858 4
5859 1
5860 1
5861 1
5862 1
5863 0
5864 0
5865 0
5866 2
5867 2
5868 1
5869 1
5870 4
5871 3
5872 2
5873 1
5874 1
5875 3
5876 0
5877 3
5878 0
5879 2
5880 2
5881 0
5882 0
5883 0
5884 0
5885 0
5886 1
5887 0
5888 2
5889 1
5890 1
5891 4
5892 1
5893 3
5894 2
5895 1
5896 1
5897 2
5898 2
5899 1
5900 1
5901 0
5902 2
5903 1
5904 0
5905 2
5906 1
5907 1
5908 2
5909 1
5910 1
5911 1
5912 1
5913 0
5914 2
5915 3
5916 1
5917 5
5918 1
5919 2
5920 3
5921 1
5922 2
5923 1
5924 1
5925 5
5926 0
5927 5
5928 3
5929 2
5930 0
5931 5
5932 2
5933 2
5934 1
5935 1
5936 4
5937 1
5938 3
5939 0
5940 4
5941 3
5942 0
5943 0
5944 1
5945 2
5946 3
5947 1
5948 1
5949 2
5950 0
5951 2
5952 2
5953 2
5954 0
5955 0
5956 1
5957 2
5958 0
5959 0
5960 1
5961 2
5962 3
5963 2
5964 2
5965 0
5966 3
5967 3
5968 2
5969 2
5970 2
5971 2
5972 1
5973 2
5974 2
5975 2
5976 0
5977 1
5978 2
5979 1
5980 0
5981 0
5982 0
5983 0
5984 1
5985 2
5986 2
5987 1
5988 1
5989 2
5990 1
5991 5
5992 2
5993 1
5994 2
5995 3
5996 1
5997 0
5998 2
5999 0
6000 2
6001 3
6002 1
6003 2
6004 2
6005 1
6006 0
6007 1
6008 1
6009 4
6010 4
6011 1
6012 4
6013 3
6014 1
6015 2
6016 0
6017 2
6018 2
6019 1
6020 1
6021 3
6022 1
6023 1
6024 1
6025 0
6026 1
6027 2
6028 0
6029 4
6030 2
6031 2
6032 2
6033 2
6034 0
6035 1
6036 3
6037 1
6038 1
6039 1
6040 1
6041 2
6042 1
6043 3
6044 2
6045 2
6046 3
6047 2
6048 2
6049 2
6050 2
6051 2
6052 1
6053 1
6054 4
6055 0
6056 1
6057 1
6058 1
6059 1
6060 2
6061 1
6062 2
6063 1
6064 0
6065 3
6066 2
6067 0
6068 1
6069 2
6070 0
6071 2
6072 3
6073 2
6074 1
6075 2
6076 0
6077 2
6078 2
6079 3
6080 2
6081 1
6082 2
6083 1
6084 2
6085 1
6086 0
6087 2
6088 0
6089 1
6090 2
6091 0
6092 2
6093 1
6094 1
6095 2
6096 0
6097 0
6098 1
6099 0
6100 4
6101 0
6102 0
6103 1
6104 1
6105 1
6106 3
6107 0
6108 0
6109 2
6110 0
6111 0
6112 0
6113 0
6114 1
6115 0
6116 3
6117 2
6118 1
6119 2
6120 0
6121 1
6122 1
6123 0
6124 3
6125 3
6126 2
6127 0
6128 2
6129 1
6130 3
6131 0
6132 0
6133 1
6134 1
6135 0
6136 1
6137 1
6138 1
6139 2
6140 2
6141 1
6142 1
6143 0
6144 3
6145 1
6146 2
6147 0
6148 3
6149 2
6150 3
6151 1
6152 2
6153 3
6154 3
6155 1
6156 0
6157 1
6158 0
6159 0
6160 0
6161 0
6162 1
6163 2
6164 0
6165 0
6166 2
6167 0
6168 0
6169 0
6170 0
6171 0
6172 3
6173 2
6174 0
6175 1
6176 2
6177 2
6178 2
6179 1
6180 4
6181 3
6182 1
6183 2
6184 0
6185 2
6186 0
6187 1
6188 1
6189 2
6190 1
6191 2
6192 2
6193 0
6194 3
6195 0
6196 0
6197 1
6198 0
6199 2
6200 0
6201 0
6202 0
6203 3
6204 2
6205 3
6206 2
6207 1
6208 0
6209 2
6210 1
6211 0
6212 3
6213 2
6214 1
6215 2
6216 1
6217 3
6218 1
6219 1
6220 1
6221 2
6222 1
6223 0
6224 4
6225 2
6226 2
6227 1
6228 1
6229 3
6230 1
6231 3
6232 0
6233 2
6234 1
6235 3
6236 1
6237 2
6238 2
6239 2
6240 4
6241 0
6242 1
6243 4
6244 1
6245 2
6246 1
6247 1
6248 2
6249 1
6250 1
6251 3
6252 1
6253 3
6254 0
6255 2
6256 4
6257 3
6258 1
6259 0
6260 0
6261 1
6262 2
6263 0
6264 1
6265 4
6266 2
6267 1
6268 3
6269 2
6270 0
6271 1
6272 0
6273 1
6274 1
6275 1
6276 0
6277 1
6278 1
6279 1
6280 2
6281 3
6282 1
6283 3
6284 3
6285 6
6286 1
6287 1
6288 1
6289 4
6290 1
6291 1
6292 2
6293 2
6294 1
6295 2
6296 1
6297 1
6298 2
6299 2
6300 0
6301 2
6302 2
6303 0
6304 1
6305 1
6306 1
6307 1
6308 1
6309 3
6310 3
6311 0
6312 2
6313 3
6314 1
6315 1
6316 0
6317 2
6318 0
6319 2
6320 1
6321 0
6322 1
6323 1
6324 0
6325 1
6326 3
6327 1
6328 0
6329 1
6330 1
6331 2
6332 2
6333 0
6334 4
6335 1
6336 0
6337 1
6338 1
6339 3
6340 3
6341 1
6342 2
6343 0
6344 1
6345 0
6346 2
6347 2
6348 1
6349 2
6350 0
6351 2
6352 2
6353 0
6354 0
6355 4
6356 0
6357 1
6358 1
6359 0
6360 1
6361 1
6362 0
6363 1
6364 0
6365 0
6366 1
6367 2
6368 0
6369 2
6370 2
6371 1
6372 4
6373 1
6374 2
6375 1
6376 5
6377 3
6378 1
6379 4
6380 2
6381 2
6382 1
6383 0
6384 0
6385 1
6386 1
6387 2
6388 2
6389 0
6390 0
6391 3
6392 3
6393 2
6394 0
6395 1
6396 2
6397 3
6398 2
6399 1
6400 3
6401 3
6402 1
6403 1
6404 1
6405 0
6406 2
6407 0
6408 1
6409 0
6410 1
6411 1
6412 0
6413 0
6414 0
6415 1
6416 0
6417 1
6418 0
6419 0
6420 1
6421 1
6422 4
6423 0
6424 1
6425 2
6426 1
6427 1
6428 0
6429 1
6430 1
6431 0
6432 3
6433 0
6434 1
6435 4
6436 3
6437 0
6438 1
6439 2
6440 2
6441 3
6442 1
6443 0
6444 2
6445 2
6446 1
6447 0
6448 0
6449 5
6450 0
6451 1
6452 0
6453 0
6454 2
6455 1
6456 0
6457 1
6458 2
6459 1
6460 1
6461 0
6462 1
6463 1
6464 2
6465 1
6466 2
6467 1
6468 3
6469 1
6470 3
6471 2
6472 2
6473 0
6474 1
6475 4
6476 1
6477 2
6478 1
6479 3
6480 4
6481 1
6482 0
6483 1
6484 3
6485 2
6486 2
6487 2
6488 2
6489 1
6490 2
6491 2
6492 1
6493 1
6494 1
6495 3
6496 0
6497 1
6498 1
6499 3
6500 0
6501 2
6502 0
6503 0
6504 4
6505 3
6506 3
6507 1
6508 3
6509 1
6510 1
6511 0
6512 1
6513 1
6514 1
6515 2
6516 0
6517 2
6518 2
6519 0
6520 3
6521 0
6522 1
6523 1
6524 2
6525 2
6526 1
6527 2
6528 3
6529 1
6530 2
6531 1
6532 2
6533 1
6534 4
6535 2
6536 0
6537 1
6538 0
6539 0
6540 0
6541 0
6542 3
6543 1
6544 0
6545 0
6546 0
6547 1
6548 2
6549 2
6550 1
6551 0
6552 1
6553 2
6554 0
6555 1
6556 1
6557 2
6558 1
6559 2
6560 0
6561 2
6562 2
6563 1
6564 2
6565 1
6566 3
6567 1
6568 1
6569 1
6570 4
6571 3
6572 2
6573 0
6574 1
6575 0
6576 2
6577 0
6578 3
6579 1
6580 3
6581 1
6582 1
6583 1
6584 0
6585 1
6586 1
6587 3
6588 2
6589 0
6590 3
6591 2
6592 1
6593 2
6594 0
6595 3
6596 1
6597 2
6598 0
6599 0
6600 0
6601 0
6602 0
6603 2
6604 2
6605 3
6606 0
6607 1
6608 1
6609 4
6610 1
6611 0
6612 3
6613 0
6614 1
6615 1
6616 2
6617 2
6618 2
6619 0
6620 4
6621 2
6622 1
6623 2
6624 1
6625 0
6626 1
6627 1
6628 1
6629 1
6630 1
6631 1
6632 0
6633 0
6634 3
6635 0
6636 1
6637 1
6638 1
6639 3
6640 4
6641 1
6642 0
6643 1
6644 0
6645 3
6646 3
6647 1
6648 3
6649 2
6650 0
6651 2
6652 0
6653 1
6654 2
6655 0
6656 6
6657 4
6658 3
6659 2
6660 1
6661 2
6662 4
6663 3
6664 2
6665 3
6666 2
6667 4
6668 1
6669 2
6670 0
6671 1
6672 2
6673 0
6674 3
6675 0
6676 0
6677 0
6678 0
6679 2
6680 3
6681 0
6682 0
6683 3
6684 1
6685 1
6686 2
6687 2
6688 2
6689 1
6690 2
6691 2
6692 0
6693 3
6694 2
6695 3
6696 4
6697 0
6698 1
6699 2
6700 1
6701 2
6702 1
6703 0
6704 0
6705 0
6706 3
6707 1
6708 3
6709 2
6710 2
6711 2
6712 3
6713 0
6714 0
6715 2
6716 1
6717 0
6718 4
6719 2
6720 1
6721 0
6722 1
6723 2
6724 0
6725 2
6726 1
6727 0
6728 1
6729 2
6730 3
6731 1
6732 0
6733 1
6734 0
6735 2
6736 3
6737 2
6738 1
6739 2
6740 4
6741 2
6742 1
6743 0
6744 1
6745 0
6746 1
6747 1
6748 3
6749 2
6750 3
6751 0
6752 4
6753 0
6754 2
6755 0
6756 3
6757 1
6758 0
6759 1
6760 2
6761 1
6762 0
6763 0
6764 2
6765 0
6766 3
6767 0
6768 0
6769 1
6770 1
6771 4
6772 0
6773 0
6774 2
6775 1
6776 2
6777 2
6778 1
6779 3
6780 1
6781 0
6782 4
6783 1
6784 0
6785 0
6786 1
6787 1
6788 1
6789 1
6790 2
6791 1
6792 1
6793 1
6794 0
6795 2
6796 2
6797 0
6798 1
6799 1
6800 0
6801 0
6802 1
6803 8
6804 2
6805 3
6806 1
6807 1
6808 0
6809 1
6810 0
6811 3
6812 2
6813 0
6814 2
6815 0
6816 0
6817 1
6818 1
6819 5
6820 0
6821 1
6822 3
6823 0
6824 2
6825 0
6826 0
6827 2
6828 0
6829 1
6830 1
6831 3
6832 2
6833 2
6834 1
6835 0
6836 2
6837 0
6838 0
6839 0
6840 3
6841 3
6842 0
6843 3
6844 1
6845 1
6846 0
6847 3
6848 1
6849 1
6850 2
6851 2
6852 0
6853 2
6854 1
6855 1
6856 0
6857 3
6858 2
6859 0
6860 2
6861 0
6862 0
6863 0
6864 0
6865 1
6866 1
6867 0
6868 3
6869 1
6870 0
6871 0
6872 0
6873 0
6874 1
6875 1
6876 1
6877 3
6878 2
6879 1
6880 1
6881 1
6882 2
6883 4
6884 2
6885 0
6886 2
6887 2
6888 1
6889 1
6890 3
6891 1
6892 3
6893 1
6894 2
6895 1
6896 3
6897 3
6898 3
6899 0
6900 2
6901 1
6902 0
6903 1
6904 1
6905 0
6906 2
6907 0
6908 1
6909 0
6910 2
6911 1
6912 0
6913 2
6914 2
6915 2
6916 0
6917 0
6918 1
6919 0
6920 1
6921 0
6922 0
6923 1
6924 4
6925 0
6926 2
6927 1
6928 1
6929 1
6930 0
6931 1
6932 0
6933 0
6934 0
6935 1
6936 2
6937 1
6938 1
6939 1
6940 1
6941 1
6942 0
6943 0
6944 1
6945 0
6946 0
6947 1
6948 0
6949 1
6950 2
6951 1
6952 3
6953 2
6954 1
6955 2
6956 2
6957 0
6958 0
6959 4
6960 1
6961 1
6962 2
6963 2
6964 0
6965 2
6966 2
6967 1
6968 2
6969 1
6970 0
6971 0
6972 3
6973 1
6974 1
6975 2
6976 1
6977 3
6978 1
6979 0
6980 0
6981 0
6982 1
6983 2
6984 0
6985 2
6986 0
6987 0
6988 2
6989 2
6990 2
6991 2
6992 1
6993 1
6994 2
6995 1
6996 4
6997 3
6998 1
6999 2
7000 1
7001 1
7002 2
7003 1
7004 2
7005 2
7006 2
7007 1
7008 1
7009 0
7010 2
7011 0
7012 0
7013 1
7014 0
7015 1
7016 0
7017 2
7018 3
7019 0
7020 1
7021 1
7022 0
7023 0
7024 2
7025 1
7026 2
7027 1
7028 0
7029 0
7030 2
7031 0
7032 0
7033 0
7034 1
7035 0
7036 0
7037 2
7038 0
7039 0
7040 2
7041 0
7042 2
7043 2
7044 1
7045 4
7046 1
7047 0
7048 0
7049 1
7050 4
7051 0
7052 2
7053 2
7054 2
7055 2
7056 1
7057 2
7058 0
7059 0
7060 1
7061 0
7062 0
7063 1
7064 1
7065 0
7066 3
7067 0
7068 2
7069 0
7070 1
7071 1
7072 0
7073 2
7074 0
7075 2
7076 3
7077 2
7078 2
7079 0
7080 1
7081 1
7082 1
7083 0
7084 3
7085 1
7086 0
7087 1
7088 3
7089 1
7090 0
7091 0
7092 1
7093 0
7094 0
7095 4
7096 1
7097 2
7098 2
7099 0
7100 0
7101 2
7102 1
7103 0
7104 0
7105 0
7106 4
7107 1
7108 0
7109 1
7110 2
7111 0
7112 1
7113 1
7114 0
7115 2
7116 0
7117 1
7118 0
7119 1
7120 1
7121 1
7122 3
7123 1
7124 0
7125 1
7126 3
7127 2
7128 2
7129 0
7130 1
7131 1
7132 3
7133 1
7134 1
7135 1
7136 2
7137 4
7138 0
7139 0
7140 1
7141 2
7142 3
7143 2
7144 3
7145 0
7146 1
7147 2
7148 3
7149 5
7150 1
7151 0
7152 0
7153 0
7154 1
7155 2
7156 1
7157 2
7158 0
7159 0
7160 3
7161 0
7162 2
7163 0
7164 1
7165 0
7166 1
7167 0
7168 1
7169 0
7170 1
7171 1
7172 0
7173 0
7174 2
7175 0
7176 1
7177 3
7178 1
7179 1
7180 2
7181 0
7182 0
7183 0
7184 0
7185 0
7186 1
7187 0
7188 0
7189 0
7190 2
7191 0
7192 2
7193 3
7194 1
7195 1
7196 0
7197 1
7198 2
7199 1
7200 1
7201 1
7202 3
7203 0
7204 2
7205 0
7206 1
7207 0
7208 1
7209 1
7210 0
7211 2
7212 1
7213 0
7214 1
7215 0
7216 0
7217 0
7218 1
7219 0
7220 0
7221 1
7222 1
7223 0
7224 3
7225 0
7226 0
7227 0
7228 0
7229 0
7230 1
7231 1
7232 2
7233 2
7234 0
7235 2
7236 0
7237 1
7238 3
7239 0
7240 1
7241 0
7242 1
7243 1
7244 5
7245 2
7246 2
7247 5
7248 4
7249 1
7250 0
7251 4
7252 1
7253 3
7254 2
7255 0
7256 1
7257 2
7258 3
7259 0
7260 2
7261 3
7262 0
7263 1
7264 1
7265 3
7266 2
7267 0
7268 2
7269 1
7270 1
7271 0
7272 0
7273 0
7274 1
7275 1
7276 3
7277 0
7278 0
7279 2
7280 1
7281 0
7282 3
7283 0
7284 2
7285 0
7286 2
7287 0
7288 4
7289 0
7290 2
7291 1
7292 1
7293 0
7294 3
7295 3
7296 1
7297 3
7298 0
7299 3
7300 3
7301 3
7302 1
7303 1
7304 3
7305 2
7306 2
7307 3
7308 1
7309 0
7310 0
7311 1
7312 1
7313 1
7314 2
7315 1
7316 1
7317 2
7318 1
7319 1
7320 0
7321 1
7322 1
7323 1
7324 0
7325 1
7326 1
7327 2
7328 0
7329 1
7330 2
7331 2
7332 3
7333 3
7334 2
7335 0
7336 1
7337 2
7338 2
7339 2
7340 6
7341 0
7342 4
7343 1
7344 0
7345 0
7346 0
7347 0
7348 0
7349 0
7350 0
7351 0
7352 1
7353 0
7354 0
7355 2
7356 0
7357 3
7358 1
7359 0
7360 1
7361 1
7362 0
7363 0
7364 1
7365 0
7366 3
7367 1
7368 3
7369 0
7370 0
7371 1
7372 0
7373 3
7374 0
7375 3
7376 0
7377 1
7378 2
7379 1
7380 1
7381 0
7382 1
7383 3
7384 1
7385 1
7386 1
7387 0
7388 0
7389 1
7390 0
7391 0
7392 1
7393 2
7394 2
7395 0
7396 2
7397 1
7398 0
7399 1
7400 0
7401 1
7402 1
7403 1
7404 3
7405 1
7406 0
7407 0
7408 0
7409 0
7410 1
7411 0
7412 0
7413 0
7414 3
7415 1
7416 1
7417 1
7418 0
7419 1
7420 1
7421 0
7422 1
7423 0
7424 2
7425 0
7426 0
7427 0
7428 0
7429 2
7430 1
7431 1
7432 2
7433 0
7434 0
7435 0
7436 0
7437 3
7438 0
7439 2
7440 0
7441 4
7442 1
7443 4
7444 0
7445 0
7446 2
7447 0
7448 1
7449 1
7450 2
7451 2
7452 1
7453 0
7454 2
7455 1
7456 2
7457 2
7458 2
7459 1
7460 2
7461 1
7462 1
7463 1
7464 0
7465 1
7466 0
7467 2
7468 2
7469 2
7470 0
7471 0
7472 1
7473 1
7474 0
7475 0
7476 1
7477 0
7478 0
7479 1
7480 0
7481 0
7482 1
7483 1
7484 1
7485 4
7486 0
7487 0
7488 1
7489 0
7490 1
7491 1
7492 1
7493 0
7494 1
7495 3
7496 0
7497 1
7498 2
7499 0
7500 0
7501 1
7502 1
7503 1
7504 1
7505 1
7506 1
7507 0
7508 0
7509 0
7510 1
7511 0
7512 1
7513 0
7514 0
7515 0
7516 1
7517 0
7518 0
7519 0
7520 0
7521 0
7522 1
7523 1
7524 2
7525 1
7526 2
7527 1
7528 0
7529 0
7530 0
7531 1
7532 1
7533 1
7534 1
7535 3
7536 0
7537 1
7538 2
7539 1
7540 0
7541 1
7542 0
7543 1
7544 1
7545 1
7546 0
7547 0
7548 0
7549 3
7550 1
7551 1
7552 0
7553 1
7554 2
7555 0
7556 0
7557 0
7558 1
7559 0
7560 2
7561 2
7562 0
7563 2
7564 0
7565 2
7566 0
7567 2
7568 0
7569 0
7570 2
7571 2
7572 2
7573 0
7574 1
7575 2
7576 0
7577 1
7578 2
7579 0
7580 1
7581 1
7582 1
7583 0
7584 0
7585 2
7586 2
7587 1
7588 1
7589 2
7590 3
7591 1
7592 1
7593 0
7594 1
7595 2
7596 2
7597 2
7598 2
7599 0
7600 2
7601 3
7602 0
7603 3
7604 1
7605 2
7606 0
7607 0
7608 1
7609 0
7610 2
7611 0
7612 0
7613 3
7614 1
7615 0
7616 1
7617 2
7618 0
7619 1
7620 2
7621 3
7622 0
7623 0
7624 2
7625 2
7626 2
7627 0
7628 2
7629 0
7630 1
7631 2
7632 1
7633 1
7634 1
7635 1
7636 0
7637 2
7638 0
7639 1
7640 1
7641 0
7642 1
7643 1
7644 0
7645 2
7646 2
7647 1
7648 4
7649 2
7650 1
7651 1
7652 0
7653 0
7654 0
7655 0
7656 1
7657 1
7658 1
7659 0
7660 2
7661 0
7662 5
7663 3
7664 0
7665 1
7666 2
7667 2
7668 1
7669 1
7670 1
7671 0
7672 0
7673 1
7674 0
7675 1
7676 1
7677 2
7678 0
7679 1
7680 1
7681 0
7682 0
7683 0
7684 0
7685 0
7686 1
7687 3
7688 0
7689 0
7690 3
7691 1
7692 2
7693 1
7694 2
7695 4
7696 0
7697 0
7698 0
7699 0
7700 2
7701 0
7702 1
7703 0
7704 1
7705 2
7706 0
7707 1
7708 0
7709 1
7710 0
7711 1
7712 1
7713 0
7714 0
7715 1
7716 0
7717 0
7718 0
7719 0
7720 1
7721 1
7722 0
7723 0
7724 0
7725 0
7726 1
7727 0
7728 1
7729 0
7730 1
7731 1
7732 0
7733 2
7734 1
7735 1
7736 2
7737 2
7738 0
7739 1
7740 0
7741 4
7742 1
7743 0
7744 1
7745 0
7746 1
7747 1
7748 1
7749 0
7750 3
7751 1
7752 0
7753 1
7754 0
7755 2
7756 1
7757 1
7758 1
7759 2
7760 1
7761 0
7762 0
7763 1
7764 0
7765 1
7766 1
7767 3
7768 0
7769 1
7770 1
7771 0
7772 0
7773 3
7774 2
7775 0
7776 1
7777 1
7778 2
7779 0
7780 0
7781 1
7782 1
7783 0
7784 0
7785 1
7786 1
7787 2
7788 0
7789 0
7790 1
7791 1
7792 0
7793 1
7794 1
7795 1
7796 1
7797 0
7798 0
7799 1
7800 0
7801 0
7802 1
7803 0
7804 0
7805 0
7806 3
7807 2
7808 0
7809 1
7810 1
7811 1
7812 3
7813 1
7814 0
7815 3
7816 0
7817 0
7818 1
7819 0
7820 2
7821 1
7822 2
7823 1
7824 0
7825 0
7826 1
7827 1
7828 1
7829 2
7830 0
7831 1
7832 0
7833 1
7834 1
7835 0
7836 2
7837 0
7838 0
7839 0
7840 1
7841 2
7842 1
7843 3
7844 1
7845 0
7846 1
7847 1
7848 0
7849 3
7850 3
7851 1
7852 1
7853 1
7854 0
7855 1
7856 1
7857 0
7858 0
7859 3
7860 1
7861 1
7862 0
7863 0
7864 1
7865 0
7866 0
7867 1
7868 1
7869 0
7870 2
7871 0
7872 1
7873 2
7874 1
7875 1
7876 0
7877 0
7878 0
7879 0
7880 2
7881 2
7882 0
7883 0
7884 0
7885 0
7886 1
7887 2
7888 1
7889 1
7890 0
7891 0
7892 0
7893 1
7894 0
7895 1
7896 0
7897 1
7898 1
7899 0
7900 0
7901 1
7902 1
7903 1
7904 2
7905 1
7906 2
7907 1
7908 0
7909 1
7910 1
7911 2
7912 0
7913 0
7914 0
7915 0
7916 2
7917 2
7918 0
7919 0
7920 0
7921 1
7922 2
7923 0
7924 0
7925 1
7926 2
7927 4
7928 2
7929 0
7930 2
7931 0
7932 2
7933 1
7934 0
7935 0
7936 0
7937 0
7938 0
7939 1
7940 0
7941 0
7942 1
7943 2
7944 1
7945 0
7946 0
7947 2
7948 1
7949 0
7950 2
7951 0
7952 1
7953 0
7954 1
7955 1
7956 0
7957 0
7958 0
7959 0
7960 0
7961 0
7962 1
7963 0
7964 0
7965 2
7966 0
7967 1
7968 1
7969 0
7970 0
7971 1
7972 0
7973 0
7974 0
7975 0
7976 1
7977 0
7978 2
7979 2
7980 2
7981 0
7982 0
7983 2
7984 1
7985 1
7986 1
7987 1
7988 1
7989 1
7990 1
7991 0
7992 3
7993 1
7994 0
7995 3
7996 1
7997 2
7998 2
7999 0
8000 1
8001 1
8002 1
8003 1
8004 3
8005 0
8006 1
8007 0
8008 1
8009 0
8010 0
8011 2
8012 1
8013 2
8014 1
8015 0
8016 1
8017 0
8018 1
8019 1
8020 2
8021 1
8022 2
8023 1
8024 0
8025 0
8026 1
8027 3
8028 1
8029 1
8030 1
8031 2
8032 1
8033 2
8034 0
8035 1
8036 1
8037 3
8038 0
8039 3
8040 1
8041 0
8042 0
8043 1
8044 0
8045 0
8046 1
8047 2
8048 0
8049 1
8050 2
8051 1
8052 2
8053 2
8054 2
8055 3
8056 0
8057 2
8058 1
8059 3
8060 0
8061 0
8062 0
8063 0
8064 2
8065 2
8066 1
8067 1
8068 0
8069 0
8070 1
8071 1
8072 1
8073 1
8074 1
8075 0
8076 0
8077 1
8078 2
8079 0
8080 0
8081 1
8082 1
8083 1
8084 1
8085 0
8086 0
8087 0
8088 3
8089 0
8090 0
8091 0
8092 1
8093 1
8094 1
8095 1
8096 0
8097 1
8098 0
8099 1
8100 1
8101 2
8102 4
8103 0
8104 0
8105 1
8106 0
8107 1
8108 0
8109 1
8110 0
8111 0
8112 0
8113 1
8114 1
8115 1
8116 3
8117 3
8118 0
8119 0
8120 3
8121 2
8122 1
8123 0
8124 1
8125 0
8126 2
8127 0
8128 0
8129 2
8130 1
8131 0
8132 0
8133 0
8134 1
8135 0
8136 2
8137 0
8138 3
8139 2
8140 2
8141 1
8142 0
8143 2
8144 0
8145 1
8146 0
8147 1
8148 0
8149 3
8150 3
8151 2
8152 1
8153 0
8154 1
8155 1
8156 1
8157 1
8158 1
8159 0
8160 0
8161 2
8162 0
8163 2
8164 2
8165 2
8166 2
8167 4
8168 3
8169 1
8170 1
8171 4
8172 1
8173 0
8174 2
8175 0
8176 1
8177 2
8178 0
8179 1
8180 0
8181 2
8182 1
8183 1
8184 1
8185 0
8186 0
8187 1
8188 0
8189 1
8190 2
8191 3
8192 3
8193 1
8194 0
8195 1
8196 0
8197 0
8198 1
8199 1
8200 1
8201 0
8202 1
8203 0
8204 1
8205 0
8206 0
8207 2
8208 1
8209 2
8210 0
8211 0
8212 1
8213 1
8214 0
8215 0
8216 0
8217 0
8218 1
8219 0
8220 0
8221 0
8222 0
8223 0
8224 0
8225 0
8226 2
8227 1
8228 0
8229 0
8230 1
8231 1
8232 1
8233 1
8234 0
8235 0
8236 0
8237 1
8238 0
8239 1
8240 0
8241 1
8242 1
8243 1
8244 1
8245 2
8246 1
8247 0
8248 1
8249 0
8250 0
8251 2
8252 1
8253 3
8254 0
8255 0
8256 0
8257 1
8258 1
8259 0
8260 1
8261 0
8262 0
8263 0
8264 2
8265 2
8266 2
8267 2
8268 0
8269 1
8270 1
8271 1
8272 1
8273 1
8274 1
8275 1
8276 0
8277 0
8278 1
8279 2
8280 0
8281 1
8282 2
8283 0
8284 0
8285 0
8286 1
8287 1
8288 1
8289 0
8290 0
8291 1
8292 0
8293 2
8294 0
8295 0
8296 1
8297 1
8298 2
8299 1
8300 0
8301 0
8302 1
8303 0
8304 0
8305 1
8306 0
8307 1
8308 1
8309 2
8310 0
8311 0
8312 1
8313 0
8314 1
8315 2
8316 0
8317 0
8318 0
8319 2
8320 1
8321 1
8322 1
8323 2
8324 0
8325 2
8326 2
8327 0
8328 2
8329 1
8330 2
8331 0
8332 0
8333 0
8334 0
8335 0
8336 2
8337 2
8338 1
8339 0
8340 1
8341 0
8342 0
8343 1
8344 2
8345 0
8346 1
8347 0
8348 1
8349 0
8350 0
8351 1
8352 1
8353 2
8354 0
8355 1
8356 0
8357 2
8358 1
8359 3
8360 0
8361 1
8362 0
8363 3
8364 2
8365 1
8366 1
8367 2
8368 1
8369 2
8370 0
8371 1
8372 0
8373 1
8374 1
8375 1
8376 1
8377 1
8378 1
8379 2
8380 0
8381 0
8382 1
8383 0
8384 0
8385 0
8386 1
8387 1
8388 1
8389 0
8390 0
8391 0
8392 0
8393 1
8394 0
8395 0
8396 0
8397 0
8398 1
8399 1
8400 0
8401 0
8402 1
8403 2
8404 0
8405 0
8406 0
8407 1
8408 0
8409 1
8410 1
8411 1
8412 1
8413 1
8414 0
8415 0
8416 0
8417 0
8418 1
8419 2
8420 1
8421 0
8422 0
8423 1
8424 1
8425 1
8426 0
8427 0
8428 1
8429 2
8430 0
8431 0
8432 0
8433 0
8434 1
8435 0
8436 0
8437 0
8438 2
8439 1
8440 0
8441 1
8442 1
8443 1
8444 0
8445 0
8446 1
8447 2
8448 0
8449 0
8450 1
8451 3
8452 0
8453 0
8454 1
8455 1
8456 0
8457 1
8458 0
8459 0
8460 0
8461 0
8462 0
8463 1
8464 0
8465 0
8466 0
8467 0
8468 0
8469 0
8470 0
8471 0
8472 0
8473 0
8474 4
8475 0
8476 0
8477 0
8478 0
8479 0
8480 0
8481 0
8482 1
8483 1
8484 1
8485 1
8486 0
8487 1
8488 1
8489 0
8490 1
8491 0
8492 1
8493 3
8494 0
8495 1
8496 0
8497 0
8498 0
8499 0
8500 1
8501 1
8502 1
8503 1
8504 1
8505 1
8506 0
8507 0
8508 1
8509 0
8510 0
8511 0
8512 0
8513 2
8514 0
8515 0
8516 0
8517 0
8518 0
8519 0
8520 0
8521 1
8522 0
8523 0
8524 1
8525 2
8526 1
8527 0
8528 0
8529 1
8530 1
8531 1
8532 0
8533 0
8534 2
8535 4
8536 0
8537 0
8538 0
8539 1
8540 1
8541 0
8542 1
8543 1
8544 0
8545 0
8546 0
8547 1
8548 1
8549 0
8550 0
8551 0
8552 0
8553 0
8554 0
8555 0
8556 1
8557 1
8558 0
8559 0
8560 0
8561 0
8562 1
8563 0
8564 0
8565 0
8566 1
8567 0
8568 0
8569 1
8570 1
8571 1
8572 0
8573 0
8574 1
8575 1
8576 0
8577 2
8578 0
8579 1
8580 1
8581 1
8582 0
8583 1
8584 1
8585 1
8586 1
8587 0
8588 1
8589 0
8590 0
8591 1
8592 0
8593 1
8594 0
8595 1
8596 0
8597 0
8598 1
8599 2
8600 2
8601 1
8602 0
8603 1
8604 0
8605 0
8606 0
8607 2
8608 1
8609 0
8610 1
8611 1
8612 2
8613 0
8614 0
8615 1
8616 1
8617 0
8618 0
8619 0
8620 3
8621 0
8622 0
8623 1
8624 0
8625 0
8626 1
8627 0
8628 1
8629 0
8630 0
8631 1
8632 1
8633 1
8634 0
8635 0
8636 0
8637 1
8638 1
8639 1
8640 1
8641 1
8642 0
8643 2
8644 1
8645 0
8646 1
8647 0
8648 0
8649 3
8650 1
8651 0
8652 1
8653 2
8654 0
8655 0
8656 3
8657 0
8658 0
8659 0
8660 2
8661 0
8662 3
8663 1
8664 2
8665 0
8666 2
8667 0
8668 0
8669 0
8670 2
8671 1
8672 0
8673 1
8674 0
8675 0
8676 0
8677 0
8678 2
8679 0
8680 1
8681 1
8682 0
8683 1
8684 2
8685 0
8686 1
8687 0
8688 1
8689 2
8690 1
8691 2
8692 1
8693 0
8694 2
8695 0
8696 0
8697 0
8698 3
8699 0
8700 0
8701 0
8702 0
8703 1
8704 1
8705 1
8706 0
8707 1
8708 1
8709 0
8710 2
8711 0
8712 1
8713 1
8714 2
8715 0
8716 0
8717 0
8718 0
8719 0
8720 0
8721 1
8722 2
8723 0
8724 1
8725 1
8726 0
8727 1
8728 0
8729 0
8730 1
8731 0
8732 0
8733 1
8734 0
8735 0
8736 0
8737 0
8738 1
8739 1
8740 3
8741 0
8742 0
8743 1
8744 1
8745 0
8746 1
8747 0
8748 0
8749 0
8750 1
8751 1
8752 1
8753 0
8754 2
8755 0
8756 0
8757 1
8758 2
8759 0
8760 0
8761 0
8762 0
8763 0
8764 2
8765 0
8766 1
8767 1
8768 0
8769 2
8770 0
8771 1
8772 1
8773 0
8774 1
8775 0
8776 1
8777 1
8778 1
8779 1
8780 0
8781 0
8782 0
8783 1
8784 2
8785 0
8786 0
8787 0
8788 2
8789 2
8790 1
8791 0
8792 1
8793 1
8794 0
8795 0
8796 0
8797 0
8798 1
8799 1
8800 1
8801 3
8802 1
8803 1
8804 0
8805 0
8806 0
8807 1
8808 0
8809 2
8810 0
8811 0
8812 1
8813 0
8814 2
8815 0
8816 2
8817 0
8818 0
8819 1
8820 1
8821 0
8822 0
8823 0
8824 0
8825 0
8826 0
8827 0
8828 0
8829 2
8830 0
8831 1
8832 2
8833 0
8834 1
8835 1
8836 2
8837 0
8838 1
8839 1
8840 2
8841 0
8842 2
8843 2
8844 1
8845 1
8846 0
8847 0
8848 0
8849 0
8850 0
8851 0
8852 0
8853 0
8854 0
8855 0
8856 0
8857 1
8858 0
8859 2
8860 0
8861 0
8862 0
8863 0
8864 0
8865 0
8866 1
8867 1
8868 0
8869 1
8870 1
8871 0
8872 0
8873 1
8874 1
8875 0
8876 0
8877 0
8878 1
8879 0
8880 0
8881 0
8882 1
8883 1
8884 0
8885 0
8886 0
8887 1
8888 2
8889 1
8890 0
8891 0
8892 0
8893 2
8894 1
8895 0
8896 0
8897 0
8898 0
8899 0
8900 1
8901 0
8902 0
8903 2
8904 0
8905 1
8906 0
8907 0
8908 1
8909 0
8910 0
8911 0
8912 0
8913 0
8914 0
8915 0
8916 1
8917 3
8918 1
8919 0
8920 0
8921 0
8922 0
8923 1
8924 0
8925 1
8926 0
8927 0
8928 0
8929 0
8930 1
8931 0
8932 0
8933 1
8934 1
8935 1
8936 1
8937 2
8938 0
8939 2
8940 0
8941 0
8942 1
8943 0
8944 0
8945 0
8946 1
8947 0
8948 0
8949 1
8950 1
8951 0
8952 0
8953 1
8954 0
8955 1
8956 0
8957 1
8958 0
8959 0
8960 1
8961 1
8962 0
8963 1
8964 0
8965 0
8966 2
8967 2
8968 2
8969 0
8970 0
8971 1
8972 0
8973 0
8974 1
8975 0
8976 0
8977 0
8978 0
8979 0
8980 0
8981 1
8982 0
8983 0
8984 0
8985 1
8986 1
8987 0
8988 0
8989 2
8990 0
8991 0
8992 0
8993 0
8994 0
8995 2
8996 0
8997 3
8998 0
8999 0
9000 0
9001 0
9002 0
9003 1
9004 0
9005 0
9006 0
9007 0
9008 0
9009 1
9010 1
9011 0
9012 0
9013 0
9014 0
9015 0
9016 0
9017 0
9018 1
9019 0
9020 0
9021 0
9022 1
9023 1
9024 0
9025 0
9026 0
9027 0
9028 2
9029 0
9030 0
9031 1
9032 0
9033 0
9034 1
9035 0
9036 0
9037 0
9038 0
9039 0
9040 0
9041 1
9042 2
9043 0
9044 1
9045 0
9046 0
9047 1
9048 0
9049 1
9050 0
9051 0
9052 1
9053 2
9054 1
9055 1
9056 0
9057 0
9058 0
9059 0
9060 1
9061 0
9062 1
9063 0
9064 2
9065 0
9066 0
9067 1
9068 0
9069 0
9070 0
9071 0
9072 0
9073 0
9074 1
9075 0
9076 0
9077 1
9078 0
9079 0
9080 0
9081 0
9082 0
9083 0
9084 1
9085 0
9086 0
9087 0
9088 0
9089 0
9090 0
9091 1
9092 0
9093 0
9094 0
9095 1
9096 0
9097 0
9098 0
9099 0
9100 0
9101 1
9102 0
9103 0
9104 0
9105 0
9106 0
9107 0
9108 2
9109 0
9110 0
9111 0
9112 1
9113 1
9114 0
9115 0
9116 0
9117 3
9118 0
9119 0
9120 0
9121 0
9122 0
9123 0
9124 0
9125 1
9126 0
9127 0
9128 0
9129 0
9130 0
9131 0
9132 0
9133 1
9134 0
9135 0
9136 0
9137 0
9138 0
9139 0
9140 0
9141 0
9142 1
9143 0
9144 0
9145 1
9146 1
9147 3
9148 0
9149 1
9150 0
9151 0
9152 0
9153 2
9154 0
9155 0
9156 1
9157 0
9158 2
9159 0
9160 1
9161 0
9162 1
9163 0
9164 1
9165 0
9166 0
9167 0
9168 0
9169 0
9170 0
9171 0
9172 1
9173 3
9174 0
9175 3
9176 1
9177 1
9178 1
9179 1
9180 2
9181 1
9182 1
9183 0
9184 2
9185 0
9186 1
9187 4
9188 0
9189 2
9190 1
9191 1
9192 2
9193 3
9194 0
9195 0
9196 1
9197 2
9198 0
9199 2
9200 0
9201 0
9202 0
9203 2
9204 0
9205 1
9206 0
9207 3
9208 0
9209 0
9210 0
9211 1
9212 1
9213 0
9214 3
9215 0
9216 1
9217 1
9218 2
9219 2
9220 0
9221 0
9222 0
9223 0
9224 1
9225 1
9226 1
9227 0
9228 0
9229 0
9230 1
9231 1
9232 1
9233 2
9234 0
9235 0
9236 0
9237 0
9238 0
9239 0
9240 0
9241 0
9242 1
9243 0
9244 1
9245 2
9246 0
9247 0
9248 0
9249 0
9250 0
9251 0
9252 1
9253 0
9254 1
9255 3
9256 1
9257 0
9258 0
9259 2
9260 0
9261 0
9262 1
9263 1
9264 0
9265 2
9266 0
9267 0
9268 0
9269 3
9270 1
9271 1
9272 0
9273 1
9274 1
9275 1
9276 0
9277 2
9278 0
9279 0
9280 3
9281 1
9282 2
9283 0
9284 2
9285 0
9286 1
9287 0
9288 0
9289 0
9290 0
9291 2
9292 0
9293 1
9294 2
9295 1
9296 1
9297 0
9298 1
9299 1
9300 0
9301 2
9302 0
9303 2
9304 1
9305 2
9306 0
9307 0
9308 1
9309 0
9310 0
9311 1
9312 1
9313 2
9314 0
9315 1
9316 0
9317 0
9318 0
9319 0
9320 1
9321 0
9322 1
9323 0
9324 0
9325 0
9326 0
9327 0
9328 0
9329 1
9330 1
9331 1
9332 0
9333 0
9334 0
9335 0
9336 1
9337 0
9338 1
9339 1
9340 0
9341 0
9342 0
9343 0
9344 0
9345 0
9346 0
9347 0
9348 0
9349 2
9350 0
9351 2
9352 0
9353 2
9354 1
9355 1
9356 1
9357 1
9358 1
9359 0
9360 0
9361 1
9362 0
9363 1
9364 0
9365 0
9366 0
9367 0
9368 0
9369 1
9370 1
9371 0
9372 2
9373 0
9374 0
9375 0
9376 0
9377 0
9378 1
9379 0
9380 0
9381 0
9382 0
9383 0
9384 0
9385 0
9386 3
9387 1
9388 0
9389 1
9390 0
9391 1
9392 0
9393 1
9394 3
9395 0
9396 1
9397 0
9398 0
9399 1
9400 1
9401 0
9402 0
9403 1
9404 0
9405 0
9406 0
9407 0
9408 1
9409 2
9410 1
9411 0
9412 0
9413 2
9414 1
9415 1
9416 0
9417 0
9418 0
9419 1
9420 2
9421 0
9422 0
9423 0
9424 2
9425 0
9426 0
9427 0
9428 0
9429 0
9430 1
9431 0
9432 2
9433 2
9434 0
9435 1
9436 0
9437 0
9438 0
9439 2
9440 0
9441 0
9442 1
9443 1
9444 0
9445 1
9446 0
9447 1
9448 1
9449 0
9450 0
9451 3
9452 1
9453 0
9454 0
9455 1
9456 1
9457 0
9458 1
9459 0
9460 1
9461 0
9462 0
9463 0
9464 1
9465 0
9466 1
9467 0
9468 0
9469 0
9470 1
9471 1
9472 0
9473 1
9474 0
9475 0
9476 1
9477 0
9478 0
9479 2
9480 0
9481 0
9482 0
9483 0
9484 0
9485 0
9486 0
9487 0
9488 0
9489 1
9490 1
9491 2
9492 0
9493 0
9494 0
9495 0
9496 1
9497 1
9498 1
9499 0
9500 0
9501 0
9502 0
9503 0
9504 0
9505 1
9506 0
9507 1
9508 0
9509 0
9510 1
9511 0
9512 0
9513 0
9514 1
9515 0
9516 1
9517 0
9518 1
9519 2
9520 0
9521 2
9522 0
9523 0
9524 1
9525 0
9526 1
9527 0
9528 0
9529 0
9530 0
9531 0
9532 1
9533 1
9534 1
9535 1
9536 1
9537 0
9538 0
9539 2
9540 1
9541 1
9542 0
9543 0
9544 1
9545 0
9546 0
9547 0
9548 0
9549 0
9550 0
9551 1
9552 0
9553 1
9554 0
9555 1
9556 1
9557 0
9558 0
9559 0
9560 1
9561 1
9562 0
9563 0
9564 1
9565 0
9566 0
9567 1
9568 0
9569 1
9570 0
9571 0
9572 0
9573 2
9574 2
9575 0
9576 0
9577 0
9578 0
9579 2
9580 1
9581 0
9582 0
9583 1
9584 1
9585 1
9586 0
9587 0
9588 1
9589 2
9590 1
9591 0
9592 1
9593 0
9594 0
9595 0
9596 0
9597 0
9598 1
9599 2
9600 0
9601 0
9602 2
9603 2
9604 0
9605 0
9606 2
9607 2
9608 1
9609 0
9610 1
9611 1
9612 0
9613 0
9614 0
9615 2
9616 0
9617 1
9618 0
9619 0
9620 0
9621 0
9622 0
9623 0
9624 0
9625 0
9626 0
9627 0
9628 1
9629 0
9630 0
9631 0
9632 0
9633 0
9634 1
9635 2
9636 2
9637 1
9638 0
9639 0
9640 0
9641 1
9642 1
9643 0
9644 0
9645 0
9646 0
9647 1
9648 0
9649 0
9650 0
9651 0
9652 0
9653 0
9654 0
9655 0
9656 1
9657 0
9658 0
9659 1
9660 1
9661 0
9662 1
9663 0
9664 0
9665 0
9666 1
9667 3
9668 1
9669 1
9670 1
9671 0
9672 0
9673 1
9674 0
9675 2
9676 0
9677 0
9678 0
9679 0
9680 1
9681 1
9682 1
9683 2
9684 0
9685 0
9686 0
9687 1
9688 2
9689 0
9690 0
9691 1
9692 1
9693 0
9694 1
9695 1
9696 3
9697 2
9698 0
9699 0
9700 0
9701 0
9702 0
9703 1
9704 1
9705 0
9706 0
9707 1
9708 2
9709 0
9710 0
9711 0
9712 2
9713 0
9714 0
9715 0
9716 0
9717 0
9718 0
9719 1
9720 0
9721 1
9722 0
9723 0
9724 0
9725 0
9726 0
9727 1
9728 0
9729 1
9730 0
9731 0
9732 0
9733 1
9734 2
9735 0
9736 1
9737 0
9738 1
9739 0
9740 0
9741 1
9742 1
9743 0
9744 0
9745 0
9746 0
9747 1
9748 0
9749 0
9750 0
9751 2
9752 0
9753 0
9754 0
9755 0
9756 0
9757 1
9758 0
9759 0
9760 1
9761 0
9762 0
9763 0
9764 1
9765 0
9766 0
9767 1
9768 1
9769 1
9770 1
9771 0
9772 2
9773 0
9774 0
9775 0
9776 0
9777 0
9778 0
9779 0
9780 0
9781 1
9782 0
9783 1
9784 0
9785 0
9786 1
9787 1
9788 0
9789 1
9790 0
9791 1
9792 0
9793 1
9794 1
9795 0
9796 1
9797 0
9798 0
9799 1
9800 0
9801 0
9802 0
9803 0
9804 1
9805 0
9806 0
9807 0
9808 1
9809 1
9810 0
9811 2
9812 0
9813 1
9814 0
9815 0
9816 0
9817 0
9818 0
9819 0
9820 1
9821 1
9822 0
9823 0
9824 1
9825 1
9826 0
9827 2
9828 0
9829 0
9830 1
9831 0
9832 1
9833 0
9834 2
9835 1
9836 1
9837 0
9838 1
9839 0
9840 0
9841 0
9842 1
9843 2
9844 0
9845 0
9846 1
9847 0
9848 0
9849 1
9850 0
9851 0
9852 0
9853 3
9854 0
9855 0
9856 1
9857 0
9858 0
9859 1
9860 0
9861 0
9862 1
9863 1
9864 0
9865 2
9866 1
9867 2
9868 1
9869 0
9870 1
9871 0
9872 1
9873 2
9874 0
9875 0
9876 0
9877 1
9878 0
9879 0
9880 0
9881 0
9882 0
9883 0
9884 0
9885 0
9886 1
9887 2
9888 0
9889 1
9890 1
9891 0
9892 1
9893 0
9894 1
9895 0
9896 1
9897 0
9898 1
9899 2
9900 0
9901 0
9902 0
9903 0
9904 0
9905 0
9906 1
9907 0
9908 1
9909 0
9910 0
9911 1
9912 0
9913 0
9914 0
9915 0
9916 0
9917 0
9918 0
9919 1
9920 0
9921 0
9922 0
9923 0
9924 0
9925 0
9926 0
9927 0
9928 1
9929 0
9930 0
9931 0
9932 0
9933 0
9934 1
9935 0
9936 0
9937 0
9938 0
9939 0
9940 1
9941 0
9942 0
9943 0
9944 0
9945 1
9946 0
9947 1
9948 2
9949 0
9950 1
9951 1
9952 0
9953 0
9954 0
9955 1
9956 2
9957 1
9958 1
9959 0
9960 1
9961 0
9962 0
9963 0
9964 1
9965 0
9966 0
9967 2
9968 0
9969 1
9970 0
9971 1
9972 1
9973 2
9974 1
9975 1
9976 0
9977 0
9978 1
9979 0
9980 0
9981 0
9982 0
9983 0
9984 1
9985 0
9986 0
9987 1
9988 1
9989 0
9990 0
9991 0
9992 0
9993 1
9994 1
9995 2
9996 0
9997 1
9998 1
9999 0
10000 1
10001 3117
