# Title:27-mer spectra for: BRZ057_12872AAC_ATGCGCAG-TACTCCTT_R2_001.fastq.gz
# XLabel:27-mer frequency
# YLabel:# distinct 27-mers
# Kmer value:27
# Input 1:../../data/fastq/BRZ057_12872AAC_ATGCGCAG-TACTCCTT_R2_001.fastq.gz
###
1 73774700
2 10798696
3 3335867
4 1367533
5 737377
6 497008
7 372224
8 304218
9 265623
10 234951
11 207417
12 191109
13 169805
14 161483
15 146766
16 137415
17 128197
18 122346
19 115531
20 109154
21 103196
22 103459
23 99168
24 92276
25 88277
26 83592
27 81592
28 80803
29 79702
30 76401
31 75105
32 73953
33 72747
34 69941
35 68968
36 67292
37 64737
38 64671
39 63381
40 63126
41 61604
42 59884
43 59435
44 57610
45 54704
46 53627
47 52214
48 52017
49 51517
50 52160
51 50996
52 50436
53 48606
54 50018
55 48446
56 47735
57 45429
58 46140
59 44533
60 43547
61 42743
62 40657
63 40435
64 40053
65 38666
66 38561
67 38342
68 38683
69 36787
70 36698
71 35492
72 35756
73 35643
74 35315
75 35116
76 34560
77 34054
78 32488
79 32049
80 31134
81 30975
82 31437
83 30768
84 31002
85 31069
86 29850
87 28696
88 28968
89 28748
90 28107
91 27900
92 27307
93 27243
94 26974
95 26105
96 25184
97 25507
98 25114
99 24379
100 23861
101 23366
102 22227
103 22009
104 21936
105 21325
106 20150
107 20314
108 19629
109 19521
110 19231
111 18874
112 18098
113 17712
114 17268
115 16146
116 16192
117 15764
118 15322
119 14719
120 14244
121 13459
122 13087
123 13054
124 12292
125 11959
126 11075
127 10957
128 10801
129 10413
130 10256
131 9760
132 9393
133 9087
134 8580
135 7817
136 7540
137 7098
138 6955
139 6741
140 6214
141 6067
142 5913
143 5622
144 5389
145 4996
146 4931
147 4869
148 4710
149 4558
150 4709
151 4422
152 4181
153 4186
154 4157
155 4089
156 4057
157 3798
158 3772
159 3673
160 3637
161 3340
162 3368
163 3327
164 3181
165 3069
166 3021
167 3032
168 2994
169 2965
170 3030
171 2854
172 2828
173 2634
174 2600
175 2469
176 2588
177 2507
178 2379
179 2331
180 2374
181 2285
182 2253
183 2338
184 2221
185 2128
186 2212
187 2185
188 2387
189 2137
190 2044
191 2039
192 1995
193 2016
194 2060
195 1945
196 1994
197 1919
198 1886
199 1868
200 1782
201 1866
202 1894
203 1774
204 1738
205 1725
206 1724
207 1730
208 1659
209 1829
210 1647
211 1723
212 1660
213 1637
214 1651
215 1609
216 1485
217 1525
218 1594
219 1629
220 1568
221 1420
222 1508
223 1376
224 1461
225 1400
226 1440
227 1420
228 1316
229 1349
230 1314
231 1289
232 1294
233 1397
234 1313
235 1276
236 1190
237 1256
238 1159
239 1168
240 1195
241 1153
242 1150
243 1147
244 1142
245 1151
246 1126
247 1060
248 1045
249 1002
250 1030
251 1073
252 1002
253 1041
254 930
255 960
256 869
257 895
258 937
259 942
260 809
261 883
262 925
263 838
264 788
265 839
266 830
267 742
268 865
269 838
270 787
271 818
272 723
273 828
274 773
275 749
276 694
277 726
278 741
279 750
280 715
281 693
282 701
283 625
284 615
285 643
286 613
287 680
288 641
289 620
290 609
291 635
292 617
293 640
294 642
295 615
296 582
297 630
298 648
299 604
300 610
301 598
302 638
303 594
304 601
305 551
306 631
307 592
308 534
309 481
310 517
311 526
312 521
313 503
314 495
315 499
316 512
317 521
318 464
319 464
320 457
321 452
322 451
323 455
324 487
325 519
326 464
327 521
328 439
329 459
330 465
331 420
332 399
333 430
334 391
335 417
336 403
337 384
338 435
339 413
340 404
341 415
342 409
343 386
344 409
345 387
346 372
347 390
348 410
349 393
350 382
351 405
352 412
353 354
354 398
355 366
356 378
357 380
358 416
359 359
360 346
361 323
362 350
363 373
364 349
365 341
366 329
367 318
368 333
369 329
370 331
371 341
372 329
373 303
374 271
375 241
376 280
377 333
378 304
379 310
380 311
381 297
382 325
383 291
384 306
385 290
386 283
387 292
388 259
389 244
390 282
391 287
392 270
393 269
394 280
395 277
396 295
397 304
398 303
399 257
400 261
401 289
402 282
403 276
404 248
405 261
406 226
407 222
408 228
409 209
410 251
411 209
412 249
413 212
414 228
415 229
416 254
417 231
418 229
419 268
420 203
421 219
422 233
423 232
424 253
425 234
426 218
427 223
428 248
429 240
430 228
431 204
432 196
433 217
434 206
435 210
436 211
437 195
438 213
439 208
440 210
441 224
442 205
443 206
444 207
445 168
446 177
447 180
448 176
449 167
450 191
451 196
452 184
453 176
454 157
455 160
456 161
457 168
458 170
459 176
460 158
461 178
462 194
463 190
464 176
465 184
466 184
467 166
468 172
469 162
470 170
471 147
472 169
473 153
474 122
475 145
476 147
477 203
478 162
479 175
480 162
481 182
482 195
483 181
484 168
485 173
486 165
487 155
488 170
489 140
490 155
491 156
492 157
493 158
494 166
495 146
496 146
497 156
498 132
499 146
500 150
501 128
502 146
503 161
504 123
505 150
506 167
507 134
508 153
509 156
510 125
511 143
512 123
513 165
514 159
515 153
516 161
517 113
518 127
519 134
520 114
521 148
522 142
523 115
524 111
525 115
526 105
527 112
528 115
529 114
530 117
531 98
532 94
533 105
534 88
535 127
536 122
537 109
538 102
539 128
540 116
541 104
542 103
543 104
544 111
545 107
546 103
547 114
548 118
549 101
550 83
551 85
552 113
553 91
554 108
555 105
556 122
557 106
558 100
559 121
560 135
561 112
562 115
563 108
564 117
565 96
566 90
567 106
568 95
569 91
570 77
571 109
572 76
573 97
574 78
575 70
576 91
577 110
578 102
579 99
580 97
581 99
582 98
583 79
584 92
585 94
586 91
587 87
588 97
589 95
590 102
591 82
592 90
593 104
594 101
595 118
596 109
597 94
598 107
599 85
600 76
601 98
602 99
603 110
604 102
605 79
606 115
607 86
608 79
609 100
610 103
611 94
612 102
613 95
614 83
615 84
616 92
617 115
618 108
619 110
620 97
621 87
622 81
623 104
624 85
625 113
626 85
627 79
628 79
629 112
630 123
631 106
632 88
633 86
634 89
635 69
636 88
637 90
638 84
639 90
640 88
641 97
642 99
643 71
644 90
645 74
646 74
647 87
648 75
649 75
650 82
651 85
652 84
653 75
654 79
655 86
656 80
657 61
658 73
659 69
660 68
661 67
662 69
663 76
664 68
665 87
666 71
667 79
668 62
669 42
670 78
671 48
672 73
673 78
674 79
675 69
676 87
677 82
678 91
679 62
680 74
681 81
682 63
683 72
684 71
685 81
686 47
687 69
688 77
689 74
690 73
691 73
692 73
693 94
694 89
695 71
696 68
697 72
698 71
699 85
700 77
701 57
702 68
703 73
704 61
705 76
706 67
707 70
708 64
709 80
710 67
711 73
712 83
713 67
714 59
715 67
716 65
717 60
718 66
719 54
720 60
721 62
722 71
723 73
724 49
725 62
726 80
727 86
728 74
729 60
730 77
731 83
732 70
733 73
734 44
735 57
736 68
737 56
738 48
739 61
740 62
741 67
742 56
743 63
744 71
745 63
746 52
747 69
748 67
749 59
750 62
751 57
752 63
753 54
754 55
755 49
756 56
757 62
758 54
759 53
760 71
761 50
762 52
763 60
764 61
765 39
766 41
767 54
768 58
769 37
770 47
771 50
772 45
773 52
774 54
775 47
776 52
777 61
778 43
779 56
780 45
781 55
782 43
783 52
784 47
785 53
786 38
787 36
788 51
789 50
790 48
791 40
792 49
793 32
794 50
795 35
796 52
797 52
798 52
799 43
800 54
801 57
802 49
803 46
804 42
805 45
806 47
807 39
808 39
809 36
810 45
811 42
812 47
813 42
814 42
815 49
816 44
817 47
818 49
819 47
820 48
821 57
822 52
823 47
824 51
825 49
826 43
827 51
828 36
829 45
830 50
831 37
832 34
833 46
834 46
835 42
836 49
837 33
838 36
839 47
840 49
841 52
842 44
843 53
844 29
845 43
846 47
847 40
848 43
849 49
850 43
851 48
852 39
853 38
854 36
855 41
856 38
857 51
858 37
859 41
860 48
861 39
862 41
863 33
864 44
865 36
866 34
867 45
868 40
869 35
870 29
871 36
872 42
873 35
874 37
875 52
876 38
877 37
878 67
879 39
880 39
881 40
882 43
883 48
884 40
885 40
886 35
887 52
888 32
889 40
890 41
891 48
892 44
893 30
894 39
895 49
896 28
897 38
898 38
899 29
900 52
901 40
902 36
903 42
904 47
905 43
906 37
907 36
908 38
909 32
910 35
911 40
912 38
913 40
914 35
915 38
916 44
917 38
918 33
919 36
920 30
921 32
922 43
923 31
924 37
925 49
926 39
927 34
928 29
929 40
930 31
931 32
932 34
933 32
934 29
935 44
936 39
937 32
938 27
939 30
940 44
941 42
942 37
943 38
944 38
945 35
946 36
947 37
948 45
949 29
950 36
951 34
952 38
953 47
954 28
955 32
956 41
957 24
958 39
959 29
960 35
961 28
962 34
963 33
964 36
965 33
966 32
967 33
968 36
969 40
970 35
971 24
972 29
973 29
974 34
975 39
976 31
977 24
978 29
979 30
980 29
981 29
982 38
983 24
984 30
985 28
986 40
987 43
988 37
989 34
990 32
991 29
992 35
993 20
994 35
995 24
996 24
997 23
998 32
999 22
1000 28
1001 27
1002 27
1003 24
1004 35
1005 42
1006 32
1007 31
1008 36
1009 20
1010 32
1011 26
1012 24
1013 24
1014 27
1015 25
1016 28
1017 26
1018 20
1019 19
1020 32
1021 24
1022 31
1023 43
1024 24
1025 20
1026 20
1027 29
1028 24
1029 22
1030 18
1031 33
1032 22
1033 27
1034 25
1035 29
1036 30
1037 23
1038 24
1039 21
1040 18
1041 16
1042 31
1043 22
1044 26
1045 32
1046 16
1047 25
1048 24
1049 26
1050 33
1051 24
1052 20
1053 19
1054 23
1055 21
1056 24
1057 32
1058 29
1059 29
1060 26
1061 32
1062 29
1063 31
1064 32
1065 37
1066 38
1067 23
1068 28
1069 25
1070 24
1071 18
1072 18
1073 19
1074 21
1075 27
1076 22
1077 25
1078 16
1079 20
1080 28
1081 24
1082 25
1083 31
1084 30
1085 41
1086 17
1087 29
1088 43
1089 33
1090 25
1091 25
1092 30
1093 21
1094 23
1095 29
1096 27
1097 30
1098 29
1099 29
1100 22
1101 30
1102 28
1103 24
1104 17
1105 24
1106 19
1107 32
1108 25
1109 27
1110 12
1111 22
1112 19
1113 16
1114 17
1115 32
1116 14
1117 27
1118 15
1119 19
1120 28
1121 20
1122 29
1123 17
1124 16
1125 19
1126 12
1127 21
1128 13
1129 13
1130 10
1131 20
1132 23
1133 34
1134 17
1135 24
1136 19
1137 23
1138 26
1139 22
1140 12
1141 25
1142 29
1143 25
1144 32
1145 23
1146 23
1147 17
1148 25
1149 24
1150 23
1151 25
1152 27
1153 21
1154 28
1155 20
1156 19
1157 18
1158 30
1159 24
1160 19
1161 16
1162 19
1163 10
1164 19
1165 30
1166 32
1167 22
1168 36
1169 18
1170 24
1171 30
1172 22
1173 20
1174 16
1175 17
1176 16
1177 14
1178 19
1179 32
1180 22
1181 25
1182 17
1183 22
1184 26
1185 28
1186 19
1187 26
1188 20
1189 20
1190 21
1191 27
1192 17
1193 23
1194 22
1195 19
1196 17
1197 21
1198 26
1199 16
1200 17
1201 21
1202 24
1203 20
1204 14
1205 15
1206 23
1207 16
1208 16
1209 12
1210 13
1211 21
1212 13
1213 20
1214 20
1215 21
1216 12
1217 12
1218 19
1219 18
1220 25
1221 15
1222 23
1223 13
1224 28
1225 17
1226 19
1227 21
1228 22
1229 31
1230 23
1231 25
1232 29
1233 23
1234 21
1235 20
1236 20
1237 22
1238 22
1239 21
1240 18
1241 8
1242 18
1243 22
1244 24
1245 23
1246 23
1247 14
1248 16
1249 18
1250 16
1251 20
1252 19
1253 26
1254 17
1255 23
1256 15
1257 19
1258 29
1259 20
1260 17
1261 18
1262 22
1263 27
1264 20
1265 30
1266 17
1267 15
1268 10
1269 20
1270 13
1271 20
1272 23
1273 29
1274 24
1275 23
1276 17
1277 18
1278 17
1279 20
1280 18
1281 18
1282 13
1283 12
1284 17
1285 19
1286 13
1287 21
1288 14
1289 23
1290 14
1291 8
1292 25
1293 9
1294 21
1295 21
1296 23
1297 16
1298 13
1299 14
1300 14
1301 16
1302 16
1303 35
1304 14
1305 19
1306 24
1307 16
1308 19
1309 17
1310 17
1311 14
1312 23
1313 19
1314 18
1315 15
1316 14
1317 16
1318 10
1319 23
1320 15
1321 18
1322 11
1323 18
1324 21
1325 20
1326 19
1327 20
1328 12
1329 19
1330 10
1331 21
1332 21
1333 21
1334 16
1335 17
1336 17
1337 20
1338 15
1339 12
1340 22
1341 15
1342 18
1343 18
1344 11
1345 13
1346 18
1347 13
1348 20
1349 22
1350 26
1351 19
1352 15
1353 15
1354 11
1355 15
1356 9
1357 15
1358 16
1359 9
1360 20
1361 12
1362 17
1363 21
1364 12
1365 14
1366 21
1367 18
1368 16
1369 26
1370 20
1371 14
1372 13
1373 11
1374 20
1375 19
1376 14
1377 11
1378 7
1379 18
1380 16
1381 19
1382 12
1383 9
1384 16
1385 17
1386 15
1387 12
1388 15
1389 12
1390 6
1391 13
1392 11
1393 14
1394 19
1395 10
1396 11
1397 15
1398 13
1399 10
1400 12
1401 13
1402 13
1403 12
1404 20
1405 11
1406 13
1407 11
1408 11
1409 10
1410 17
1411 16
1412 14
1413 15
1414 15
1415 19
1416 14
1417 10
1418 17
1419 14
1420 12
1421 5
1422 15
1423 16
1424 24
1425 16
1426 23
1427 24
1428 21
1429 16
1430 18
1431 19
1432 22
1433 17
1434 6
1435 8
1436 15
1437 11
1438 20
1439 19
1440 10
1441 25
1442 11
1443 12
1444 16
1445 21
1446 17
1447 10
1448 10
1449 16
1450 14
1451 8
1452 18
1453 11
1454 14
1455 11
1456 7
1457 9
1458 15
1459 10
1460 22
1461 17
1462 16
1463 14
1464 24
1465 19
1466 13
1467 15
1468 14
1469 14
1470 10
1471 9
1472 12
1473 12
1474 20
1475 16
1476 13
1477 15
1478 18
1479 17
1480 9
1481 20
1482 16
1483 16
1484 10
1485 11
1486 15
1487 19
1488 13
1489 12
1490 17
1491 13
1492 13
1493 16
1494 17
1495 15
1496 13
1497 16
1498 17
1499 17
1500 12
1501 9
1502 10
1503 14
1504 16
1505 7
1506 13
1507 16
1508 18
1509 12
1510 14
1511 12
1512 13
1513 15
1514 14
1515 12
1516 10
1517 20
1518 21
1519 16
1520 13
1521 16
1522 12
1523 14
1524 11
1525 12
1526 17
1527 9
1528 11
1529 19
1530 13
1531 14
1532 15
1533 7
1534 16
1535 15
1536 9
1537 15
1538 15
1539 7
1540 10
1541 16
1542 13
1543 11
1544 15
1545 18
1546 17
1547 9
1548 19
1549 7
1550 19
1551 14
1552 11
1553 12
1554 23
1555 8
1556 12
1557 11
1558 9
1559 6
1560 13
1561 11
1562 13
1563 10
1564 11
1565 11
1566 6
1567 13
1568 16
1569 17
1570 20
1571 17
1572 9
1573 11
1574 17
1575 11
1576 14
1577 10
1578 14
1579 13
1580 12
1581 6
1582 12
1583 7
1584 7
1585 12
1586 14
1587 15
1588 20
1589 18
1590 10
1591 8
1592 16
1593 10
1594 9
1595 17
1596 14
1597 12
1598 14
1599 17
1600 12
1601 7
1602 17
1603 10
1604 5
1605 8
1606 11
1607 13
1608 9
1609 9
1610 12
1611 13
1612 9
1613 5
1614 10
1615 7
1616 7
1617 14
1618 11
1619 11
1620 19
1621 13
1622 11
1623 10
1624 11
1625 18
1626 11
1627 9
1628 13
1629 18
1630 7
1631 11
1632 14
1633 18
1634 15
1635 16
1636 8
1637 7
1638 6
1639 12
1640 11
1641 18
1642 11
1643 14
1644 14
1645 11
1646 10
1647 15
1648 8
1649 15
1650 17
1651 13
1652 12
1653 14
1654 10
1655 9
1656 15
1657 10
1658 19
1659 11
1660 22
1661 12
1662 20
1663 22
1664 19
1665 17
1666 9
1667 19
1668 23
1669 8
1670 16
1671 16
1672 11
1673 14
1674 14
1675 15
1676 17
1677 19
1678 4
1679 13
1680 12
1681 12
1682 12
1683 11
1684 3
1685 12
1686 13
1687 10
1688 10
1689 11
1690 10
1691 20
1692 11
1693 9
1694 10
1695 13
1696 15
1697 20
1698 17
1699 15
1700 10
1701 13
1702 12
1703 14
1704 21
1705 13
1706 20
1707 14
1708 16
1709 9
1710 8
1711 14
1712 14
1713 15
1714 10
1715 12
1716 9
1717 12
1718 10
1719 11
1720 10
1721 11
1722 18
1723 17
1724 11
1725 10
1726 12
1727 2
1728 14
1729 15
1730 13
1731 13
1732 13
1733 7
1734 10
1735 19
1736 12
1737 10
1738 17
1739 9
1740 9
1741 17
1742 11
1743 12
1744 8
1745 13
1746 13
1747 13
1748 8
1749 15
1750 17
1751 15
1752 14
1753 8
1754 9
1755 9
1756 17
1757 10
1758 12
1759 8
1760 10
1761 14
1762 15
1763 14
1764 10
1765 11
1766 11
1767 5
1768 8
1769 14
1770 10
1771 11
1772 11
1773 17
1774 8
1775 11
1776 13
1777 12
1778 13
1779 12
1780 10
1781 12
1782 8
1783 7
1784 16
1785 7
1786 14
1787 9
1788 8
1789 5
1790 10
1791 15
1792 14
1793 14
1794 9
1795 11
1796 17
1797 9
1798 12
1799 14
1800 14
1801 18
1802 12
1803 17
1804 15
1805 12
1806 15
1807 22
1808 11
1809 6
1810 12
1811 10
1812 10
1813 14
1814 26
1815 15
1816 8
1817 13
1818 11
1819 15
1820 14
1821 7
1822 9
1823 15
1824 10
1825 15
1826 15
1827 8
1828 10
1829 14
1830 15
1831 13
1832 20
1833 19
1834 15
1835 14
1836 16
1837 11
1838 15
1839 11
1840 8
1841 12
1842 5
1843 8
1844 14
1845 8
1846 11
1847 13
1848 17
1849 11
1850 5
1851 10
1852 15
1853 8
1854 13
1855 9
1856 9
1857 10
1858 9
1859 14
1860 11
1861 12
1862 13
1863 12
1864 10
1865 18
1866 13
1867 18
1868 10
1869 11
1870 11
1871 6
1872 15
1873 8
1874 10
1875 8
1876 10
1877 10
1878 15
1879 11
1880 9
1881 14
1882 7
1883 9
1884 10
1885 9
1886 11
1887 15
1888 7
1889 13
1890 7
1891 5
1892 13
1893 10
1894 10
1895 15
1896 16
1897 7
1898 6
1899 16
1900 6
1901 16
1902 8
1903 14
1904 11
1905 7
1906 10
1907 7
1908 15
1909 10
1910 13
1911 11
1912 9
1913 19
1914 10
1915 9
1916 13
1917 12
1918 21
1919 13
1920 12
1921 17
1922 13
1923 13
1924 7
1925 10
1926 15
1927 13
1928 9
1929 9
1930 12
1931 12
1932 15
1933 9
1934 16
1935 9
1936 22
1937 18
1938 17
1939 13
1940 9
1941 10
1942 12
1943 16
1944 14
1945 12
1946 11
1947 11
1948 16
1949 6
1950 13
1951 12
1952 14
1953 9
1954 11
1955 14
1956 11
1957 11
1958 8
1959 9
1960 7
1961 10
1962 9
1963 11
1964 9
1965 14
1966 18
1967 12
1968 6
1969 15
1970 12
1971 14
1972 13
1973 10
1974 6
1975 14
1976 14
1977 7
1978 10
1979 7
1980 8
1981 12
1982 5
1983 13
1984 16
1985 7
1986 11
1987 17
1988 6
1989 5
1990 11
1991 6
1992 11
1993 12
1994 9
1995 7
1996 7
1997 12
1998 7
1999 7
2000 10
2001 13
2002 14
2003 13
2004 8
2005 10
2006 5
2007 3
2008 11
2009 16
2010 8
2011 12
2012 15
2013 7
2014 6
2015 9
2016 10
2017 12
2018 11
2019 11
2020 8
2021 9
2022 8
2023 14
2024 11
2025 4
2026 7
2027 6
2028 3
2029 8
2030 14
2031 14
2032 9
2033 7
2034 11
2035 3
2036 9
2037 13
2038 14
2039 11
2040 11
2041 8
2042 16
2043 13
2044 10
2045 13
2046 11
2047 17
2048 11
2049 7
2050 11
2051 8
2052 11
2053 3
2054 8
2055 14
2056 10
2057 7
2058 10
2059 6
2060 12
2061 3
2062 5
2063 8
2064 5
2065 7
2066 12
2067 12
2068 6
2069 5
2070 7
2071 8
2072 6
2073 6
2074 6
2075 8
2076 8
2077 14
2078 8
2079 7
2080 7
2081 10
2082 5
2083 7
2084 6
2085 8
2086 8
2087 4
2088 7
2089 14
2090 10
2091 12
2092 10
2093 11
2094 5
2095 10
2096 9
2097 4
2098 4
2099 7
2100 12
2101 8
2102 9
2103 6
2104 7
2105 8
2106 9
2107 14
2108 14
2109 10
2110 5
2111 11
2112 15
2113 7
2114 7
2115 11
2116 4
2117 8
2118 4
2119 8
2120 6
2121 11
2122 10
2123 8
2124 8
2125 8
2126 3
2127 9
2128 8
2129 3
2130 8
2131 5
2132 4
2133 10
2134 7
2135 12
2136 5
2137 3
2138 4
2139 7
2140 8
2141 6
2142 6
2143 9
2144 5
2145 6
2146 11
2147 6
2148 8
2149 6
2150 9
2151 7
2152 7
2153 6
2154 4
2155 3
2156 4
2157 6
2158 5
2159 8
2160 6
2161 8
2162 7
2163 8
2164 2
2165 4
2166 5
2167 9
2168 8
2169 6
2170 4
2171 2
2172 7
2173 4
2174 8
2175 11
2176 5
2177 6
2178 2
2179 8
2180 5
2181 9
2182 7
2183 7
2184 8
2185 3
2186 7
2187 13
2188 5
2189 6
2190 6
2191 7
2192 4
2193 4
2194 10
2195 13
2196 9
2197 5
2198 5
2199 3
2200 8
2201 6
2202 7
2203 5
2204 2
2205 7
2206 11
2207 6
2208 9
2209 13
2210 6
2211 4
2212 10
2213 8
2214 7
2215 11
2216 3
2217 4
2218 5
2219 13
2220 10
2221 9
2222 6
2223 2
2224 4
2225 4
2226 7
2227 8
2228 6
2229 4
2230 3
2231 5
2232 6
2233 8
2234 8
2235 8
2236 5
2237 9
2238 8
2239 7
2240 11
2241 7
2242 5
2243 7
2244 3
2245 10
2246 9
2247 9
2248 5
2249 6
2250 8
2251 2
2252 6
2253 7
2254 3
2255 5
2256 7
2257 7
2258 3
2259 4
2260 7
2261 8
2262 4
2263 9
2264 4
2265 7
2266 4
2267 9
2268 6
2269 9
2270 6
2271 6
2272 12
2273 4
2274 9
2275 6
2276 3
2277 7
2278 5
2279 4
2280 7
2281 8
2282 3
2283 9
2284 5
2285 3
2286 7
2287 7
2288 12
2289 1
2290 2
2291 6
2292 6
2293 8
2294 7
2295 5
2296 8
2297 7
2298 4
2299 8
2300 11
2301 5
2302 5
2303 5
2304 10
2305 6
2306 5
2307 2
2308 6
2309 7
2310 4
2311 5
2312 4
2313 3
2314 8
2315 10
2316 6
2317 7
2318 4
2319 5
2320 3
2321 4
2322 5
2323 4
2324 2
2325 5
2326 4
2327 6
2328 8
2329 6
2330 8
2331 7
2332 2
2333 9
2334 9
2335 3
2336 7
2337 4
2338 5
2339 7
2340 8
2341 6
2342 4
2343 6
2344 5
2345 3
2346 5
2347 6
2348 2
2349 6
2350 3
2351 5
2352 4
2353 5
2354 7
2355 7
2356 10
2357 6
2358 5
2359 4
2360 4
2361 5
2362 6
2363 1
2364 4
2365 9
2366 4
2367 9
2368 7
2369 6
2370 6
2371 4
2372 11
2373 5
2374 4
2375 6
2376 4
2377 5
2378 9
2379 8
2380 5
2381 9
2382 6
2383 5
2384 4
2385 5
2386 4
2387 4
2388 3
2389 8
2390 4
2391 4
2392 5
2393 1
2394 6
2395 10
2396 7
2397 5
2398 5
2399 5
2400 4
2401 5
2402 6
2403 5
2404 8
2405 7
2406 7
2407 8
2408 8
2409 6
2410 11
2411 7
2412 12
2413 6
2414 4
2415 5
2416 5
2417 13
2418 8
2419 4
2420 4
2421 5
2422 2
2423 2
2424 6
2425 5
2426 3
2427 5
2428 8
2429 2
2430 7
2431 6
2432 4
2433 4
2434 2
2435 8
2436 5
2437 5
2438 8
2439 8
2440 5
2441 8
2442 9
2443 6
2444 4
2445 5
2446 7
2447 6
2448 9
2449 4
2450 4
2451 3
2452 6
2453 10
2454 5
2455 7
2456 10
2457 6
2458 6
2459 8
2460 7
2461 9
2462 3
2463 3
2464 4
2465 5
2466 8
2467 1
2468 4
2469 5
2470 7
2471 7
2472 4
2473 16
2474 15
2475 7
2476 7
2477 4
2478 6
2479 3
2480 4
2481 6
2482 0
2483 4
2484 9
2485 3
2486 6
2487 9
2488 5
2489 5
2490 7
2491 6
2492 6
2493 4
2494 10
2495 7
2496 5
2497 12
2498 1
2499 7
2500 2
2501 6
2502 10
2503 7
2504 11
2505 10
2506 6
2507 3
2508 16
2509 6
2510 6
2511 5
2512 6
2513 4
2514 10
2515 3
2516 4
2517 4
2518 10
2519 5
2520 5
2521 6
2522 3
2523 5
2524 6
2525 9
2526 5
2527 8
2528 7
2529 6
2530 6
2531 5
2532 6
2533 2
2534 4
2535 4
2536 10
2537 11
2538 3
2539 11
2540 6
2541 4
2542 7
2543 2
2544 5
2545 6
2546 5
2547 1
2548 4
2549 1
2550 3
2551 2
2552 4
2553 6
2554 8
2555 8
2556 4
2557 10
2558 6
2559 1
2560 12
2561 7
2562 2
2563 10
2564 8
2565 10
2566 5
2567 9
2568 7
2569 7
2570 13
2571 6
2572 8
2573 9
2574 2
2575 11
2576 7
2577 5
2578 5
2579 6
2580 2
2581 6
2582 5
2583 4
2584 5
2585 2
2586 6
2587 2
2588 7
2589 5
2590 7
2591 5
2592 4
2593 4
2594 5
2595 7
2596 7
2597 6
2598 3
2599 4
2600 3
2601 3
2602 5
2603 4
2604 3
2605 3
2606 6
2607 4
2608 4
2609 7
2610 5
2611 8
2612 9
2613 14
2614 9
2615 2
2616 7
2617 3
2618 10
2619 7
2620 3
2621 5
2622 2
2623 6
2624 4
2625 3
2626 3
2627 2
2628 5
2629 4
2630 2
2631 4
2632 4
2633 6
2634 3
2635 2
2636 1
2637 3
2638 4
2639 4
2640 3
2641 7
2642 2
2643 6
2644 3
2645 7
2646 7
2647 6
2648 9
2649 1
2650 3
2651 5
2652 4
2653 4
2654 1
2655 3
2656 6
2657 6
2658 7
2659 7
2660 5
2661 5
2662 7
2663 9
2664 4
2665 5
2666 4
2667 4
2668 6
2669 6
2670 7
2671 8
2672 6
2673 5
2674 4
2675 6
2676 3
2677 3
2678 5
2679 7
2680 5
2681 4
2682 2
2683 5
2684 8
2685 10
2686 4
2687 11
2688 6
2689 7
2690 2
2691 10
2692 4
2693 5
2694 6
2695 2
2696 2
2697 5
2698 6
2699 4
2700 4
2701 3
2702 3
2703 5
2704 6
2705 4
2706 3
2707 8
2708 3
2709 7
2710 2
2711 6
2712 11
2713 7
2714 2
2715 6
2716 4
2717 4
2718 3
2719 5
2720 4
2721 5
2722 7
2723 6
2724 7
2725 3
2726 5
2727 3
2728 5
2729 5
2730 7
2731 6
2732 7
2733 5
2734 7
2735 6
2736 6
2737 3
2738 4
2739 5
2740 10
2741 4
2742 4
2743 4
2744 4
2745 6
2746 6
2747 7
2748 7
2749 2
2750 6
2751 5
2752 1
2753 6
2754 1
2755 12
2756 9
2757 7
2758 3
2759 2
2760 7
2761 4
2762 4
2763 6
2764 5
2765 8
2766 4
2767 5
2768 8
2769 4
2770 11
2771 2
2772 5
2773 6
2774 3
2775 4
2776 5
2777 3
2778 4
2779 4
2780 3
2781 3
2782 3
2783 2
2784 4
2785 6
2786 5
2787 2
2788 3
2789 8
2790 4
2791 5
2792 6
2793 2
2794 3
2795 3
2796 6
2797 4
2798 4
2799 8
2800 8
2801 1
2802 10
2803 7
2804 5
2805 2
2806 7
2807 2
2808 2
2809 5
2810 2
2811 3
2812 6
2813 5
2814 3
2815 5
2816 2
2817 4
2818 7
2819 7
2820 7
2821 4
2822 4
2823 2
2824 4
2825 10
2826 4
2827 3
2828 4
2829 9
2830 4
2831 3
2832 5
2833 6
2834 4
2835 7
2836 3
2837 6
2838 5
2839 2
2840 9
2841 5
2842 2
2843 3
2844 2
2845 2
2846 1
2847 7
2848 7
2849 4
2850 8
2851 4
2852 7
2853 4
2854 2
2855 5
2856 2
2857 5
2858 4
2859 7
2860 4
2861 4
2862 6
2863 7
2864 4
2865 8
2866 3
2867 5
2868 2
2869 9
2870 6
2871 7
2872 8
2873 3
2874 4
2875 1
2876 1
2877 3
2878 2
2879 7
2880 7
2881 2
2882 4
2883 5
2884 5
2885 3
2886 4
2887 7
2888 5
2889 4
2890 4
2891 3
2892 8
2893 2
2894 6
2895 7
2896 4
2897 1
2898 3
2899 5
2900 9
2901 5
2902 3
2903 7
2904 0
2905 3
2906 5
2907 6
2908 2
2909 5
2910 5
2911 5
2912 4
2913 3
2914 1
2915 7
2916 2
2917 5
2918 5
2919 4
2920 4
2921 3
2922 4
2923 2
2924 1
2925 4
2926 3
2927 0
2928 3
2929 3
2930 4
2931 4
2932 6
2933 2
2934 4
2935 4
2936 4
2937 1
2938 4
2939 3
2940 4
2941 2
2942 3
2943 6
2944 5
2945 3
2946 4
2947 2
2948 4
2949 4
2950 3
2951 6
2952 4
2953 2
2954 6
2955 1
2956 1
2957 3
2958 2
2959 1
2960 4
2961 5
2962 3
2963 1
2964 0
2965 7
2966 6
2967 5
2968 5
2969 3
2970 4
2971 5
2972 3
2973 9
2974 4
2975 5
2976 2
2977 5
2978 2
2979 3
2980 2
2981 4
2982 3
2983 3
2984 8
2985 4
2986 4
2987 2
2988 5
2989 1
2990 3
2991 2
2992 5
2993 2
2994 1
2995 7
2996 1
2997 7
2998 1
2999 4
3000 5
3001 6
3002 8
3003 4
3004 1
3005 5
3006 3
3007 3
3008 2
3009 4
3010 2
3011 4
3012 1
3013 4
3014 4
3015 0
3016 3
3017 7
3018 3
3019 3
3020 2
3021 6
3022 1
3023 3
3024 3
3025 4
3026 5
3027 5
3028 3
3029 4
3030 4
3031 2
3032 4
3033 5
3034 4
3035 4
3036 7
3037 6
3038 6
3039 5
3040 3
3041 3
3042 11
3043 4
3044 6
3045 8
3046 1
3047 1
3048 3
3049 4
3050 5
3051 9
3052 4
3053 3
3054 5
3055 6
3056 4
3057 4
3058 5
3059 4
3060 3
3061 2
3062 2
3063 1
3064 4
3065 6
3066 4
3067 2
3068 4
3069 8
3070 4
3071 3
3072 4
3073 6
3074 4
3075 5
3076 5
3077 1
3078 2
3079 4
3080 3
3081 3
3082 1
3083 6
3084 7
3085 1
3086 3
3087 2
3088 2
3089 5
3090 1
3091 1
3092 6
3093 5
3094 3
3095 9
3096 5
3097 4
3098 0
3099 3
3100 3
3101 3
3102 7
3103 5
3104 2
3105 4
3106 2
3107 6
3108 2
3109 10
3110 4
3111 5
3112 4
3113 6
3114 9
3115 2
3116 3
3117 8
3118 8
3119 4
3120 6
3121 5
3122 6
3123 5
3124 7
3125 3
3126 5
3127 1
3128 2
3129 3
3130 6
3131 3
3132 7
3133 7
3134 5
3135 1
3136 2
3137 3
3138 1
3139 5
3140 2
3141 2
3142 4
3143 2
3144 5
3145 5
3146 7
3147 2
3148 3
3149 3
3150 4
3151 3
3152 6
3153 4
3154 4
3155 4
3156 3
3157 2
3158 2
3159 3
3160 3
3161 3
3162 5
3163 6
3164 4
3165 2
3166 6
3167 3
3168 2
3169 4
3170 3
3171 5
3172 2
3173 4
3174 3
3175 8
3176 2
3177 7
3178 6
3179 8
3180 8
3181 3
3182 3
3183 5
3184 2
3185 2
3186 4
3187 2
3188 1
3189 0
3190 3
3191 4
3192 4
3193 1
3194 2
3195 5
3196 3
3197 5
3198 0
3199 6
3200 3
3201 2
3202 5
3203 3
3204 2
3205 5
3206 2
3207 2
3208 5
3209 4
3210 6
3211 1
3212 5
3213 2
3214 7
3215 4
3216 9
3217 4
3218 5
3219 2
3220 5
3221 4
3222 4
3223 9
3224 5
3225 2
3226 5
3227 4
3228 3
3229 0
3230 4
3231 3
3232 4
3233 4
3234 5
3235 4
3236 3
3237 4
3238 2
3239 8
3240 3
3241 5
3242 0
3243 3
3244 1
3245 5
3246 2
3247 3
3248 2
3249 2
3250 6
3251 7
3252 0
3253 6
3254 5
3255 4
3256 2
3257 3
3258 10
3259 2
3260 7
3261 4
3262 4
3263 3
3264 3
3265 5
3266 5
3267 4
3268 2
3269 3
3270 1
3271 1
3272 3
3273 1
3274 2
3275 2
3276 2
3277 3
3278 1
3279 2
3280 5
3281 1
3282 1
3283 5
3284 4
3285 4
3286 1
3287 0
3288 1
3289 4
3290 2
3291 1
3292 3
3293 7
3294 2
3295 1
3296 3
3297 3
3298 0
3299 2
3300 2
3301 3
3302 5
3303 1
3304 4
3305 6
3306 4
3307 2
3308 3
3309 5
3310 7
3311 5
3312 3
3313 6
3314 5
3315 6
3316 3
3317 4
3318 4
3319 5
3320 4
3321 5
3322 2
3323 1
3324 4
3325 2
3326 5
3327 2
3328 4
3329 6
3330 3
3331 4
3332 3
3333 6
3334 3
3335 5
3336 5
3337 4
3338 3
3339 1
3340 4
3341 5
3342 3
3343 5
3344 3
3345 4
3346 2
3347 2
3348 1
3349 2
3350 2
3351 2
3352 1
3353 0
3354 3
3355 0
3356 3
3357 3
3358 2
3359 1
3360 5
3361 1
3362 1
3363 3
3364 1
3365 3
3366 3
3367 5
3368 0
3369 1
3370 4
3371 3
3372 3
3373 4
3374 3
3375 5
3376 4
3377 2
3378 3
3379 0
3380 2
3381 3
3382 2
3383 2
3384 1
3385 6
3386 3
3387 2
3388 2
3389 3
3390 2
3391 5
3392 3
3393 4
3394 2
3395 2
3396 3
3397 3
3398 1
3399 5
3400 3
3401 4
3402 5
3403 7
3404 2
3405 0
3406 4
3407 2
3408 1
3409 2
3410 4
3411 5
3412 3
3413 2
3414 1
3415 4
3416 1
3417 2
3418 1
3419 2
3420 5
3421 5
3422 1
3423 4
3424 5
3425 2
3426 1
3427 5
3428 3
3429 2
3430 4
3431 4
3432 6
3433 1
3434 2
3435 3
3436 3
3437 1
3438 2
3439 5
3440 1
3441 6
3442 1
3443 1
3444 4
3445 0
3446 3
3447 4
3448 1
3449 2
3450 4
3451 4
3452 0
3453 1
3454 2
3455 2
3456 1
3457 2
3458 2
3459 2
3460 5
3461 1
3462 4
3463 3
3464 0
3465 3
3466 4
3467 6
3468 3
3469 3
3470 4
3471 2
3472 0
3473 0
3474 4
3475 3
3476 0
3477 3
3478 5
3479 2
3480 1
3481 2
3482 2
3483 0
3484 4
3485 4
3486 5
3487 4
3488 2
3489 1
3490 4
3491 1
3492 3
3493 1
3494 4
3495 1
3496 3
3497 3
3498 1
3499 4
3500 0
3501 4
3502 2
3503 2
3504 7
3505 1
3506 1
3507 3
3508 3
3509 2
3510 1
3511 2
3512 4
3513 2
3514 1
3515 2
3516 1
3517 1
3518 4
3519 2
3520 3
3521 4
3522 1
3523 5
3524 4
3525 3
3526 1
3527 2
3528 2
3529 4
3530 2
3531 3
3532 6
3533 3
3534 1
3535 1
3536 0
3537 3
3538 5
3539 3
3540 5
3541 1
3542 1
3543 2
3544 1
3545 3
3546 2
3547 3
3548 1
3549 3
3550 2
3551 3
3552 4
3553 2
3554 3
3555 2
3556 2
3557 1
3558 0
3559 3
3560 3
3561 2
3562 7
3563 2
3564 3
3565 4
3566 2
3567 1
3568 3
3569 2
3570 2
3571 4
3572 1
3573 3
3574 3
3575 2
3576 1
3577 0
3578 4
3579 3
3580 1
3581 3
3582 2
3583 2
3584 4
3585 3
3586 2
3587 3
3588 2
3589 3
3590 4
3591 1
3592 3
3593 5
3594 1
3595 2
3596 2
3597 3
3598 3
3599 2
3600 3
3601 2
3602 5
3603 1
3604 2
3605 0
3606 4
3607 0
3608 5
3609 2
3610 2
3611 2
3612 2
3613 1
3614 4
3615 4
3616 3
3617 0
3618 0
3619 1
3620 3
3621 2
3622 6
3623 4
3624 1
3625 3
3626 1
3627 5
3628 5
3629 0
3630 2
3631 3
3632 3
3633 2
3634 0
3635 3
3636 3
3637 3
3638 3
3639 4
3640 2
3641 2
3642 3
3643 3
3644 3
3645 3
3646 4
3647 3
3648 3
3649 2
3650 1
3651 4
3652 2
3653 2
3654 1
3655 4
3656 2
3657 3
3658 2
3659 1
3660 0
3661 5
3662 3
3663 3
3664 1
3665 2
3666 1
3667 4
3668 2
3669 0
3670 7
3671 2
3672 0
3673 2
3674 2
3675 4
3676 5
3677 5
3678 3
3679 1
3680 2
3681 5
3682 0
3683 0
3684 2
3685 1
3686 2
3687 2
3688 0
3689 3
3690 1
3691 1
3692 1
3693 3
3694 2
3695 3
3696 4
3697 5
3698 3
3699 3
3700 0
3701 1
3702 3
3703 2
3704 0
3705 2
3706 4
3707 4
3708 3
3709 3
3710 3
3711 4
3712 4
3713 1
3714 1
3715 2
3716 5
3717 1
3718 2
3719 4
3720 0
3721 2
3722 4
3723 0
3724 1
3725 1
3726 1
3727 2
3728 1
3729 0
3730 1
3731 0
3732 1
3733 1
3734 1
3735 5
3736 2
3737 4
3738 3
3739 2
3740 3
3741 5
3742 1
3743 3
3744 0
3745 2
3746 1
3747 1
3748 0
3749 3
3750 3
3751 5
3752 0
3753 4
3754 1
3755 2
3756 1
3757 4
3758 3
3759 2
3760 3
3761 0
3762 4
3763 3
3764 3
3765 3
3766 4
3767 3
3768 4
3769 2
3770 2
3771 2
3772 1
3773 3
3774 0
3775 4
3776 2
3777 3
3778 5
3779 4
3780 6
3781 1
3782 4
3783 3
3784 1
3785 3
3786 1
3787 6
3788 1
3789 0
3790 1
3791 4
3792 2
3793 7
3794 7
3795 4
3796 4
3797 3
3798 6
3799 5
3800 4
3801 5
3802 2
3803 3
3804 4
3805 2
3806 2
3807 2
3808 1
3809 2
3810 3
3811 2
3812 3
3813 3
3814 2
3815 4
3816 0
3817 2
3818 0
3819 1
3820 2
3821 3
3822 3
3823 4
3824 3
3825 5
3826 1
3827 4
3828 4
3829 2
3830 2
3831 1
3832 10
3833 5
3834 0
3835 2
3836 2
3837 2
3838 1
3839 0
3840 0
3841 6
3842 6
3843 4
3844 3
3845 5
3846 7
3847 1
3848 4
3849 2
3850 2
3851 4
3852 0
3853 3
3854 3
3855 6
3856 5
3857 2
3858 0
3859 3
3860 4
3861 1
3862 3
3863 3
3864 2
3865 3
3866 3
3867 3
3868 5
3869 1
3870 4
3871 1
3872 3
3873 3
3874 6
3875 4
3876 6
3877 0
3878 3
3879 4
3880 3
3881 4
3882 4
3883 5
3884 6
3885 7
3886 3
3887 1
3888 3
3889 3
3890 1
3891 2
3892 2
3893 3
3894 2
3895 3
3896 3
3897 3
3898 5
3899 1
3900 2
3901 4
3902 3
3903 4
3904 2
3905 1
3906 3
3907 3
3908 2
3909 2
3910 3
3911 2
3912 2
3913 1
3914 1
3915 2
3916 4
3917 2
3918 3
3919 1
3920 1
3921 3
3922 1
3923 2
3924 1
3925 4
3926 4
3927 1
3928 1
3929 5
3930 3
3931 3
3932 2
3933 5
3934 3
3935 5
3936 3
3937 4
3938 3
3939 3
3940 5
3941 2
3942 4
3943 5
3944 0
3945 2
3946 1
3947 3
3948 3
3949 3
3950 0
3951 2
3952 2
3953 3
3954 3
3955 5
3956 5
3957 3
3958 3
3959 1
3960 0
3961 3
3962 1
3963 3
3964 1
3965 3
3966 3
3967 2
3968 0
3969 0
3970 3
3971 4
3972 3
3973 1
3974 0
3975 6
3976 1
3977 6
3978 1
3979 6
3980 1
3981 1
3982 5
3983 2
3984 0
3985 2
3986 2
3987 0
3988 2
3989 3
3990 5
3991 4
3992 2
3993 4
3994 4
3995 2
3996 2
3997 2
3998 1
3999 1
4000 0
4001 2
4002 3
4003 2
4004 0
4005 3
4006 3
4007 2
4008 2
4009 1
4010 4
4011 3
4012 2
4013 5
4014 3
4015 1
4016 1
4017 1
4018 1
4019 1
4020 1
4021 1
4022 3
4023 0
4024 2
4025 3
4026 2
4027 4
4028 2
4029 0
4030 1
4031 1
4032 3
4033 5
4034 4
4035 5
4036 1
4037 3
4038 1
4039 1
4040 1
4041 1
4042 1
4043 2
4044 1
4045 0
4046 2
4047 4
4048 1
4049 3
4050 3
4051 0
4052 3
4053 3
4054 1
4055 3
4056 3
4057 4
4058 5
4059 1
4060 5
4061 2
4062 1
4063 3
4064 4
4065 1
4066 1
4067 3
4068 4
4069 1
4070 0
4071 2
4072 1
4073 4
4074 1
4075 3
4076 2
4077 1
4078 1
4079 2
4080 4
4081 1
4082 2
4083 7
4084 0
4085 2
4086 1
4087 1
4088 3
4089 3
4090 1
4091 1
4092 3
4093 2
4094 2
4095 4
4096 2
4097 3
4098 2
4099 0
4100 2
4101 1
4102 3
4103 4
4104 2
4105 2
4106 3
4107 1
4108 2
4109 1
4110 2
4111 2
4112 5
4113 2
4114 1
4115 2
4116 1
4117 6
4118 1
4119 2
4120 3
4121 1
4122 5
4123 1
4124 4
4125 2
4126 0
4127 3
4128 3
4129 1
4130 1
4131 2
4132 1
4133 4
4134 2
4135 4
4136 2
4137 3
4138 2
4139 0
4140 0
4141 2
4142 2
4143 1
4144 2
4145 1
4146 4
4147 4
4148 3
4149 2
4150 2
4151 1
4152 0
4153 2
4154 4
4155 2
4156 5
4157 4
4158 3
4159 2
4160 3
4161 3
4162 3
4163 3
4164 2
4165 4
4166 0
4167 2
4168 0
4169 3
4170 4
4171 0
4172 2
4173 2
4174 4
4175 4
4176 1
4177 2
4178 0
4179 2
4180 0
4181 2
4182 4
4183 2
4184 1
4185 1
4186 3
4187 2
4188 1
4189 3
4190 4
4191 5
4192 1
4193 6
4194 3
4195 4
4196 4
4197 1
4198 0
4199 3
4200 2
4201 5
4202 5
4203 3
4204 4
4205 3
4206 0
4207 3
4208 2
4209 4
4210 0
4211 2
4212 2
4213 4
4214 3
4215 7
4216 4
4217 3
4218 4
4219 3
4220 1
4221 2
4222 2
4223 2
4224 3
4225 2
4226 3
4227 1
4228 4
4229 1
4230 1
4231 2
4232 1
4233 1
4234 2
4235 3
4236 1
4237 1
4238 3
4239 1
4240 1
4241 5
4242 5
4243 2
4244 4
4245 3
4246 0
4247 2
4248 2
4249 3
4250 2
4251 3
4252 5
4253 4
4254 3
4255 5
4256 3
4257 3
4258 1
4259 1
4260 0
4261 2
4262 3
4263 2
4264 1
4265 1
4266 3
4267 2
4268 4
4269 3
4270 5
4271 3
4272 3
4273 2
4274 2
4275 2
4276 4
4277 3
4278 1
4279 2
4280 1
4281 2
4282 4
4283 2
4284 2
4285 1
4286 2
4287 0
4288 2
4289 3
4290 0
4291 1
4292 2
4293 5
4294 2
4295 5
4296 2
4297 6
4298 3
4299 3
4300 0
4301 2
4302 2
4303 2
4304 3
4305 3
4306 2
4307 3
4308 4
4309 0
4310 1
4311 2
4312 0
4313 5
4314 3
4315 2
4316 1
4317 1
4318 2
4319 2
4320 8
4321 1
4322 2
4323 3
4324 3
4325 1
4326 2
4327 3
4328 2
4329 0
4330 3
4331 2
4332 2
4333 3
4334 3
4335 0
4336 0
4337 2
4338 4
4339 1
4340 2
4341 1
4342 3
4343 1
4344 4
4345 6
4346 4
4347 3
4348 4
4349 1
4350 4
4351 5
4352 4
4353 2
4354 0
4355 3
4356 1
4357 0
4358 0
4359 4
4360 1
4361 2
4362 1
4363 1
4364 4
4365 3
4366 2
4367 0
4368 0
4369 4
4370 3
4371 1
4372 1
4373 5
4374 3
4375 3
4376 4
4377 1
4378 3
4379 0
4380 2
4381 2
4382 0
4383 5
4384 1
4385 3
4386 3
4387 3
4388 2
4389 2
4390 1
4391 2
4392 4
4393 2
4394 0
4395 5
4396 1
4397 3
4398 3
4399 1
4400 2
4401 2
4402 3
4403 2
4404 2
4405 1
4406 6
4407 1
4408 3
4409 1
4410 7
4411 3
4412 4
4413 1
4414 5
4415 4
4416 2
4417 3
4418 3
4419 5
4420 1
4421 3
4422 2
4423 2
4424 1
4425 0
4426 2
4427 1
4428 2
4429 1
4430 3
4431 2
4432 1
4433 2
4434 2
4435 3
4436 2
4437 1
4438 3
4439 1
4440 2
4441 3
4442 3
4443 2
4444 2
4445 4
4446 0
4447 3
4448 4
4449 0
4450 4
4451 2
4452 1
4453 3
4454 2
4455 4
4456 4
4457 4
4458 5
4459 2
4460 4
4461 3
4462 2
4463 0
4464 1
4465 0
4466 4
4467 0
4468 2
4469 2
4470 0
4471 1
4472 2
4473 2
4474 1
4475 5
4476 2
4477 1
4478 2
4479 0
4480 6
4481 1
4482 1
4483 1
4484 3
4485 1
4486 2
4487 2
4488 1
4489 2
4490 2
4491 2
4492 1
4493 4
4494 6
4495 3
4496 2
4497 3
4498 2
4499 5
4500 4
4501 2
4502 3
4503 2
4504 1
4505 0
4506 3
4507 2
4508 1
4509 1
4510 0
4511 1
4512 5
4513 2
4514 2
4515 2
4516 2
4517 2
4518 1
4519 0
4520 0
4521 2
4522 3
4523 3
4524 3
4525 2
4526 1
4527 3
4528 2
4529 3
4530 4
4531 4
4532 2
4533 0
4534 1
4535 3
4536 3
4537 0
4538 1
4539 4
4540 1
4541 3
4542 2
4543 2
4544 1
4545 2
4546 3
4547 1
4548 2
4549 2
4550 1
4551 0
4552 3
4553 4
4554 1
4555 3
4556 2
4557 0
4558 1
4559 2
4560 1
4561 2
4562 3
4563 8
4564 5
4565 6
4566 4
4567 4
4568 6
4569 3
4570 4
4571 1
4572 2
4573 3
4574 4
4575 3
4576 2
4577 2
4578 7
4579 5
4580 0
4581 3
4582 7
4583 1
4584 4
4585 5
4586 2
4587 4
4588 2
4589 1
4590 3
4591 6
4592 2
4593 2
4594 4
4595 2
4596 2
4597 1
4598 0
4599 1
4600 1
4601 3
4602 4
4603 1
4604 6
4605 8
4606 4
4607 1
4608 7
4609 1
4610 3
4611 1
4612 2
4613 3
4614 3
4615 2
4616 3
4617 2
4618 0
4619 6
4620 2
4621 2
4622 2
4623 1
4624 6
4625 3
4626 2
4627 4
4628 2
4629 6
4630 1
4631 4
4632 3
4633 3
4634 3
4635 2
4636 1
4637 2
4638 4
4639 1
4640 2
4641 2
4642 2
4643 1
4644 2
4645 3
4646 1
4647 1
4648 4
4649 3
4650 0
4651 1
4652 3
4653 3
4654 4
4655 0
4656 0
4657 1
4658 2
4659 4
4660 0
4661 3
4662 1
4663 1
4664 3
4665 3
4666 1
4667 2
4668 2
4669 2
4670 1
4671 1
4672 3
4673 4
4674 4
4675 3
4676 1
4677 4
4678 2
4679 3
4680 1
4681 2
4682 5
4683 4
4684 4
4685 2
4686 3
4687 3
4688 4
4689 9
4690 4
4691 3
4692 1
4693 2
4694 1
4695 0
4696 1
4697 3
4698 1
4699 3
4700 2
4701 7
4702 2
4703 1
4704 1
4705 2
4706 2
4707 1
4708 2
4709 3
4710 2
4711 3
4712 2
4713 1
4714 1
4715 2
4716 5
4717 3
4718 0
4719 3
4720 4
4721 1
4722 2
4723 3
4724 3
4725 1
4726 3
4727 1
4728 1
4729 0
4730 1
4731 1
4732 2
4733 2
4734 1
4735 3
4736 2
4737 2
4738 2
4739 1
4740 3
4741 0
4742 3
4743 3
4744 2
4745 3
4746 3
4747 1
4748 1
4749 0
4750 1
4751 3
4752 1
4753 1
4754 1
4755 2
4756 3
4757 2
4758 4
4759 1
4760 4
4761 2
4762 2
4763 3
4764 1
4765 2
4766 1
4767 2
4768 0
4769 2
4770 1
4771 0
4772 3
4773 2
4774 2
4775 3
4776 1
4777 0
4778 1
4779 1
4780 0
4781 0
4782 3
4783 0
4784 1
4785 0
4786 2
4787 2
4788 2
4789 3
4790 1
4791 0
4792 1
4793 2
4794 1
4795 3
4796 1
4797 2
4798 2
4799 1
4800 3
4801 1
4802 3
4803 0
4804 1
4805 1
4806 1
4807 0
4808 1
4809 1
4810 1
4811 2
4812 1
4813 2
4814 2
4815 3
4816 2
4817 1
4818 1
4819 0
4820 4
4821 2
4822 1
4823 1
4824 3
4825 1
4826 2
4827 5
4828 3
4829 2
4830 1
4831 1
4832 2
4833 3
4834 3
4835 3
4836 1
4837 0
4838 2
4839 3
4840 1
4841 0
4842 0
4843 2
4844 1
4845 3
4846 1
4847 3
4848 3
4849 4
4850 2
4851 1
4852 0
4853 2
4854 1
4855 3
4856 1
4857 4
4858 2
4859 2
4860 0
4861 1
4862 1
4863 2
4864 5
4865 1
4866 1
4867 1
4868 1
4869 1
4870 0
4871 1
4872 0
4873 1
4874 2
4875 1
4876 1
4877 5
4878 1
4879 2
4880 7
4881 1
4882 3
4883 3
4884 4
4885 3
4886 0
4887 4
4888 0
4889 2
4890 0
4891 2
4892 1
4893 1
4894 2
4895 3
4896 1
4897 1
4898 4
4899 2
4900 1
4901 2
4902 1
4903 2
4904 3
4905 1
4906 1
4907 3
4908 5
4909 0
4910 5
4911 1
4912 1
4913 3
4914 1
4915 1
4916 2
4917 3
4918 2
4919 1
4920 1
4921 1
4922 0
4923 0
4924 3
4925 6
4926 4
4927 1
4928 1
4929 0
4930 0
4931 4
4932 2
4933 2
4934 4
4935 1
4936 3
4937 1
4938 2
4939 1
4940 3
4941 0
4942 2
4943 3
4944 1
4945 0
4946 3
4947 1
4948 2
4949 4
4950 4
4951 3
4952 3
4953 2
4954 1
4955 1
4956 1
4957 2
4958 2
4959 4
4960 2
4961 1
4962 1
4963 1
4964 3
4965 1
4966 1
4967 1
4968 2
4969 4
4970 2
4971 1
4972 3
4973 0
4974 0
4975 1
4976 2
4977 0
4978 1
4979 2
4980 3
4981 4
4982 2
4983 1
4984 3
4985 3
4986 1
4987 1
4988 0
4989 3
4990 1
4991 3
4992 1
4993 2
4994 0
4995 2
4996 1
4997 1
4998 3
4999 1
5000 0
5001 1
5002 1
5003 2
5004 1
5005 3
5006 1
5007 1
5008 1
5009 1
5010 1
5011 0
5012 1
5013 1
5014 1
5015 0
5016 0
5017 2
5018 0
5019 2
5020 1
5021 1
5022 0
5023 0
5024 0
5025 1
5026 2
5027 4
5028 2
5029 1
5030 2
5031 0
5032 0
5033 1
5034 0
5035 2
5036 0
5037 0
5038 1
5039 0
5040 4
5041 2
5042 0
5043 1
5044 3
5045 2
5046 0
5047 3
5048 4
5049 0
5050 0
5051 2
5052 2
5053 1
5054 1
5055 3
5056 2
5057 0
5058 1
5059 0
5060 1
5061 1
5062 0
5063 1
5064 5
5065 1
5066 1
5067 0
5068 0
5069 2
5070 1
5071 4
5072 1
5073 0
5074 2
5075 3
5076 0
5077 3
5078 2
5079 4
5080 3
5081 0
5082 2
5083 1
5084 1
5085 3
5086 3
5087 1
5088 0
5089 5
5090 1
5091 3
5092 0
5093 2
5094 3
5095 2
5096 2
5097 0
5098 1
5099 3
5100 2
5101 0
5102 0
5103 0
5104 1
5105 1
5106 2
5107 1
5108 3
5109 0
5110 1
5111 1
5112 4
5113 2
5114 1
5115 2
5116 1
5117 0
5118 3
5119 3
5120 0
5121 0
5122 2
5123 1
5124 2
5125 1
5126 1
5127 0
5128 3
5129 3
5130 1
5131 1
5132 1
5133 1
5134 2
5135 0
5136 1
5137 2
5138 1
5139 0
5140 2
5141 2
5142 1
5143 3
5144 0
5145 1
5146 2
5147 1
5148 0
5149 2
5150 1
5151 1
5152 3
5153 3
5154 1
5155 1
5156 1
5157 0
5158 0
5159 1
5160 0
5161 1
5162 1
5163 1
5164 0
5165 0
5166 0
5167 1
5168 2
5169 1
5170 0
5171 0
5172 1
5173 2
5174 1
5175 1
5176 0
5177 2
5178 2
5179 4
5180 2
5181 2
5182 2
5183 1
5184 1
5185 1
5186 1
5187 2
5188 1
5189 0
5190 1
5191 0
5192 0
5193 1
5194 1
5195 1
5196 3
5197 0
5198 1
5199 1
5200 0
5201 0
5202 1
5203 2
5204 2
5205 2
5206 2
5207 0
5208 0
5209 2
5210 0
5211 1
5212 1
5213 3
5214 1
5215 0
5216 1
5217 2
5218 3
5219 3
5220 2
5221 1
5222 1
5223 1
5224 0
5225 0
5226 3
5227 1
5228 1
5229 0
5230 1
5231 0
5232 3
5233 0
5234 0
5235 1
5236 4
5237 0
5238 0
5239 0
5240 0
5241 2
5242 1
5243 1
5244 1
5245 0
5246 2
5247 0
5248 2
5249 1
5250 0
5251 1
5252 2
5253 1
5254 1
5255 1
5256 1
5257 0
5258 0
5259 1
5260 0
5261 0
5262 0
5263 1
5264 1
5265 2
5266 0
5267 1
5268 0
5269 3
5270 0
5271 1
5272 1
5273 3
5274 2
5275 1
5276 0
5277 0
5278 1
5279 0
5280 2
5281 0
5282 0
5283 2
5284 0
5285 2
5286 1
5287 2
5288 1
5289 0
5290 1
5291 0
5292 2
5293 3
5294 0
5295 2
5296 2
5297 0
5298 2
5299 0
5300 1
5301 1
5302 2
5303 1
5304 0
5305 0
5306 1
5307 1
5308 1
5309 3
5310 1
5311 3
5312 2
5313 2
5314 4
5315 1
5316 0
5317 0
5318 2
5319 2
5320 2
5321 1
5322 1
5323 2
5324 2
5325 0
5326 1
5327 0
5328 0
5329 1
5330 1
5331 3
5332 2
5333 1
5334 1
5335 1
5336 0
5337 1
5338 2
5339 2
5340 0
5341 0
5342 1
5343 0
5344 0
5345 0
5346 0
5347 0
5348 1
5349 1
5350 1
5351 0
5352 1
5353 1
5354 1
5355 1
5356 1
5357 1
5358 0
5359 2
5360 1
5361 1
5362 2
5363 2
5364 0
5365 2
5366 0
5367 1
5368 1
5369 2
5370 2
5371 3
5372 1
5373 2
5374 1
5375 2
5376 1
5377 1
5378 3
5379 0
5380 0
5381 1
5382 1
5383 2
5384 2
5385 1
5386 1
5387 1
5388 1
5389 2
5390 1
5391 2
5392 2
5393 1
5394 0
5395 0
5396 2
5397 0
5398 1
5399 1
5400 1
5401 0
5402 0
5403 2
5404 0
5405 0
5406 3
5407 0
5408 3
5409 2
5410 2
5411 1
5412 3
5413 0
5414 0
5415 0
5416 0
5417 1
5418 0
5419 1
5420 1
5421 2
5422 3
5423 2
5424 2
5425 3
5426 0
5427 2
5428 0
5429 2
5430 0
5431 1
5432 1
5433 2
5434 1
5435 2
5436 2
5437 3
5438 0
5439 2
5440 1
5441 2
5442 0
5443 4
5444 1
5445 0
5446 0
5447 3
5448 4
5449 0
5450 2
5451 3
5452 1
5453 2
5454 0
5455 0
5456 1
5457 0
5458 0
5459 0
5460 1
5461 0
5462 2
5463 1
5464 1
5465 0
5466 1
5467 0
5468 1
5469 0
5470 2
5471 1
5472 2
5473 2
5474 0
5475 1
5476 0
5477 3
5478 0
5479 0
5480 3
5481 0
5482 0
5483 1
5484 2
5485 1
5486 0
5487 0
5488 1
5489 4
5490 1
5491 3
5492 2
5493 0
5494 0
5495 2
5496 1
5497 2
5498 1
5499 1
5500 2
5501 1
5502 1
5503 1
5504 1
5505 3
5506 1
5507 2
5508 1
5509 2
5510 3
5511 2
5512 2
5513 0
5514 0
5515 2
5516 2
5517 1
5518 4
5519 1
5520 3
5521 0
5522 2
5523 3
5524 2
5525 1
5526 3
5527 1
5528 3
5529 2
5530 1
5531 1
5532 1
5533 4
5534 2
5535 4
5536 0
5537 1
5538 2
5539 1
5540 3
5541 3
5542 0
5543 1
5544 2
5545 1
5546 0
5547 2
5548 5
5549 1
5550 1
5551 2
5552 1
5553 2
5554 3
5555 5
5556 1
5557 3
5558 3
5559 1
5560 2
5561 1
5562 1
5563 1
5564 0
5565 0
5566 0
5567 1
5568 1
5569 4
5570 0
5571 3
5572 4
5573 1
5574 1
5575 1
5576 0
5577 3
5578 1
5579 2
5580 1
5581 1
5582 0
5583 0
5584 0
5585 2
5586 2
5587 1
5588 1
5589 0
5590 1
5591 2
5592 1
5593 1
5594 3
5595 1
5596 0
5597 3
5598 0
5599 1
5600 0
5601 2
5602 3
5603 0
5604 1
5605 3
5606 4
5607 2
5608 1
5609 0
5610 2
5611 0
5612 5
5613 0
5614 1
5615 2
5616 0
5617 0
5618 1
5619 2
5620 0
5621 0
5622 4
5623 1
5624 1
5625 4
5626 0
5627 1
5628 0
5629 0
5630 2
5631 2
5632 2
5633 2
5634 2
5635 0
5636 2
5637 0
5638 0
5639 0
5640 2
5641 1
5642 3
5643 1
5644 2
5645 1
5646 0
5647 1
5648 3
5649 0
5650 0
5651 1
5652 2
5653 0
5654 2
5655 0
5656 1
5657 1
5658 1
5659 1
5660 2
5661 1
5662 0
5663 0
5664 0
5665 1
5666 3
5667 0
5668 1
5669 0
5670 2
5671 0
5672 1
5673 0
5674 1
5675 1
5676 1
5677 1
5678 0
5679 1
5680 0
5681 1
5682 1
5683 1
5684 0
5685 3
5686 0
5687 0
5688 5
5689 0
5690 0
5691 1
5692 1
5693 1
5694 2
5695 2
5696 2
5697 0
5698 1
5699 2
5700 2
5701 0
5702 1
5703 1
5704 0
5705 0
5706 1
5707 3
5708 1
5709 1
5710 1
5711 0
5712 2
5713 2
5714 1
5715 0
5716 1
5717 0
5718 3
5719 2
5720 0
5721 2
5722 1
5723 0
5724 2
5725 0
5726 1
5727 1
5728 1
5729 0
5730 0
5731 1
5732 0
5733 1
5734 1
5735 0
5736 0
5737 1
5738 2
5739 1
5740 0
5741 2
5742 2
5743 4
5744 0
5745 0
5746 0
5747 0
5748 0
5749 2
5750 2
5751 1
5752 1
5753 1
5754 2
5755 1
5756 0
5757 0
5758 1
5759 1
5760 1
5761 0
5762 0
5763 0
5764 1
5765 0
5766 1
5767 2
5768 0
5769 0
5770 4
5771 2
5772 0
5773 0
5774 0
5775 2
5776 4
5777 1
5778 0
5779 1
5780 3
5781 2
5782 1
5783 3
5784 1
5785 1
5786 1
5787 1
5788 1
5789 5
5790 2
5791 0
5792 1
5793 0
5794 2
5795 0
5796 0
5797 1
5798 2
5799 0
5800 1
5801 2
5802 3
5803 1
5804 2
5805 0
5806 2
5807 4
5808 2
5809 1
5810 3
5811 3
5812 2
5813 0
5814 1
5815 1
5816 0
5817 1
5818 1
5819 2
5820 0
5821 0
5822 1
5823 1
5824 1
5825 2
5826 0
5827 0
5828 2
5829 1
5830 1
5831 0
5832 0
5833 1
5834 0
5835 1
5836 1
5837 1
5838 1
5839 1
5840 2
5841 1
5842 4
5843 1
5844 1
5845 0
5846 4
5847 2
5848 2
5849 1
5850 1
5851 3
5852 4
5853 0
5854 3
5855 0
5856 1
5857 0
5858 2
5859 2
5860 1
5861 2
5862 2
5863 0
5864 2
5865 4
5866 1
5867 0
5868 1
5869 1
5870 1
5871 0
5872 2
5873 1
5874 4
5875 2
5876 2
5877 1
5878 3
5879 0
5880 2
5881 1
5882 2
5883 1
5884 1
5885 3
5886 1
5887 3
5888 1
5889 1
5890 1
5891 6
5892 1
5893 1
5894 3
5895 2
5896 4
5897 1
5898 1
5899 3
5900 1
5901 2
5902 0
5903 1
5904 0
5905 1
5906 2
5907 4
5908 0
5909 1
5910 0
5911 2
5912 2
5913 0
5914 0
5915 3
5916 0
5917 1
5918 1
5919 2
5920 2
5921 3
5922 1
5923 2
5924 2
5925 3
5926 2
5927 2
5928 3
5929 1
5930 0
5931 3
5932 1
5933 1
5934 1
5935 1
5936 1
5937 1
5938 0
5939 3
5940 2
5941 0
5942 2
5943 2
5944 2
5945 1
5946 3
5947 2
5948 0
5949 1
5950 0
5951 0
5952 4
5953 2
5954 1
5955 1
5956 1
5957 1
5958 2
5959 0
5960 1
5961 2
5962 1
5963 1
5964 1
5965 0
5966 1
5967 2
5968 1
5969 2
5970 4
5971 2
5972 1
5973 3
5974 1
5975 1
5976 3
5977 2
5978 1
5979 4
5980 2
5981 2
5982 0
5983 1
5984 0
5985 4
5986 3
5987 2
5988 1
5989 5
5990 1
5991 1
5992 1
5993 2
5994 3
5995 2
5996 1
5997 5
5998 0
5999 2
6000 4
6001 0
6002 1
6003 1
6004 0
6005 0
6006 2
6007 2
6008 0
6009 2
6010 4
6011 3
6012 0
6013 2
6014 1
6015 4
6016 0
6017 4
6018 0
6019 2
6020 1
6021 1
6022 2
6023 1
6024 2
6025 3
6026 0
6027 3
6028 4
6029 2
6030 3
6031 2
6032 3
6033 0
6034 1
6035 0
6036 2
6037 2
6038 1
6039 1
6040 3
6041 1
6042 3
6043 3
6044 4
6045 2
6046 0
6047 2
6048 1
6049 0
6050 3
6051 0
6052 1
6053 1
6054 0
6055 0
6056 2
6057 1
6058 2
6059 1
6060 1
6061 4
6062 2
6063 0
6064 0
6065 3
6066 2
6067 0
6068 1
6069 1
6070 1
6071 2
6072 1
6073 1
6074 1
6075 1
6076 2
6077 2
6078 2
6079 1
6080 1
6081 4
6082 1
6083 0
6084 1
6085 1
6086 2
6087 0
6088 1
6089 0
6090 0
6091 1
6092 3
6093 1
6094 3
6095 1
6096 0
6097 1
6098 1
6099 2
6100 0
6101 0
6102 1
6103 3
6104 0
6105 1
6106 3
6107 2
6108 0
6109 2
6110 1
6111 0
6112 2
6113 2
6114 2
6115 2
6116 0
6117 0
6118 2
6119 0
6120 1
6121 0
6122 0
6123 3
6124 1
6125 1
6126 1
6127 0
6128 1
6129 1
6130 1
6131 3
6132 0
6133 0
6134 1
6135 0
6136 3
6137 0
6138 0
6139 2
6140 0
6141 3
6142 1
6143 1
6144 1
6145 1
6146 0
6147 0
6148 1
6149 0
6150 2
6151 0
6152 2
6153 2
6154 0
6155 2
6156 1
6157 3
6158 2
6159 0
6160 1
6161 3
6162 1
6163 1
6164 1
6165 3
6166 2
6167 1
6168 5
6169 3
6170 0
6171 1
6172 0
6173 0
6174 0
6175 1
6176 0
6177 0
6178 4
6179 2
6180 0
6181 5
6182 0
6183 1
6184 5
6185 0
6186 0
6187 0
6188 0
6189 0
6190 2
6191 0
6192 1
6193 1
6194 1
6195 0
6196 2
6197 0
6198 0
6199 1
6200 2
6201 0
6202 0
6203 2
6204 2
6205 0
6206 0
6207 3
6208 1
6209 1
6210 1
6211 2
6212 1
6213 1
6214 1
6215 0
6216 2
6217 3
6218 3
6219 1
6220 4
6221 0
6222 1
6223 4
6224 1
6225 0
6226 1
6227 2
6228 0
6229 0
6230 2
6231 1
6232 0
6233 0
6234 1
6235 0
6236 2
6237 0
6238 1
6239 3
6240 1
6241 0
6242 2
6243 1
6244 2
6245 1
6246 2
6247 2
6248 3
6249 0
6250 0
6251 1
6252 0
6253 0
6254 1
6255 0
6256 1
6257 1
6258 1
6259 1
6260 1
6261 0
6262 1
6263 1
6264 0
6265 0
6266 1
6267 0
6268 1
6269 1
6270 1
6271 0
6272 2
6273 2
6274 0
6275 1
6276 1
6277 0
6278 0
6279 0
6280 1
6281 2
6282 1
6283 1
6284 4
6285 0
6286 0
6287 0
6288 0
6289 1
6290 3
6291 1
6292 1
6293 3
6294 1
6295 1
6296 0
6297 0
6298 1
6299 0
6300 0
6301 0
6302 0
6303 2
6304 4
6305 2
6306 2
6307 2
6308 3
6309 1
6310 1
6311 1
6312 1
6313 0
6314 0
6315 1
6316 1
6317 2
6318 1
6319 3
6320 1
6321 1
6322 1
6323 1
6324 0
6325 2
6326 0
6327 1
6328 3
6329 1
6330 1
6331 1
6332 0
6333 1
6334 2
6335 0
6336 0
6337 0
6338 0
6339 0
6340 1
6341 0
6342 1
6343 0
6344 1
6345 1
6346 2
6347 0
6348 2
6349 0
6350 1
6351 2
6352 1
6353 4
6354 2
6355 1
6356 2
6357 1
6358 0
6359 0
6360 0
6361 0
6362 0
6363 0
6364 1
6365 1
6366 1
6367 0
6368 0
6369 0
6370 1
6371 0
6372 1
6373 2
6374 1
6375 1
6376 0
6377 0
6378 0
6379 1
6380 1
6381 1
6382 0
6383 1
6384 2
6385 0
6386 1
6387 2
6388 0
6389 0
6390 2
6391 1
6392 3
6393 0
6394 1
6395 2
6396 1
6397 0
6398 0
6399 2
6400 0
6401 0
6402 0
6403 0
6404 1
6405 0
6406 1
6407 0
6408 0
6409 4
6410 1
6411 1
6412 1
6413 0
6414 1
6415 0
6416 0
6417 1
6418 1
6419 1
6420 0
6421 1
6422 0
6423 2
6424 0
6425 3
6426 2
6427 1
6428 1
6429 4
6430 0
6431 1
6432 1
6433 1
6434 0
6435 0
6436 4
6437 1
6438 1
6439 1
6440 1
6441 0
6442 2
6443 0
6444 3
6445 0
6446 0
6447 1
6448 1
6449 0
6450 0
6451 0
6452 1
6453 1
6454 1
6455 2
6456 0
6457 0
6458 2
6459 0
6460 1
6461 0
6462 0
6463 0
6464 1
6465 0
6466 0
6467 1
6468 1
6469 0
6470 1
6471 0
6472 1
6473 2
6474 1
6475 0
6476 0
6477 0
6478 1
6479 0
6480 2
6481 1
6482 0
6483 0
6484 0
6485 0
6486 2
6487 1
6488 2
6489 0
6490 1
6491 1
6492 1
6493 0
6494 1
6495 0
6496 0
6497 0
6498 0
6499 2
6500 0
6501 2
6502 0
6503 2
6504 0
6505 0
6506 0
6507 1
6508 1
6509 0
6510 2
6511 1
6512 2
6513 1
6514 1
6515 0
6516 0
6517 0
6518 0
6519 0
6520 0
6521 1
6522 0
6523 2
6524 0
6525 0
6526 0
6527 3
6528 2
6529 2
6530 2
6531 0
6532 0
6533 0
6534 1
6535 0
6536 1
6537 1
6538 2
6539 4
6540 1
6541 1
6542 1
6543 1
6544 1
6545 0
6546 2
6547 1
6548 1
6549 1
6550 1
6551 0
6552 1
6553 1
6554 0
6555 0
6556 0
6557 1
6558 1
6559 0
6560 0
6561 0
6562 1
6563 2
6564 0
6565 0
6566 1
6567 0
6568 0
6569 0
6570 0
6571 3
6572 0
6573 1
6574 1
6575 0
6576 0
6577 2
6578 1
6579 1
6580 1
6581 3
6582 1
6583 0
6584 2
6585 3
6586 0
6587 1
6588 1
6589 0
6590 0
6591 1
6592 2
6593 1
6594 0
6595 0
6596 0
6597 0
6598 0
6599 2
6600 2
6601 0
6602 0
6603 2
6604 1
6605 2
6606 1
6607 3
6608 1
6609 0
6610 1
6611 2
6612 3
6613 0
6614 0
6615 3
6616 0
6617 0
6618 4
6619 1
6620 1
6621 1
6622 3
6623 2
6624 1
6625 1
6626 0
6627 1
6628 0
6629 1
6630 1
6631 0
6632 0
6633 2
6634 3
6635 1
6636 1
6637 2
6638 0
6639 1
6640 0
6641 0
6642 1
6643 1
6644 1
6645 2
6646 0
6647 1
6648 5
6649 0
6650 0
6651 1
6652 0
6653 2
6654 2
6655 1
6656 2
6657 1
6658 1
6659 0
6660 2
6661 0
6662 1
6663 1
6664 0
6665 0
6666 1
6667 1
6668 1
6669 0
6670 0
6671 2
6672 1
6673 0
6674 1
6675 0
6676 1
6677 2
6678 1
6679 3
6680 2
6681 0
6682 2
6683 0
6684 1
6685 1
6686 0
6687 1
6688 0
6689 3
6690 1
6691 2
6692 2
6693 1
6694 0
6695 2
6696 0
6697 1
6698 2
6699 0
6700 1
6701 2
6702 1
6703 1
6704 0
6705 1
6706 1
6707 0
6708 1
6709 0
6710 0
6711 2
6712 0
6713 2
6714 0
6715 1
6716 1
6717 0
6718 1
6719 0
6720 0
6721 1
6722 2
6723 1
6724 0
6725 1
6726 1
6727 1
6728 1
6729 1
6730 1
6731 2
6732 1
6733 1
6734 2
6735 2
6736 1
6737 0
6738 1
6739 1
6740 0
6741 2
6742 2
6743 3
6744 2
6745 1
6746 0
6747 1
6748 0
6749 0
6750 2
6751 0
6752 0
6753 1
6754 0
6755 1
6756 1
6757 2
6758 0
6759 0
6760 1
6761 0
6762 0
6763 1
6764 1
6765 0
6766 1
6767 1
6768 0
6769 0
6770 0
6771 0
6772 0
6773 0
6774 0
6775 2
6776 0
6777 0
6778 0
6779 0
6780 2
6781 4
6782 1
6783 2
6784 3
6785 1
6786 2
6787 1
6788 0
6789 1
6790 0
6791 1
6792 3
6793 1
6794 3
6795 0
6796 0
6797 2
6798 0
6799 0
6800 1
6801 1
6802 2
6803 0
6804 0
6805 2
6806 3
6807 1
6808 1
6809 3
6810 0
6811 0
6812 0
6813 0
6814 0
6815 0
6816 1
6817 1
6818 3
6819 0
6820 1
6821 2
6822 2
6823 0
6824 0
6825 1
6826 0
6827 0
6828 1
6829 0
6830 1
6831 1
6832 1
6833 1
6834 0
6835 1
6836 0
6837 4
6838 2
6839 2
6840 2
6841 5
6842 1
6843 0
6844 1
6845 2
6846 1
6847 1
6848 0
6849 0
6850 1
6851 1
6852 2
6853 0
6854 1
6855 0
6856 1
6857 1
6858 0
6859 1
6860 0
6861 4
6862 0
6863 2
6864 1
6865 1
6866 0
6867 1
6868 1
6869 0
6870 0
6871 2
6872 0
6873 0
6874 0
6875 1
6876 1
6877 1
6878 0
6879 0
6880 2
6881 1
6882 0
6883 0
6884 0
6885 1
6886 2
6887 0
6888 1
6889 1
6890 0
6891 0
6892 1
6893 2
6894 0
6895 0
6896 0
6897 0
6898 0
6899 0
6900 1
6901 0
6902 0
6903 0
6904 2
6905 1
6906 0
6907 0
6908 0
6909 1
6910 0
6911 2
6912 0
6913 0
6914 0
6915 2
6916 2
6917 1
6918 0
6919 1
6920 1
6921 2
6922 1
6923 1
6924 1
6925 0
6926 0
6927 0
6928 0
6929 0
6930 1
6931 3
6932 1
6933 1
6934 3
6935 0
6936 2
6937 1
6938 0
6939 1
6940 1
6941 0
6942 1
6943 2
6944 2
6945 0
6946 0
6947 1
6948 5
6949 1
6950 1
6951 2
6952 2
6953 0
6954 1
6955 2
6956 2
6957 2
6958 1
6959 3
6960 1
6961 2
6962 4
6963 3
6964 3
6965 0
6966 1
6967 1
6968 1
6969 0
6970 0
6971 0
6972 1
6973 0
6974 0
6975 1
6976 3
6977 0
6978 0
6979 0
6980 1
6981 1
6982 0
6983 0
6984 2
6985 1
6986 2
6987 2
6988 3
6989 2
6990 0
6991 0
6992 2
6993 0
6994 2
6995 1
6996 0
6997 1
6998 1
6999 0
7000 1
7001 2
7002 0
7003 1
7004 0
7005 0
7006 3
7007 3
7008 0
7009 0
7010 1
7011 2
7012 0
7013 1
7014 1
7015 1
7016 1
7017 1
7018 0
7019 1
7020 1
7021 0
7022 0
7023 0
7024 1
7025 4
7026 1
7027 0
7028 1
7029 0
7030 0
7031 0
7032 0
7033 3
7034 0
7035 1
7036 0
7037 2
7038 0
7039 2
7040 0
7041 0
7042 1
7043 0
7044 2
7045 2
7046 0
7047 1
7048 0
7049 2
7050 2
7051 1
7052 2
7053 0
7054 1
7055 1
7056 0
7057 2
7058 3
7059 0
7060 0
7061 1
7062 3
7063 0
7064 1
7065 1
7066 2
7067 1
7068 2
7069 1
7070 3
7071 0
7072 3
7073 0
7074 1
7075 1
7076 2
7077 1
7078 2
7079 0
7080 0
7081 1
7082 1
7083 0
7084 1
7085 1
7086 2
7087 1
7088 1
7089 2
7090 0
7091 2
7092 2
7093 2
7094 0
7095 2
7096 1
7097 1
7098 0
7099 0
7100 1
7101 0
7102 1
7103 2
7104 2
7105 0
7106 2
7107 1
7108 0
7109 2
7110 1
7111 2
7112 1
7113 0
7114 1
7115 0
7116 0
7117 0
7118 1
7119 0
7120 0
7121 0
7122 0
7123 0
7124 0
7125 2
7126 1
7127 2
7128 2
7129 3
7130 0
7131 0
7132 2
7133 0
7134 0
7135 1
7136 2
7137 0
7138 3
7139 2
7140 2
7141 1
7142 0
7143 1
7144 1
7145 2
7146 0
7147 0
7148 0
7149 1
7150 1
7151 2
7152 2
7153 1
7154 6
7155 1
7156 1
7157 1
7158 1
7159 1
7160 3
7161 2
7162 0
7163 2
7164 0
7165 1
7166 2
7167 0
7168 1
7169 0
7170 1
7171 1
7172 3
7173 0
7174 1
7175 2
7176 0
7177 4
7178 0
7179 2
7180 1
7181 0
7182 4
7183 1
7184 1
7185 2
7186 2
7187 1
7188 1
7189 1
7190 2
7191 1
7192 0
7193 2
7194 0
7195 2
7196 0
7197 2
7198 2
7199 1
7200 2
7201 2
7202 1
7203 1
7204 1
7205 1
7206 1
7207 2
7208 0
7209 0
7210 0
7211 1
7212 1
7213 0
7214 1
7215 0
7216 1
7217 0
7218 1
7219 2
7220 1
7221 0
7222 2
7223 0
7224 0
7225 0
7226 0
7227 1
7228 0
7229 2
7230 1
7231 1
7232 0
7233 3
7234 1
7235 2
7236 0
7237 1
7238 2
7239 2
7240 2
7241 2
7242 0
7243 3
7244 1
7245 0
7246 1
7247 0
7248 2
7249 0
7250 0
7251 1
7252 0
7253 0
7254 0
7255 4
7256 1
7257 0
7258 1
7259 1
7260 0
7261 2
7262 0
7263 2
7264 1
7265 1
7266 0
7267 1
7268 0
7269 2
7270 0
7271 0
7272 0
7273 0
7274 0
7275 0
7276 0
7277 0
7278 1
7279 2
7280 1
7281 1
7282 1
7283 0
7284 0
7285 1
7286 0
7287 1
7288 0
7289 2
7290 0
7291 1
7292 0
7293 2
7294 0
7295 1
7296 1
7297 0
7298 1
7299 2
7300 1
7301 0
7302 2
7303 1
7304 1
7305 0
7306 1
7307 0
7308 0
7309 0
7310 0
7311 1
7312 0
7313 0
7314 1
7315 0
7316 0
7317 1
7318 1
7319 2
7320 1
7321 2
7322 1
7323 2
7324 1
7325 0
7326 0
7327 1
7328 0
7329 1
7330 2
7331 2
7332 1
7333 1
7334 1
7335 2
7336 0
7337 1
7338 0
7339 0
7340 0
7341 1
7342 0
7343 0
7344 0
7345 1
7346 1
7347 1
7348 0
7349 1
7350 2
7351 1
7352 1
7353 1
7354 1
7355 3
7356 1
7357 2
7358 1
7359 1
7360 0
7361 1
7362 0
7363 2
7364 1
7365 1
7366 0
7367 2
7368 1
7369 2
7370 0
7371 0
7372 2
7373 2
7374 1
7375 2
7376 0
7377 1
7378 0
7379 0
7380 2
7381 0
7382 0
7383 0
7384 0
7385 0
7386 0
7387 2
7388 0
7389 0
7390 0
7391 1
7392 1
7393 0
7394 4
7395 1
7396 0
7397 0
7398 1
7399 2
7400 0
7401 1
7402 0
7403 4
7404 0
7405 2
7406 0
7407 0
7408 2
7409 1
7410 1
7411 1
7412 0
7413 1
7414 0
7415 1
7416 0
7417 0
7418 1
7419 0
7420 1
7421 0
7422 0
7423 0
7424 0
7425 1
7426 0
7427 2
7428 1
7429 0
7430 0
7431 0
7432 2
7433 0
7434 1
7435 0
7436 0
7437 1
7438 0
7439 1
7440 0
7441 0
7442 1
7443 0
7444 0
7445 2
7446 2
7447 1
7448 3
7449 0
7450 0
7451 1
7452 0
7453 0
7454 0
7455 3
7456 0
7457 1
7458 0
7459 4
7460 1
7461 2
7462 0
7463 5
7464 4
7465 2
7466 2
7467 0
7468 2
7469 1
7470 0
7471 2
7472 1
7473 0
7474 5
7475 0
7476 1
7477 0
7478 0
7479 0
7480 1
7481 2
7482 0
7483 1
7484 3
7485 2
7486 0
7487 1
7488 1
7489 1
7490 0
7491 4
7492 0
7493 0
7494 0
7495 4
7496 0
7497 0
7498 0
7499 0
7500 3
7501 2
7502 2
7503 1
7504 0
7505 0
7506 0
7507 0
7508 3
7509 0
7510 2
7511 0
7512 3
7513 3
7514 0
7515 0
7516 0
7517 0
7518 1
7519 2
7520 0
7521 0
7522 0
7523 1
7524 2
7525 2
7526 1
7527 2
7528 0
7529 2
7530 0
7531 0
7532 1
7533 1
7534 4
7535 1
7536 0
7537 1
7538 0
7539 2
7540 0
7541 0
7542 1
7543 1
7544 2
7545 1
7546 1
7547 0
7548 1
7549 0
7550 3
7551 0
7552 0
7553 2
7554 1
7555 3
7556 3
7557 2
7558 0
7559 2
7560 0
7561 0
7562 1
7563 1
7564 4
7565 2
7566 0
7567 0
7568 2
7569 3
7570 0
7571 1
7572 2
7573 1
7574 2
7575 4
7576 2
7577 0
7578 3
7579 1
7580 1
7581 0
7582 2
7583 0
7584 3
7585 1
7586 0
7587 1
7588 1
7589 0
7590 2
7591 1
7592 0
7593 2
7594 0
7595 1
7596 1
7597 1
7598 2
7599 1
7600 0
7601 1
7602 0
7603 3
7604 1
7605 1
7606 3
7607 0
7608 0
7609 1
7610 1
7611 1
7612 1
7613 1
7614 0
7615 0
7616 0
7617 1
7618 2
7619 2
7620 1
7621 1
7622 3
7623 2
7624 2
7625 1
7626 0
7627 2
7628 0
7629 2
7630 4
7631 2
7632 3
7633 2
7634 0
7635 1
7636 2
7637 2
7638 0
7639 0
7640 1
7641 1
7642 0
7643 0
7644 1
7645 0
7646 1
7647 0
7648 0
7649 1
7650 0
7651 1
7652 2
7653 2
7654 0
7655 1
7656 0
7657 2
7658 2
7659 1
7660 0
7661 0
7662 1
7663 0
7664 0
7665 0
7666 0
7667 3
7668 2
7669 0
7670 1
7671 0
7672 0
7673 2
7674 1
7675 1
7676 0
7677 0
7678 2
7679 1
7680 1
7681 1
7682 0
7683 2
7684 3
7685 0
7686 0
7687 1
7688 1
7689 0
7690 1
7691 2
7692 3
7693 1
7694 0
7695 4
7696 2
7697 0
7698 0
7699 0
7700 1
7701 0
7702 0
7703 0
7704 1
7705 1
7706 0
7707 0
7708 1
7709 0
7710 0
7711 2
7712 1
7713 0
7714 0
7715 1
7716 0
7717 3
7718 1
7719 1
7720 1
7721 1
7722 0
7723 0
7724 1
7725 0
7726 1
7727 0
7728 1
7729 1
7730 0
7731 1
7732 1
7733 0
7734 0
7735 1
7736 2
7737 1
7738 1
7739 2
7740 0
7741 0
7742 0
7743 0
7744 0
7745 4
7746 1
7747 1
7748 1
7749 3
7750 3
7751 0
7752 2
7753 2
7754 1
7755 2
7756 1
7757 1
7758 1
7759 1
7760 2
7761 1
7762 1
7763 1
7764 1
7765 0
7766 1
7767 4
7768 0
7769 1
7770 0
7771 1
7772 1
7773 0
7774 1
7775 0
7776 1
7777 0
7778 1
7779 1
7780 1
7781 1
7782 0
7783 0
7784 0
7785 3
7786 0
7787 1
7788 1
7789 1
7790 1
7791 2
7792 2
7793 1
7794 3
7795 0
7796 3
7797 0
7798 0
7799 2
7800 3
7801 1
7802 1
7803 2
7804 0
7805 0
7806 1
7807 2
7808 1
7809 0
7810 1
7811 0
7812 1
7813 0
7814 1
7815 2
7816 1
7817 1
7818 2
7819 1
7820 2
7821 1
7822 0
7823 0
7824 0
7825 0
7826 3
7827 1
7828 0
7829 1
7830 0
7831 0
7832 0
7833 2
7834 1
7835 2
7836 0
7837 0
7838 1
7839 0
7840 3
7841 0
7842 0
7843 0
7844 0
7845 0
7846 0
7847 1
7848 0
7849 2
7850 1
7851 1
7852 3
7853 1
7854 0
7855 0
7856 0
7857 0
7858 2
7859 0
7860 0
7861 0
7862 1
7863 0
7864 0
7865 1
7866 1
7867 0
7868 0
7869 0
7870 1
7871 2
7872 1
7873 2
7874 0
7875 1
7876 0
7877 0
7878 0
7879 1
7880 0
7881 0
7882 2
7883 0
7884 1
7885 1
7886 2
7887 1
7888 1
7889 1
7890 0
7891 1
7892 0
7893 3
7894 1
7895 1
7896 0
7897 0
7898 1
7899 0
7900 1
7901 0
7902 0
7903 0
7904 2
7905 2
7906 1
7907 1
7908 0
7909 0
7910 0
7911 0
7912 1
7913 1
7914 0
7915 3
7916 1
7917 0
7918 3
7919 0
7920 0
7921 0
7922 0
7923 0
7924 1
7925 1
7926 0
7927 0
7928 0
7929 1
7930 0
7931 1
7932 0
7933 0
7934 1
7935 0
7936 0
7937 1
7938 0
7939 0
7940 0
7941 0
7942 0
7943 0
7944 0
7945 0
7946 1
7947 0
7948 0
7949 1
7950 1
7951 0
7952 1
7953 0
7954 1
7955 0
7956 2
7957 1
7958 1
7959 0
7960 1
7961 0
7962 2
7963 1
7964 1
7965 2
7966 1
7967 1
7968 0
7969 0
7970 0
7971 0
7972 1
7973 1
7974 1
7975 0
7976 1
7977 0
7978 3
7979 0
7980 1
7981 1
7982 1
7983 2
7984 0
7985 0
7986 1
7987 0
7988 0
7989 0
7990 1
7991 0
7992 0
7993 1
7994 1
7995 0
7996 2
7997 0
7998 2
7999 0
8000 1
8001 0
8002 0
8003 1
8004 1
8005 0
8006 0
8007 3
8008 0
8009 1
8010 0
8011 0
8012 1
8013 2
8014 1
8015 0
8016 0
8017 1
8018 0
8019 1
8020 0
8021 1
8022 1
8023 1
8024 1
8025 1
8026 0
8027 0
8028 1
8029 1
8030 1
8031 0
8032 2
8033 0
8034 0
8035 0
8036 1
8037 2
8038 0
8039 1
8040 0
8041 1
8042 2
8043 3
8044 0
8045 0
8046 1
8047 0
8048 1
8049 0
8050 0
8051 0
8052 2
8053 2
8054 0
8055 1
8056 0
8057 0
8058 2
8059 1
8060 1
8061 0
8062 1
8063 0
8064 0
8065 1
8066 0
8067 1
8068 0
8069 1
8070 1
8071 0
8072 0
8073 1
8074 0
8075 1
8076 0
8077 0
8078 0
8079 0
8080 0
8081 2
8082 1
8083 3
8084 1
8085 0
8086 1
8087 3
8088 1
8089 0
8090 1
8091 2
8092 0
8093 0
8094 1
8095 0
8096 0
8097 0
8098 2
8099 0
8100 2
8101 0
8102 0
8103 3
8104 0
8105 1
8106 0
8107 0
8108 0
8109 1
8110 1
8111 1
8112 0
8113 1
8114 0
8115 1
8116 0
8117 1
8118 1
8119 0
8120 1
8121 0
8122 0
8123 0
8124 1
8125 2
8126 0
8127 2
8128 0
8129 0
8130 0
8131 2
8132 0
8133 3
8134 0
8135 2
8136 0
8137 0
8138 0
8139 0
8140 1
8141 1
8142 1
8143 0
8144 2
8145 0
8146 0
8147 0
8148 0
8149 0
8150 0
8151 2
8152 1
8153 0
8154 1
8155 0
8156 0
8157 0
8158 0
8159 1
8160 0
8161 0
8162 1
8163 0
8164 0
8165 1
8166 0
8167 1
8168 0
8169 1
8170 1
8171 1
8172 0
8173 0
8174 2
8175 0
8176 0
8177 0
8178 0
8179 0
8180 0
8181 2
8182 0
8183 0
8184 1
8185 1
8186 0
8187 0
8188 1
8189 1
8190 1
8191 0
8192 2
8193 1
8194 1
8195 0
8196 1
8197 2
8198 0
8199 1
8200 0
8201 0
8202 0
8203 0
8204 0
8205 0
8206 2
8207 1
8208 0
8209 0
8210 1
8211 0
8212 0
8213 0
8214 0
8215 0
8216 3
8217 2
8218 1
8219 0
8220 0
8221 0
8222 1
8223 0
8224 2
8225 0
8226 0
8227 0
8228 0
8229 0
8230 2
8231 0
8232 0
8233 0
8234 1
8235 1
8236 3
8237 0
8238 0
8239 1
8240 1
8241 1
8242 0
8243 0
8244 0
8245 1
8246 0
8247 2
8248 0
8249 0
8250 0
8251 1
8252 3
8253 1
8254 1
8255 0
8256 1
8257 1
8258 0
8259 0
8260 0
8261 2
8262 1
8263 0
8264 1
8265 2
8266 1
8267 1
8268 1
8269 1
8270 2
8271 0
8272 0
8273 0
8274 0
8275 0
8276 1
8277 2
8278 2
8279 1
8280 0
8281 0
8282 0
8283 0
8284 1
8285 1
8286 0
8287 1
8288 0
8289 0
8290 2
8291 0
8292 0
8293 2
8294 1
8295 0
8296 1
8297 1
8298 0
8299 0
8300 1
8301 2
8302 1
8303 1
8304 1
8305 1
8306 2
8307 2
8308 2
8309 0
8310 0
8311 0
8312 0
8313 1
8314 1
8315 0
8316 0
8317 2
8318 2
8319 0
8320 1
8321 0
8322 0
8323 0
8324 0
8325 1
8326 2
8327 1
8328 0
8329 0
8330 2
8331 1
8332 0
8333 1
8334 0
8335 2
8336 2
8337 0
8338 0
8339 0
8340 0
8341 2
8342 0
8343 0
8344 0
8345 0
8346 2
8347 0
8348 0
8349 0
8350 1
8351 0
8352 0
8353 0
8354 2
8355 0
8356 1
8357 2
8358 1
8359 0
8360 0
8361 1
8362 1
8363 0
8364 2
8365 0
8366 0
8367 0
8368 1
8369 1
8370 0
8371 1
8372 1
8373 0
8374 0
8375 1
8376 1
8377 0
8378 0
8379 0
8380 0
8381 0
8382 1
8383 0
8384 1
8385 0
8386 2
8387 1
8388 1
8389 0
8390 1
8391 1
8392 0
8393 0
8394 1
8395 0
8396 1
8397 0
8398 0
8399 0
8400 3
8401 2
8402 0
8403 1
8404 0
8405 0
8406 1
8407 1
8408 0
8409 1
8410 1
8411 0
8412 1
8413 2
8414 2
8415 0
8416 0
8417 0
8418 0
8419 0
8420 0
8421 2
8422 0
8423 0
8424 0
8425 0
8426 0
8427 0
8428 0
8429 0
8430 0
8431 1
8432 1
8433 0
8434 1
8435 1
8436 0
8437 0
8438 1
8439 0
8440 0
8441 1
8442 0
8443 0
8444 1
8445 0
8446 1
8447 0
8448 0
8449 1
8450 1
8451 0
8452 0
8453 0
8454 0
8455 0
8456 0
8457 0
8458 1
8459 0
8460 2
8461 1
8462 1
8463 0
8464 0
8465 1
8466 1
8467 0
8468 1
8469 0
8470 0
8471 0
8472 0
8473 0
8474 0
8475 0
8476 1
8477 0
8478 0
8479 1
8480 2
8481 2
8482 0
8483 0
8484 1
8485 0
8486 0
8487 2
8488 1
8489 1
8490 1
8491 1
8492 0
8493 1
8494 1
8495 0
8496 0
8497 0
8498 2
8499 0
8500 0
8501 3
8502 0
8503 1
8504 0
8505 1
8506 1
8507 0
8508 0
8509 2
8510 0
8511 0
8512 0
8513 2
8514 1
8515 1
8516 0
8517 0
8518 2
8519 0
8520 1
8521 0
8522 0
8523 1
8524 0
8525 0
8526 0
8527 0
8528 0
8529 0
8530 0
8531 2
8532 0
8533 1
8534 4
8535 0
8536 2
8537 1
8538 1
8539 1
8540 0
8541 0
8542 0
8543 0
8544 0
8545 1
8546 1
8547 0
8548 0
8549 0
8550 0
8551 0
8552 0
8553 0
8554 0
8555 0
8556 0
8557 1
8558 0
8559 0
8560 0
8561 0
8562 1
8563 1
8564 0
8565 0
8566 1
8567 2
8568 0
8569 0
8570 1
8571 0
8572 1
8573 0
8574 0
8575 0
8576 0
8577 1
8578 0
8579 0
8580 0
8581 0
8582 1
8583 0
8584 2
8585 0
8586 0
8587 2
8588 2
8589 3
8590 0
8591 0
8592 1
8593 0
8594 0
8595 1
8596 0
8597 0
8598 1
8599 0
8600 3
8601 0
8602 0
8603 0
8604 1
8605 1
8606 1
8607 0
8608 0
8609 0
8610 1
8611 0
8612 0
8613 1
8614 0
8615 2
8616 0
8617 0
8618 0
8619 0
8620 2
8621 0
8622 1
8623 0
8624 0
8625 0
8626 0
8627 4
8628 0
8629 0
8630 0
8631 0
8632 1
8633 1
8634 0
8635 0
8636 2
8637 0
8638 0
8639 0
8640 1
8641 0
8642 0
8643 1
8644 0
8645 0
8646 0
8647 1
8648 0
8649 0
8650 0
8651 0
8652 0
8653 0
8654 3
8655 2
8656 0
8657 0
8658 0
8659 0
8660 0
8661 0
8662 1
8663 0
8664 0
8665 2
8666 2
8667 1
8668 0
8669 0
8670 2
8671 1
8672 0
8673 0
8674 0
8675 2
8676 0
8677 1
8678 0
8679 0
8680 0
8681 0
8682 0
8683 2
8684 1
8685 1
8686 0
8687 0
8688 0
8689 0
8690 0
8691 0
8692 1
8693 1
8694 1
8695 1
8696 0
8697 1
8698 1
8699 0
8700 1
8701 1
8702 1
8703 1
8704 2
8705 0
8706 1
8707 1
8708 1
8709 0
8710 1
8711 0
8712 0
8713 0
8714 1
8715 0
8716 1
8717 3
8718 3
8719 0
8720 0
8721 0
8722 0
8723 1
8724 0
8725 1
8726 2
8727 0
8728 1
8729 0
8730 3
8731 0
8732 1
8733 0
8734 0
8735 2
8736 0
8737 1
8738 0
8739 0
8740 0
8741 1
8742 1
8743 1
8744 2
8745 0
8746 0
8747 1
8748 1
8749 0
8750 1
8751 1
8752 0
8753 0
8754 1
8755 0
8756 0
8757 0
8758 0
8759 3
8760 0
8761 0
8762 1
8763 0
8764 0
8765 2
8766 0
8767 0
8768 0
8769 2
8770 0
8771 0
8772 0
8773 0
8774 0
8775 1
8776 1
8777 0
8778 0
8779 1
8780 0
8781 1
8782 0
8783 1
8784 0
8785 1
8786 1
8787 1
8788 1
8789 0
8790 0
8791 1
8792 0
8793 1
8794 0
8795 2
8796 2
8797 1
8798 1
8799 0
8800 1
8801 0
8802 0
8803 0
8804 0
8805 1
8806 0
8807 0
8808 0
8809 0
8810 0
8811 0
8812 0
8813 1
8814 0
8815 0
8816 1
8817 2
8818 1
8819 0
8820 1
8821 1
8822 0
8823 0
8824 0
8825 0
8826 0
8827 2
8828 0
8829 2
8830 0
8831 1
8832 1
8833 0
8834 0
8835 0
8836 1
8837 0
8838 1
8839 2
8840 0
8841 0
8842 1
8843 0
8844 0
8845 0
8846 1
8847 1
8848 1
8849 1
8850 0
8851 0
8852 0
8853 0
8854 1
8855 1
8856 0
8857 1
8858 0
8859 0
8860 1
8861 0
8862 1
8863 0
8864 0
8865 0
8866 2
8867 1
8868 0
8869 2
8870 0
8871 1
8872 1
8873 0
8874 0
8875 1
8876 1
8877 0
8878 0
8879 1
8880 0
8881 0
8882 0
8883 0
8884 0
8885 0
8886 1
8887 1
8888 0
8889 0
8890 0
8891 0
8892 0
8893 0
8894 1
8895 0
8896 2
8897 1
8898 0
8899 2
8900 0
8901 1
8902 0
8903 0
8904 1
8905 0
8906 1
8907 1
8908 0
8909 0
8910 0
8911 1
8912 0
8913 1
8914 0
8915 1
8916 1
8917 1
8918 1
8919 2
8920 0
8921 1
8922 1
8923 0
8924 1
8925 0
8926 0
8927 0
8928 0
8929 0
8930 0
8931 0
8932 0
8933 2
8934 1
8935 0
8936 1
8937 0
8938 0
8939 0
8940 0
8941 0
8942 1
8943 0
8944 0
8945 2
8946 1
8947 0
8948 0
8949 0
8950 0
8951 0
8952 1
8953 1
8954 0
8955 0
8956 1
8957 0
8958 0
8959 2
8960 1
8961 0
8962 2
8963 0
8964 1
8965 0
8966 0
8967 0
8968 0
8969 2
8970 0
8971 1
8972 0
8973 2
8974 0
8975 0
8976 0
8977 0
8978 1
8979 0
8980 0
8981 0
8982 0
8983 0
8984 1
8985 0
8986 1
8987 0
8988 1
8989 1
8990 1
8991 1
8992 0
8993 0
8994 1
8995 0
8996 0
8997 0
8998 0
8999 1
9000 0
9001 0
9002 1
9003 0
9004 1
9005 1
9006 0
9007 0
9008 0
9009 1
9010 0
9011 0
9012 0
9013 1
9014 1
9015 0
9016 0
9017 0
9018 1
9019 1
9020 2
9021 1
9022 0
9023 0
9024 0
9025 1
9026 0
9027 0
9028 0
9029 0
9030 2
9031 0
9032 0
9033 0
9034 0
9035 2
9036 0
9037 0
9038 2
9039 0
9040 0
9041 1
9042 1
9043 0
9044 1
9045 1
9046 0
9047 0
9048 1
9049 2
9050 1
9051 0
9052 0
9053 0
9054 1
9055 0
9056 0
9057 4
9058 0
9059 1
9060 0
9061 1
9062 0
9063 1
9064 1
9065 1
9066 0
9067 0
9068 0
9069 1
9070 1
9071 0
9072 0
9073 0
9074 0
9075 0
9076 0
9077 0
9078 0
9079 0
9080 2
9081 0
9082 0
9083 1
9084 0
9085 0
9086 1
9087 0
9088 1
9089 0
9090 0
9091 0
9092 0
9093 0
9094 0
9095 0
9096 0
9097 0
9098 2
9099 0
9100 1
9101 0
9102 0
9103 1
9104 0
9105 1
9106 0
9107 0
9108 1
9109 1
9110 0
9111 0
9112 3
9113 1
9114 0
9115 2
9116 0
9117 0
9118 0
9119 0
9120 0
9121 0
9122 0
9123 0
9124 1
9125 0
9126 0
9127 2
9128 0
9129 2
9130 1
9131 1
9132 0
9133 2
9134 1
9135 0
9136 0
9137 0
9138 0
9139 1
9140 0
9141 1
9142 0
9143 0
9144 0
9145 4
9146 0
9147 0
9148 1
9149 0
9150 1
9151 2
9152 0
9153 1
9154 1
9155 0
9156 0
9157 1
9158 0
9159 1
9160 0
9161 0
9162 0
9163 1
9164 0
9165 0
9166 2
9167 0
9168 2
9169 0
9170 0
9171 1
9172 0
9173 0
9174 0
9175 0
9176 0
9177 0
9178 0
9179 0
9180 1
9181 0
9182 0
9183 2
9184 0
9185 0
9186 0
9187 0
9188 1
9189 0
9190 2
9191 1
9192 1
9193 1
9194 0
9195 0
9196 1
9197 0
9198 0
9199 1
9200 1
9201 1
9202 0
9203 1
9204 0
9205 0
9206 0
9207 0
9208 0
9209 0
9210 0
9211 1
9212 1
9213 0
9214 0
9215 2
9216 0
9217 1
9218 2
9219 2
9220 1
9221 3
9222 0
9223 3
9224 0
9225 0
9226 1
9227 1
9228 1
9229 0
9230 1
9231 1
9232 1
9233 1
9234 1
9235 2
9236 0
9237 0
9238 1
9239 1
9240 2
9241 1
9242 1
9243 0
9244 0
9245 0
9246 2
9247 2
9248 0
9249 2
9250 1
9251 0
9252 0
9253 0
9254 1
9255 0
9256 0
9257 0
9258 0
9259 0
9260 1
9261 1
9262 1
9263 2
9264 2
9265 2
9266 0
9267 1
9268 0
9269 3
9270 3
9271 0
9272 0
9273 0
9274 1
9275 1
9276 3
9277 2
9278 0
9279 1
9280 0
9281 1
9282 0
9283 0
9284 2
9285 1
9286 0
9287 1
9288 0
9289 1
9290 0
9291 4
9292 0
9293 5
9294 0
9295 1
9296 1
9297 2
9298 1
9299 1
9300 0
9301 1
9302 0
9303 1
9304 0
9305 0
9306 0
9307 0
9308 0
9309 0
9310 2
9311 2
9312 1
9313 0
9314 0
9315 0
9316 0
9317 0
9318 1
9319 0
9320 0
9321 1
9322 0
9323 1
9324 1
9325 1
9326 0
9327 0
9328 1
9329 0
9330 1
9331 0
9332 0
9333 1
9334 1
9335 1
9336 0
9337 1
9338 1
9339 0
9340 1
9341 0
9342 0
9343 0
9344 0
9345 1
9346 3
9347 1
9348 0
9349 0
9350 0
9351 5
9352 0
9353 2
9354 0
9355 1
9356 0
9357 0
9358 0
9359 2
9360 2
9361 1
9362 0
9363 1
9364 1
9365 0
9366 0
9367 0
9368 0
9369 0
9370 0
9371 0
9372 0
9373 1
9374 0
9375 0
9376 0
9377 0
9378 1
9379 0
9380 0
9381 1
9382 0
9383 1
9384 0
9385 0
9386 0
9387 0
9388 1
9389 1
9390 1
9391 0
9392 0
9393 3
9394 1
9395 0
9396 0
9397 0
9398 0
9399 0
9400 0
9401 0
9402 2
9403 0
9404 0
9405 0
9406 1
9407 0
9408 1
9409 0
9410 0
9411 0
9412 0
9413 0
9414 0
9415 1
9416 1
9417 1
9418 0
9419 0
9420 1
9421 0
9422 0
9423 0
9424 1
9425 1
9426 0
9427 0
9428 0
9429 1
9430 0
9431 0
9432 0
9433 0
9434 1
9435 1
9436 0
9437 1
9438 0
9439 0
9440 0
9441 0
9442 1
9443 0
9444 0
9445 0
9446 1
9447 0
9448 0
9449 2
9450 2
9451 0
9452 0
9453 0
9454 1
9455 0
9456 3
9457 0
9458 1
9459 0
9460 0
9461 0
9462 4
9463 1
9464 0
9465 1
9466 1
9467 1
9468 0
9469 0
9470 0
9471 0
9472 0
9473 0
9474 0
9475 2
9476 1
9477 0
9478 0
9479 2
9480 1
9481 0
9482 1
9483 0
9484 0
9485 0
9486 1
9487 1
9488 2
9489 0
9490 0
9491 0
9492 1
9493 0
9494 1
9495 2
9496 1
9497 1
9498 0
9499 0
9500 1
9501 1
9502 1
9503 0
9504 0
9505 0
9506 0
9507 3
9508 1
9509 1
9510 2
9511 0
9512 0
9513 0
9514 0
9515 1
9516 1
9517 1
9518 0
9519 0
9520 1
9521 0
9522 3
9523 1
9524 1
9525 0
9526 2
9527 1
9528 0
9529 1
9530 0
9531 0
9532 0
9533 0
9534 0
9535 0
9536 1
9537 1
9538 2
9539 0
9540 0
9541 0
9542 2
9543 2
9544 1
9545 0
9546 0
9547 1
9548 1
9549 0
9550 1
9551 0
9552 0
9553 0
9554 1
9555 0
9556 0
9557 0
9558 1
9559 0
9560 1
9561 0
9562 0
9563 0
9564 0
9565 1
9566 0
9567 0
9568 1
9569 0
9570 0
9571 1
9572 1
9573 2
9574 0
9575 0
9576 0
9577 0
9578 0
9579 1
9580 0
9581 1
9582 0
9583 0
9584 1
9585 0
9586 1
9587 0
9588 0
9589 0
9590 0
9591 0
9592 1
9593 1
9594 0
9595 0
9596 0
9597 1
9598 0
9599 1
9600 0
9601 0
9602 1
9603 1
9604 0
9605 0
9606 0
9607 0
9608 0
9609 2
9610 0
9611 1
9612 0
9613 1
9614 0
9615 1
9616 0
9617 0
9618 1
9619 0
9620 0
9621 0
9622 0
9623 0
9624 2
9625 0
9626 0
9627 0
9628 1
9629 0
9630 0
9631 1
9632 1
9633 0
9634 1
9635 0
9636 0
9637 0
9638 1
9639 0
9640 0
9641 0
9642 1
9643 0
9644 0
9645 0
9646 0
9647 0
9648 0
9649 0
9650 0
9651 3
9652 1
9653 0
9654 1
9655 0
9656 0
9657 0
9658 0
9659 0
9660 0
9661 1
9662 0
9663 0
9664 0
9665 0
9666 2
9667 0
9668 0
9669 0
9670 0
9671 0
9672 0
9673 1
9674 0
9675 1
9676 0
9677 0
9678 1
9679 0
9680 1
9681 2
9682 1
9683 1
9684 0
9685 0
9686 0
9687 1
9688 0
9689 1
9690 0
9691 0
9692 1
9693 0
9694 0
9695 0
9696 1
9697 0
9698 0
9699 1
9700 0
9701 1
9702 0
9703 1
9704 0
9705 0
9706 3
9707 1
9708 0
9709 0
9710 0
9711 0
9712 0
9713 0
9714 0
9715 1
9716 2
9717 0
9718 0
9719 0
9720 0
9721 0
9722 1
9723 0
9724 0
9725 1
9726 0
9727 1
9728 1
9729 1
9730 0
9731 0
9732 0
9733 0
9734 0
9735 0
9736 0
9737 0
9738 0
9739 0
9740 0
9741 0
9742 0
9743 1
9744 0
9745 0
9746 0
9747 0
9748 0
9749 0
9750 0
9751 0
9752 1
9753 0
9754 1
9755 0
9756 0
9757 1
9758 0
9759 0
9760 0
9761 0
9762 0
9763 0
9764 0
9765 0
9766 0
9767 0
9768 1
9769 1
9770 0
9771 1
9772 1
9773 0
9774 0
9775 0
9776 0
9777 0
9778 0
9779 3
9780 0
9781 1
9782 0
9783 0
9784 0
9785 0
9786 1
9787 0
9788 0
9789 2
9790 0
9791 0
9792 0
9793 0
9794 0
9795 1
9796 2
9797 1
9798 1
9799 0
9800 0
9801 1
9802 1
9803 0
9804 0
9805 0
9806 0
9807 0
9808 0
9809 0
9810 0
9811 0
9812 0
9813 0
9814 0
9815 0
9816 0
9817 0
9818 1
9819 0
9820 0
9821 0
9822 0
9823 1
9824 0
9825 1
9826 0
9827 0
9828 0
9829 0
9830 0
9831 0
9832 0
9833 0
9834 0
9835 0
9836 0
9837 1
9838 1
9839 0
9840 1
9841 0
9842 0
9843 1
9844 2
9845 0
9846 0
9847 1
9848 0
9849 0
9850 1
9851 0
9852 1
9853 0
9854 1
9855 0
9856 1
9857 0
9858 0
9859 1
9860 0
9861 1
9862 0
9863 0
9864 0
9865 0
9866 0
9867 0
9868 0
9869 0
9870 0
9871 0
9872 0
9873 2
9874 0
9875 0
9876 0
9877 1
9878 0
9879 0
9880 0
9881 0
9882 0
9883 0
9884 0
9885 0
9886 1
9887 1
9888 0
9889 0
9890 1
9891 0
9892 0
9893 0
9894 0
9895 0
9896 0
9897 0
9898 0
9899 1
9900 3
9901 0
9902 1
9903 0
9904 1
9905 0
9906 0
9907 1
9908 1
9909 0
9910 2
9911 1
9912 0
9913 3
9914 0
9915 0
9916 0
9917 0
9918 1
9919 0
9920 0
9921 0
9922 0
9923 0
9924 1
9925 0
9926 0
9927 1
9928 0
9929 0
9930 0
9931 0
9932 0
9933 0
9934 1
9935 0
9936 1
9937 0
9938 0
9939 0
9940 0
9941 1
9942 0
9943 1
9944 1
9945 1
9946 1
9947 0
9948 1
9949 0
9950 2
9951 1
9952 0
9953 0
9954 0
9955 2
9956 0
9957 1
9958 1
9959 0
9960 1
9961 1
9962 1
9963 0
9964 1
9965 0
9966 1
9967 1
9968 0
9969 0
9970 1
9971 1
9972 1
9973 0
9974 1
9975 0
9976 1
9977 0
9978 0
9979 0
9980 0
9981 0
9982 0
9983 1
9984 0
9985 0
9986 0
9987 0
9988 1
9989 0
9990 0
9991 1
9992 0
9993 1
9994 0
9995 2
9996 0
9997 0
9998 1
9999 0
10000 0
10001 4001
