# Title:27-mer spectra for: THU185_12704AAC_CTCTCTAC-CTTAATAG_R1_001.fastq.gz
# XLabel:27-mer frequency
# YLabel:# distinct 27-mers
# Kmer value:27
# Input 1:../../data/fastq/THU185_12704AAC_CTCTCTAC-CTTAATAG_R1_001.fastq.gz
###
1 59641539
2 6754256
3 2004559
4 886805
5 539266
6 398397
7 317355
8 272792
9 238200
10 212538
11 191165
12 178251
13 170336
14 158998
15 147035
16 140444
17 137970
18 133334
19 127069
20 123380
21 114019
22 110686
23 109940
24 107203
25 100965
26 97621
27 94191
28 91808
29 88932
30 86874
31 84452
32 81822
33 80932
34 81441
35 78688
36 76742
37 73636
38 72513
39 70102
40 70432
41 68038
42 66933
43 63679
44 62493
45 62379
46 60431
47 58533
48 57216
49 57211
50 56750
51 56214
52 54106
53 52343
54 51425
55 47234
56 47376
57 46500
58 45970
59 45492
60 44971
61 44671
62 42607
63 42537
64 40994
65 40134
66 39524
67 39443
68 38931
69 38217
70 37426
71 36528
72 36251
73 36894
74 37399
75 36056
76 37107
77 37123
78 37077
79 36265
80 34716
81 34809
82 33997
83 33253
84 33587
85 33006
86 34359
87 34375
88 33331
89 34333
90 32159
91 32380
92 32083
93 32482
94 32339
95 31188
96 31166
97 31176
98 30730
99 30835
100 30401
101 29812
102 29489
103 28745
104 28333
105 28426
106 27367
107 26760
108 26614
109 25801
110 25019
111 24386
112 23591
113 23084
114 22378
115 21497
116 20528
117 20757
118 19820
119 19443
120 18582
121 17609
122 17745
123 16151
124 15909
125 14787
126 14006
127 13387
128 13074
129 12250
130 11289
131 10946
132 10757
133 9942
134 10307
135 9676
136 8841
137 8678
138 8490
139 7959
140 7254
141 6728
142 6851
143 6900
144 6614
145 6230
146 5856
147 5385
148 5261
149 4864
150 4923
151 4586
152 4526
153 4200
154 4286
155 4073
156 3681
157 3351
158 3475
159 3291
160 3240
161 3161
162 2999
163 3182
164 3172
165 3162
166 2850
167 2594
168 2663
169 2775
170 2857
171 2707
172 2869
173 2620
174 2647
175 2516
176 2513
177 2553
178 2447
179 2391
180 2349
181 2358
182 2445
183 2257
184 2308
185 2303
186 2394
187 2403
188 2371
189 2343
190 2267
191 2043
192 2116
193 2010
194 2127
195 2229
196 2181
197 2230
198 2152
199 2038
200 1938
201 1971
202 1981
203 1853
204 1929
205 1832
206 1875
207 1831
208 1870
209 1738
210 1737
211 1884
212 1870
213 1807
214 1753
215 1706
216 1659
217 1654
218 1794
219 1569
220 1664
221 1647
222 1642
223 1740
224 1768
225 1559
226 1428
227 1403
228 1406
229 1208
230 1303
231 1357
232 1173
233 1193
234 1351
235 1249
236 1235
237 1343
238 1354
239 1316
240 1179
241 1212
242 1134
243 1065
244 1047
245 1097
246 960
247 1081
248 966
249 945
250 1002
251 1005
252 1043
253 1002
254 930
255 985
256 1008
257 991
258 894
259 843
260 795
261 837
262 790
263 769
264 710
265 754
266 801
267 730
268 748
269 744
270 703
271 689
272 674
273 683
274 723
275 636
276 717
277 648
278 653
279 667
280 650
281 628
282 566
283 561
284 591
285 592
286 588
287 565
288 571
289 561
290 622
291 568
292 592
293 585
294 568
295 473
296 509
297 495
298 488
299 480
300 453
301 430
302 509
303 478
304 467
305 507
306 493
307 453
308 466
309 457
310 462
311 433
312 424
313 422
314 455
315 431
316 424
317 386
318 418
319 379
320 392
321 394
322 417
323 438
324 459
325 393
326 393
327 368
328 391
329 412
330 423
331 371
332 372
333 381
334 408
335 379
336 358
337 362
338 361
339 382
340 368
341 329
342 350
343 363
344 378
345 345
346 321
347 292
348 279
349 283
350 244
351 268
352 297
353 268
354 249
355 290
356 322
357 290
358 316
359 277
360 299
361 323
362 280
363 301
364 324
365 348
366 309
367 292
368 320
369 288
370 256
371 269
372 227
373 294
374 293
375 295
376 292
377 265
378 246
379 236
380 268
381 284
382 246
383 277
384 291
385 268
386 260
387 259
388 247
389 253
390 278
391 246
392 244
393 274
394 247
395 280
396 268
397 315
398 261
399 264
400 245
401 257
402 225
403 223
404 246
405 242
406 269
407 222
408 267
409 223
410 282
411 251
412 271
413 269
414 216
415 259
416 218
417 196
418 215
419 240
420 184
421 190
422 227
423 202
424 214
425 222
426 189
427 179
428 194
429 186
430 183
431 190
432 192
433 174
434 183
435 192
436 152
437 191
438 164
439 172
440 190
441 212
442 191
443 165
444 137
445 187
446 153
447 137
448 122
449 151
450 152
451 168
452 137
453 170
454 129
455 139
456 155
457 155
458 144
459 138
460 141
461 156
462 144
463 143
464 145
465 162
466 145
467 137
468 126
469 140
470 137
471 156
472 154
473 175
474 185
475 183
476 144
477 148
478 150
479 135
480 150
481 169
482 132
483 144
484 129
485 152
486 140
487 145
488 156
489 158
490 130
491 149
492 157
493 155
494 140
495 147
496 173
497 157
498 174
499 167
500 142
501 123
502 142
503 123
504 111
505 120
506 122
507 109
508 124
509 141
510 123
511 142
512 147
513 146
514 132
515 138
516 141
517 137
518 127
519 99
520 145
521 111
522 133
523 100
524 132
525 121
526 117
527 117
528 102
529 103
530 112
531 110
532 91
533 115
534 125
535 133
536 110
537 109
538 97
539 108
540 121
541 121
542 117
543 98
544 114
545 118
546 114
547 110
548 102
549 79
550 82
551 102
552 125
553 112
554 124
555 105
556 107
557 100
558 107
559 95
560 108
561 87
562 115
563 90
564 107
565 97
566 103
567 104
568 95
569 86
570 102
571 109
572 92
573 72
574 97
575 101
576 99
577 104
578 96
579 78
580 85
581 95
582 91
583 96
584 106
585 104
586 90
587 95
588 118
589 100
590 100
591 109
592 100
593 99
594 73
595 94
596 105
597 102
598 96
599 101
600 110
601 110
602 103
603 98
604 92
605 85
606 78
607 92
608 106
609 85
610 89
611 92
612 101
613 81
614 84
615 54
616 89
617 73
618 87
619 70
620 85
621 91
622 80
623 95
624 81
625 80
626 91
627 92
628 82
629 92
630 84
631 86
632 111
633 81
634 85
635 88
636 78
637 74
638 86
639 97
640 81
641 96
642 73
643 70
644 82
645 87
646 86
647 74
648 77
649 71
650 67
651 81
652 72
653 62
654 59
655 52
656 62
657 81
658 85
659 64
660 82
661 65
662 74
663 73
664 60
665 77
666 69
667 64
668 77
669 59
670 62
671 68
672 82
673 72
674 76
675 62
676 80
677 79
678 91
679 73
680 71
681 68
682 71
683 68
684 71
685 75
686 63
687 65
688 75
689 68
690 69
691 61
692 75
693 78
694 89
695 67
696 68
697 68
698 105
699 90
700 80
701 102
702 65
703 57
704 72
705 92
706 109
707 80
708 71
709 46
710 48
711 54
712 53
713 71
714 60
715 61
716 57
717 58
718 56
719 56
720 58
721 52
722 48
723 59
724 49
725 68
726 74
727 61
728 59
729 51
730 64
731 73
732 70
733 71
734 67
735 67
736 54
737 59
738 59
739 55
740 72
741 50
742 68
743 57
744 53
745 57
746 66
747 60
748 48
749 55
750 54
751 49
752 39
753 69
754 57
755 59
756 40
757 51
758 39
759 47
760 53
761 48
762 46
763 47
764 62
765 40
766 61
767 59
768 61
769 57
770 56
771 49
772 50
773 70
774 62
775 43
776 39
777 61
778 48
779 52
780 63
781 66
782 62
783 53
784 52
785 62
786 65
787 57
788 70
789 63
790 56
791 55
792 61
793 55
794 40
795 39
796 44
797 53
798 38
799 52
800 44
801 42
802 60
803 39
804 68
805 60
806 39
807 57
808 57
809 49
810 42
811 59
812 48
813 49
814 40
815 49
816 39
817 44
818 48
819 55
820 39
821 41
822 46
823 48
824 28
825 36
826 50
827 54
828 39
829 44
830 38
831 40
832 38
833 53
834 36
835 52
836 54
837 43
838 41
839 48
840 41
841 38
842 47
843 36
844 38
845 50
846 42
847 38
848 38
849 52
850 44
851 40
852 34
853 40
854 38
855 45
856 34
857 39
858 35
859 43
860 34
861 42
862 37
863 31
864 43
865 33
866 41
867 39
868 39
869 29
870 43
871 27
872 36
873 41
874 39
875 46
876 41
877 25
878 33
879 38
880 35
881 32
882 44
883 40
884 48
885 48
886 47
887 36
888 26
889 35
890 39
891 41
892 32
893 41
894 38
895 42
896 31
897 37
898 40
899 39
900 32
901 31
902 40
903 41
904 29
905 30
906 38
907 52
908 43
909 46
910 42
911 32
912 38
913 32
914 40
915 27
916 27
917 26
918 36
919 38
920 38
921 26
922 31
923 34
924 38
925 28
926 23
927 37
928 31
929 29
930 30
931 22
932 36
933 37
934 29
935 26
936 31
937 28
938 36
939 28
940 38
941 40
942 33
943 28
944 39
945 37
946 37
947 28
948 35
949 36
950 32
951 34
952 32
953 35
954 29
955 32
956 32
957 45
958 37
959 34
960 24
961 33
962 30
963 28
964 34
965 14
966 32
967 36
968 28
969 40
970 32
971 37
972 28
973 46
974 22
975 29
976 25
977 24
978 32
979 35
980 28
981 35
982 37
983 27
984 32
985 38
986 30
987 34
988 30
989 25
990 29
991 30
992 39
993 31
994 29
995 31
996 34
997 25
998 40
999 31
1000 29
1001 24
1002 23
1003 29
1004 22
1005 33
1006 19
1007 31
1008 24
1009 17
1010 22
1011 13
1012 20
1013 18
1014 17
1015 21
1016 36
1017 31
1018 26
1019 22
1020 25
1021 26
1022 27
1023 23
1024 23
1025 39
1026 25
1027 23
1028 22
1029 32
1030 30
1031 40
1032 38
1033 32
1034 26
1035 28
1036 26
1037 34
1038 26
1039 23
1040 29
1041 36
1042 26
1043 29
1044 34
1045 26
1046 33
1047 18
1048 33
1049 22
1050 30
1051 32
1052 20
1053 22
1054 32
1055 35
1056 24
1057 33
1058 28
1059 18
1060 22
1061 17
1062 21
1063 33
1064 23
1065 27
1066 23
1067 31
1068 25
1069 34
1070 24
1071 25
1072 24
1073 35
1074 33
1075 26
1076 25
1077 23
1078 10
1079 24
1080 28
1081 17
1082 19
1083 23
1084 27
1085 15
1086 27
1087 22
1088 19
1089 23
1090 23
1091 27
1092 17
1093 12
1094 12
1095 25
1096 20
1097 23
1098 23
1099 23
1100 23
1101 30
1102 24
1103 41
1104 39
1105 25
1106 28
1107 29
1108 35
1109 22
1110 18
1111 25
1112 17
1113 23
1114 26
1115 21
1116 28
1117 24
1118 28
1119 21
1120 32
1121 23
1122 23
1123 35
1124 32
1125 14
1126 24
1127 9
1128 26
1129 32
1130 22
1131 29
1132 27
1133 22
1134 28
1135 23
1136 30
1137 10
1138 25
1139 23
1140 21
1141 25
1142 24
1143 21
1144 19
1145 18
1146 22
1147 25
1148 17
1149 26
1150 24
1151 25
1152 25
1153 20
1154 16
1155 23
1156 21
1157 16
1158 25
1159 22
1160 25
1161 22
1162 19
1163 20
1164 27
1165 24
1166 18
1167 22
1168 22
1169 30
1170 24
1171 23
1172 14
1173 21
1174 24
1175 27
1176 22
1177 24
1178 27
1179 19
1180 31
1181 27
1182 29
1183 30
1184 24
1185 34
1186 26
1187 22
1188 16
1189 31
1190 17
1191 25
1192 22
1193 13
1194 22
1195 14
1196 17
1197 16
1198 27
1199 22
1200 15
1201 11
1202 24
1203 15
1204 21
1205 26
1206 19
1207 34
1208 12
1209 27
1210 26
1211 25
1212 19
1213 18
1214 15
1215 17
1216 15
1217 18
1218 27
1219 10
1220 15
1221 24
1222 24
1223 23
1224 14
1225 20
1226 18
1227 13
1228 16
1229 16
1230 20
1231 24
1232 23
1233 20
1234 22
1235 23
1236 20
1237 11
1238 21
1239 28
1240 16
1241 25
1242 29
1243 20
1244 15
1245 20
1246 17
1247 10
1248 15
1249 6
1250 21
1251 19
1252 12
1253 20
1254 21
1255 15
1256 6
1257 14
1258 18
1259 14
1260 24
1261 11
1262 26
1263 30
1264 21
1265 14
1266 12
1267 19
1268 20
1269 16
1270 18
1271 25
1272 21
1273 13
1274 30
1275 23
1276 17
1277 21
1278 14
1279 16
1280 23
1281 18
1282 16
1283 19
1284 18
1285 17
1286 17
1287 17
1288 15
1289 12
1290 19
1291 17
1292 14
1293 13
1294 26
1295 16
1296 19
1297 18
1298 15
1299 20
1300 16
1301 18
1302 17
1303 16
1304 17
1305 15
1306 19
1307 18
1308 16
1309 15
1310 16
1311 29
1312 15
1313 21
1314 21
1315 25
1316 20
1317 16
1318 18
1319 14
1320 15
1321 15
1322 20
1323 18
1324 15
1325 13
1326 25
1327 22
1328 26
1329 23
1330 19
1331 18
1332 16
1333 18
1334 12
1335 15
1336 17
1337 12
1338 15
1339 16
1340 22
1341 19
1342 17
1343 14
1344 13
1345 17
1346 17
1347 16
1348 17
1349 16
1350 19
1351 16
1352 15
1353 14
1354 15
1355 9
1356 18
1357 21
1358 16
1359 20
1360 11
1361 15
1362 16
1363 16
1364 15
1365 15
1366 14
1367 15
1368 5
1369 12
1370 15
1371 17
1372 13
1373 11
1374 16
1375 27
1376 15
1377 21
1378 22
1379 18
1380 19
1381 13
1382 18
1383 19
1384 26
1385 20
1386 19
1387 25
1388 15
1389 18
1390 16
1391 18
1392 17
1393 18
1394 15
1395 10
1396 12
1397 13
1398 14
1399 24
1400 22
1401 22
1402 18
1403 19
1404 17
1405 22
1406 14
1407 17
1408 16
1409 16
1410 16
1411 14
1412 13
1413 16
1414 18
1415 19
1416 15
1417 18
1418 18
1419 19
1420 10
1421 13
1422 16
1423 9
1424 12
1425 25
1426 16
1427 16
1428 25
1429 20
1430 19
1431 22
1432 27
1433 14
1434 9
1435 15
1436 19
1437 18
1438 12
1439 14
1440 19
1441 13
1442 10
1443 13
1444 21
1445 15
1446 7
1447 11
1448 20
1449 15
1450 10
1451 14
1452 9
1453 25
1454 17
1455 21
1456 20
1457 10
1458 14
1459 12
1460 18
1461 17
1462 18
1463 16
1464 22
1465 19
1466 5
1467 21
1468 13
1469 13
1470 17
1471 14
1472 14
1473 12
1474 16
1475 9
1476 15
1477 13
1478 17
1479 14
1480 13
1481 17
1482 15
1483 14
1484 21
1485 18
1486 18
1487 16
1488 14
1489 14
1490 24
1491 11
1492 9
1493 20
1494 16
1495 20
1496 14
1497 16
1498 9
1499 15
1500 12
1501 12
1502 25
1503 24
1504 14
1505 16
1506 26
1507 16
1508 19
1509 18
1510 14
1511 12
1512 11
1513 13
1514 18
1515 12
1516 12
1517 21
1518 15
1519 11
1520 21
1521 11
1522 15
1523 22
1524 12
1525 21
1526 14
1527 13
1528 15
1529 20
1530 17
1531 20
1532 13
1533 15
1534 9
1535 14
1536 9
1537 21
1538 17
1539 10
1540 19
1541 22
1542 19
1543 20
1544 9
1545 12
1546 9
1547 10
1548 12
1549 7
1550 16
1551 15
1552 18
1553 23
1554 12
1555 19
1556 17
1557 18
1558 16
1559 14
1560 10
1561 12
1562 14
1563 15
1564 15
1565 17
1566 18
1567 13
1568 10
1569 15
1570 14
1571 10
1572 13
1573 9
1574 14
1575 15
1576 7
1577 14
1578 19
1579 14
1580 7
1581 13
1582 12
1583 10
1584 11
1585 12
1586 10
1587 12
1588 17
1589 21
1590 10
1591 8
1592 6
1593 12
1594 3
1595 13
1596 15
1597 11
1598 7
1599 10
1600 17
1601 11
1602 12
1603 12
1604 13
1605 14
1606 10
1607 18
1608 13
1609 13
1610 13
1611 13
1612 15
1613 15
1614 8
1615 14
1616 8
1617 11
1618 14
1619 15
1620 11
1621 13
1622 20
1623 20
1624 20
1625 21
1626 19
1627 21
1628 8
1629 11
1630 13
1631 19
1632 18
1633 12
1634 10
1635 15
1636 14
1637 16
1638 17
1639 9
1640 9
1641 16
1642 10
1643 13
1644 14
1645 16
1646 10
1647 13
1648 10
1649 11
1650 15
1651 11
1652 13
1653 16
1654 8
1655 12
1656 16
1657 19
1658 21
1659 15
1660 12
1661 15
1662 11
1663 15
1664 13
1665 9
1666 12
1667 8
1668 11
1669 7
1670 13
1671 16
1672 8
1673 17
1674 18
1675 11
1676 19
1677 9
1678 11
1679 11
1680 10
1681 11
1682 11
1683 13
1684 10
1685 19
1686 15
1687 10
1688 16
1689 17
1690 10
1691 12
1692 5
1693 12
1694 11
1695 8
1696 17
1697 11
1698 10
1699 10
1700 15
1701 7
1702 19
1703 13
1704 17
1705 20
1706 21
1707 15
1708 8
1709 12
1710 12
1711 7
1712 16
1713 14
1714 9
1715 13
1716 12
1717 13
1718 17
1719 14
1720 10
1721 8
1722 11
1723 10
1724 11
1725 9
1726 15
1727 12
1728 14
1729 9
1730 8
1731 11
1732 11
1733 12
1734 7
1735 7
1736 11
1737 9
1738 4
1739 12
1740 7
1741 15
1742 18
1743 18
1744 11
1745 15
1746 19
1747 12
1748 7
1749 7
1750 8
1751 7
1752 9
1753 5
1754 13
1755 21
1756 9
1757 20
1758 12
1759 15
1760 14
1761 14
1762 8
1763 9
1764 7
1765 12
1766 14
1767 11
1768 11
1769 14
1770 11
1771 8
1772 11
1773 11
1774 12
1775 14
1776 9
1777 11
1778 11
1779 13
1780 11
1781 15
1782 15
1783 12
1784 12
1785 9
1786 11
1787 13
1788 10
1789 14
1790 14
1791 19
1792 18
1793 21
1794 14
1795 14
1796 8
1797 9
1798 10
1799 11
1800 12
1801 17
1802 12
1803 19
1804 13
1805 14
1806 5
1807 12
1808 13
1809 11
1810 11
1811 11
1812 10
1813 7
1814 12
1815 14
1816 12
1817 3
1818 8
1819 11
1820 6
1821 12
1822 16
1823 9
1824 10
1825 9
1826 7
1827 12
1828 11
1829 11
1830 13
1831 13
1832 8
1833 14
1834 8
1835 12
1836 5
1837 10
1838 12
1839 9
1840 12
1841 11
1842 15
1843 10
1844 10
1845 11
1846 13
1847 13
1848 10
1849 13
1850 9
1851 18
1852 10
1853 12
1854 13
1855 11
1856 13
1857 21
1858 12
1859 10
1860 18
1861 13
1862 15
1863 9
1864 10
1865 13
1866 9
1867 10
1868 14
1869 11
1870 8
1871 9
1872 14
1873 10
1874 10
1875 6
1876 8
1877 10
1878 10
1879 7
1880 15
1881 11
1882 7
1883 9
1884 12
1885 15
1886 9
1887 14
1888 10
1889 9
1890 5
1891 7
1892 13
1893 11
1894 5
1895 11
1896 12
1897 9
1898 14
1899 13
1900 8
1901 14
1902 10
1903 14
1904 8
1905 14
1906 11
1907 7
1908 7
1909 15
1910 9
1911 8
1912 8
1913 12
1914 6
1915 10
1916 10
1917 6
1918 18
1919 7
1920 11
1921 5
1922 11
1923 5
1924 8
1925 3
1926 9
1927 13
1928 9
1929 11
1930 13
1931 8
1932 7
1933 5
1934 5
1935 13
1936 8
1937 8
1938 7
1939 16
1940 20
1941 5
1942 11
1943 9
1944 10
1945 8
1946 3
1947 13
1948 10
1949 8
1950 7
1951 5
1952 10
1953 6
1954 6
1955 8
1956 6
1957 3
1958 13
1959 9
1960 8
1961 12
1962 8
1963 6
1964 13
1965 13
1966 9
1967 16
1968 8
1969 11
1970 9
1971 12
1972 10
1973 9
1974 12
1975 7
1976 11
1977 16
1978 11
1979 14
1980 11
1981 12
1982 10
1983 9
1984 2
1985 5
1986 5
1987 9
1988 6
1989 13
1990 4
1991 7
1992 7
1993 9
1994 9
1995 4
1996 9
1997 8
1998 5
1999 4
2000 6
2001 7
2002 6
2003 7
2004 5
2005 7
2006 13
2007 11
2008 16
2009 7
2010 9
2011 7
2012 11
2013 6
2014 10
2015 14
2016 2
2017 8
2018 4
2019 9
2020 9
2021 10
2022 8
2023 14
2024 12
2025 13
2026 9
2027 7
2028 6
2029 10
2030 14
2031 12
2032 10
2033 14
2034 7
2035 12
2036 11
2037 12
2038 9
2039 9
2040 13
2041 7
2042 11
2043 6
2044 6
2045 12
2046 7
2047 9
2048 5
2049 7
2050 5
2051 9
2052 14
2053 10
2054 12
2055 10
2056 5
2057 9
2058 7
2059 9
2060 8
2061 4
2062 10
2063 7
2064 12
2065 11
2066 10
2067 3
2068 11
2069 3
2070 9
2071 7
2072 6
2073 6
2074 10
2075 6
2076 9
2077 8
2078 3
2079 5
2080 7
2081 3
2082 9
2083 6
2084 6
2085 8
2086 10
2087 9
2088 4
2089 7
2090 13
2091 14
2092 11
2093 12
2094 6
2095 14
2096 7
2097 6
2098 7
2099 10
2100 7
2101 5
2102 6
2103 9
2104 7
2105 6
2106 7
2107 11
2108 7
2109 7
2110 9
2111 8
2112 9
2113 7
2114 11
2115 7
2116 6
2117 3
2118 7
2119 5
2120 10
2121 16
2122 10
2123 9
2124 9
2125 3
2126 4
2127 9
2128 8
2129 7
2130 6
2131 8
2132 6
2133 7
2134 9
2135 11
2136 5
2137 10
2138 10
2139 13
2140 10
2141 0
2142 3
2143 11
2144 7
2145 6
2146 7
2147 15
2148 10
2149 9
2150 6
2151 6
2152 7
2153 10
2154 8
2155 8
2156 9
2157 4
2158 9
2159 6
2160 7
2161 9
2162 8
2163 6
2164 8
2165 3
2166 6
2167 11
2168 8
2169 6
2170 6
2171 6
2172 6
2173 7
2174 13
2175 10
2176 8
2177 9
2178 9
2179 4
2180 10
2181 8
2182 9
2183 11
2184 8
2185 12
2186 8
2187 6
2188 11
2189 6
2190 6
2191 6
2192 10
2193 7
2194 7
2195 8
2196 12
2197 9
2198 8
2199 11
2200 13
2201 10
2202 4
2203 9
2204 7
2205 5
2206 3
2207 4
2208 6
2209 5
2210 9
2211 6
2212 12
2213 6
2214 8
2215 7
2216 3
2217 9
2218 4
2219 5
2220 9
2221 9
2222 10
2223 6
2224 9
2225 10
2226 9
2227 4
2228 3
2229 4
2230 5
2231 10
2232 6
2233 7
2234 7
2235 5
2236 5
2237 6
2238 6
2239 10
2240 8
2241 7
2242 6
2243 10
2244 5
2245 5
2246 9
2247 5
2248 4
2249 6
2250 10
2251 6
2252 6
2253 6
2254 10
2255 8
2256 14
2257 9
2258 8
2259 6
2260 7
2261 7
2262 10
2263 9
2264 6
2265 8
2266 16
2267 14
2268 16
2269 9
2270 7
2271 5
2272 4
2273 5
2274 12
2275 5
2276 4
2277 14
2278 7
2279 9
2280 6
2281 13
2282 6
2283 11
2284 10
2285 5
2286 9
2287 6
2288 7
2289 6
2290 9
2291 7
2292 10
2293 1
2294 5
2295 11
2296 8
2297 8
2298 8
2299 5
2300 6
2301 4
2302 6
2303 11
2304 2
2305 10
2306 9
2307 3
2308 10
2309 7
2310 12
2311 12
2312 9
2313 8
2314 10
2315 4
2316 6
2317 10
2318 2
2319 10
2320 8
2321 6
2322 6
2323 6
2324 7
2325 11
2326 15
2327 6
2328 8
2329 10
2330 10
2331 8
2332 7
2333 8
2334 9
2335 5
2336 11
2337 5
2338 7
2339 4
2340 5
2341 6
2342 7
2343 9
2344 9
2345 5
2346 8
2347 2
2348 3
2349 4
2350 7
2351 6
2352 6
2353 7
2354 7
2355 3
2356 9
2357 10
2358 11
2359 5
2360 8
2361 5
2362 14
2363 7
2364 3
2365 5
2366 8
2367 10
2368 6
2369 3
2370 7
2371 6
2372 8
2373 3
2374 4
2375 3
2376 8
2377 8
2378 7
2379 8
2380 6
2381 7
2382 12
2383 13
2384 8
2385 6
2386 12
2387 4
2388 9
2389 6
2390 12
2391 12
2392 9
2393 7
2394 4
2395 7
2396 5
2397 7
2398 6
2399 5
2400 9
2401 3
2402 7
2403 8
2404 6
2405 7
2406 5
2407 8
2408 3
2409 6
2410 9
2411 4
2412 8
2413 7
2414 10
2415 9
2416 9
2417 4
2418 10
2419 4
2420 9
2421 4
2422 6
2423 5
2424 7
2425 7
2426 6
2427 10
2428 9
2429 9
2430 12
2431 7
2432 8
2433 4
2434 9
2435 3
2436 5
2437 4
2438 5
2439 2
2440 3
2441 3
2442 3
2443 6
2444 11
2445 4
2446 10
2447 5
2448 7
2449 9
2450 7
2451 7
2452 7
2453 5
2454 4
2455 6
2456 8
2457 5
2458 9
2459 10
2460 7
2461 6
2462 11
2463 11
2464 9
2465 8
2466 10
2467 8
2468 10
2469 9
2470 6
2471 4
2472 7
2473 6
2474 5
2475 4
2476 5
2477 2
2478 8
2479 6
2480 6
2481 7
2482 8
2483 7
2484 2
2485 7
2486 11
2487 7
2488 12
2489 10
2490 6
2491 6
2492 5
2493 6
2494 6
2495 4
2496 5
2497 7
2498 6
2499 7
2500 6
2501 3
2502 7
2503 7
2504 10
2505 8
2506 2
2507 6
2508 4
2509 3
2510 3
2511 2
2512 4
2513 9
2514 1
2515 1
2516 4
2517 9
2518 7
2519 8
2520 2
2521 7
2522 6
2523 7
2524 5
2525 6
2526 6
2527 11
2528 7
2529 9
2530 6
2531 7
2532 5
2533 6
2534 5
2535 6
2536 6
2537 6
2538 4
2539 7
2540 11
2541 7
2542 10
2543 7
2544 9
2545 10
2546 8
2547 5
2548 10
2549 5
2550 7
2551 9
2552 6
2553 5
2554 4
2555 11
2556 4
2557 9
2558 3
2559 8
2560 5
2561 5
2562 5
2563 5
2564 4
2565 5
2566 2
2567 11
2568 1
2569 2
2570 6
2571 5
2572 7
2573 6
2574 6
2575 6
2576 2
2577 2
2578 7
2579 1
2580 7
2581 6
2582 9
2583 8
2584 6
2585 6
2586 5
2587 1
2588 6
2589 4
2590 2
2591 6
2592 7
2593 7
2594 7
2595 3
2596 7
2597 6
2598 6
2599 5
2600 4
2601 2
2602 6
2603 5
2604 6
2605 9
2606 3
2607 5
2608 5
2609 7
2610 5
2611 8
2612 5
2613 3
2614 4
2615 0
2616 4
2617 5
2618 4
2619 5
2620 2
2621 3
2622 3
2623 4
2624 1
2625 3
2626 6
2627 2
2628 6
2629 5
2630 1
2631 10
2632 3
2633 11
2634 5
2635 6
2636 4
2637 10
2638 5
2639 1
2640 3
2641 2
2642 4
2643 2
2644 6
2645 5
2646 4
2647 8
2648 1
2649 4
2650 5
2651 4
2652 4
2653 3
2654 8
2655 2
2656 5
2657 5
2658 3
2659 12
2660 5
2661 8
2662 6
2663 6
2664 9
2665 5
2666 4
2667 3
2668 5
2669 2
2670 6
2671 9
2672 2
2673 4
2674 3
2675 4
2676 4
2677 6
2678 7
2679 4
2680 4
2681 9
2682 5
2683 6
2684 6
2685 6
2686 4
2687 5
2688 3
2689 7
2690 5
2691 4
2692 2
2693 3
2694 3
2695 3
2696 5
2697 1
2698 4
2699 4
2700 2
2701 4
2702 4
2703 4
2704 3
2705 8
2706 3
2707 6
2708 3
2709 4
2710 4
2711 9
2712 3
2713 5
2714 5
2715 6
2716 1
2717 6
2718 4
2719 5
2720 2
2721 2
2722 5
2723 2
2724 3
2725 1
2726 0
2727 1
2728 2
2729 4
2730 7
2731 5
2732 2
2733 4
2734 3
2735 5
2736 7
2737 3
2738 6
2739 3
2740 5
2741 6
2742 2
2743 4
2744 4
2745 3
2746 5
2747 3
2748 3
2749 4
2750 2
2751 4
2752 7
2753 5
2754 7
2755 4
2756 5
2757 1
2758 2
2759 5
2760 5
2761 3
2762 7
2763 3
2764 1
2765 3
2766 1
2767 1
2768 0
2769 4
2770 5
2771 4
2772 3
2773 2
2774 5
2775 4
2776 3
2777 5
2778 5
2779 2
2780 6
2781 9
2782 3
2783 3
2784 3
2785 1
2786 4
2787 7
2788 2
2789 2
2790 3
2791 7
2792 2
2793 3
2794 3
2795 4
2796 6
2797 4
2798 3
2799 2
2800 1
2801 4
2802 5
2803 3
2804 6
2805 3
2806 5
2807 5
2808 2
2809 2
2810 3
2811 2
2812 7
2813 2
2814 5
2815 3
2816 3
2817 1
2818 7
2819 6
2820 3
2821 4
2822 6
2823 5
2824 3
2825 1
2826 4
2827 4
2828 4
2829 4
2830 5
2831 2
2832 6
2833 7
2834 2
2835 2
2836 7
2837 4
2838 1
2839 3
2840 8
2841 4
2842 5
2843 4
2844 5
2845 4
2846 7
2847 6
2848 2
2849 8
2850 3
2851 3
2852 4
2853 8
2854 3
2855 6
2856 3
2857 3
2858 2
2859 3
2860 6
2861 3
2862 1
2863 2
2864 3
2865 5
2866 6
2867 4
2868 4
2869 5
2870 0
2871 1
2872 0
2873 6
2874 7
2875 3
2876 5
2877 6
2878 6
2879 4
2880 3
2881 2
2882 4
2883 5
2884 5
2885 2
2886 6
2887 4
2888 3
2889 6
2890 5
2891 3
2892 5
2893 4
2894 5
2895 1
2896 4
2897 5
2898 4
2899 4
2900 6
2901 3
2902 4
2903 5
2904 6
2905 6
2906 5
2907 8
2908 4
2909 5
2910 2
2911 2
2912 5
2913 5
2914 5
2915 4
2916 10
2917 5
2918 8
2919 4
2920 4
2921 3
2922 5
2923 4
2924 2
2925 6
2926 5
2927 2
2928 4
2929 3
2930 2
2931 6
2932 7
2933 8
2934 4
2935 6
2936 3
2937 6
2938 6
2939 1
2940 3
2941 2
2942 7
2943 4
2944 2
2945 4
2946 4
2947 4
2948 4
2949 7
2950 6
2951 7
2952 5
2953 5
2954 7
2955 6
2956 3
2957 8
2958 4
2959 7
2960 6
2961 7
2962 7
2963 5
2964 3
2965 4
2966 5
2967 7
2968 5
2969 3
2970 4
2971 9
2972 2
2973 4
2974 7
2975 3
2976 3
2977 5
2978 5
2979 2
2980 7
2981 5
2982 2
2983 3
2984 4
2985 5
2986 6
2987 5
2988 2
2989 1
2990 4
2991 4
2992 4
2993 7
2994 3
2995 2
2996 5
2997 4
2998 4
2999 6
3000 2
3001 7
3002 5
3003 4
3004 6
3005 7
3006 6
3007 4
3008 2
3009 5
3010 4
3011 5
3012 4
3013 2
3014 2
3015 7
3016 3
3017 3
3018 6
3019 5
3020 2
3021 2
3022 2
3023 3
3024 2
3025 5
3026 6
3027 1
3028 2
3029 6
3030 4
3031 1
3032 2
3033 3
3034 5
3035 7
3036 1
3037 6
3038 3
3039 8
3040 7
3041 2
3042 4
3043 5
3044 4
3045 7
3046 2
3047 1
3048 3
3049 1
3050 0
3051 4
3052 4
3053 6
3054 2
3055 4
3056 2
3057 2
3058 3
3059 5
3060 2
3061 8
3062 6
3063 7
3064 7
3065 1
3066 4
3067 1
3068 5
3069 3
3070 4
3071 5
3072 5
3073 4
3074 3
3075 4
3076 7
3077 5
3078 2
3079 1
3080 3
3081 1
3082 1
3083 7
3084 5
3085 5
3086 4
3087 5
3088 7
3089 5
3090 2
3091 3
3092 3
3093 4
3094 6
3095 7
3096 1
3097 3
3098 6
3099 4
3100 1
3101 7
3102 3
3103 3
3104 3
3105 4
3106 3
3107 3
3108 10
3109 8
3110 2
3111 4
3112 5
3113 2
3114 1
3115 8
3116 4
3117 4
3118 7
3119 3
3120 4
3121 4
3122 4
3123 2
3124 3
3125 7
3126 5
3127 4
3128 3
3129 1
3130 6
3131 7
3132 2
3133 2
3134 3
3135 0
3136 8
3137 3
3138 3
3139 3
3140 3
3141 2
3142 3
3143 3
3144 7
3145 1
3146 5
3147 2
3148 4
3149 3
3150 3
3151 4
3152 3
3153 4
3154 1
3155 5
3156 8
3157 3
3158 7
3159 5
3160 1
3161 2
3162 4
3163 0
3164 4
3165 5
3166 1
3167 4
3168 6
3169 6
3170 4
3171 4
3172 4
3173 1
3174 5
3175 5
3176 1
3177 0
3178 3
3179 2
3180 3
3181 2
3182 3
3183 2
3184 2
3185 4
3186 1
3187 4
3188 5
3189 4
3190 1
3191 5
3192 5
3193 1
3194 4
3195 0
3196 3
3197 3
3198 3
3199 6
3200 2
3201 5
3202 3
3203 2
3204 3
3205 3
3206 7
3207 3
3208 2
3209 3
3210 3
3211 6
3212 5
3213 6
3214 1
3215 4
3216 5
3217 4
3218 2
3219 3
3220 4
3221 1
3222 2
3223 2
3224 3
3225 3
3226 6
3227 5
3228 2
3229 1
3230 5
3231 1
3232 7
3233 3
3234 2
3235 6
3236 3
3237 4
3238 8
3239 4
3240 6
3241 3
3242 7
3243 4
3244 2
3245 5
3246 2
3247 3
3248 1
3249 3
3250 6
3251 1
3252 6
3253 2
3254 2
3255 3
3256 6
3257 3
3258 4
3259 4
3260 4
3261 3
3262 4
3263 2
3264 3
3265 2
3266 4
3267 2
3268 3
3269 4
3270 1
3271 2
3272 2
3273 8
3274 4
3275 6
3276 1
3277 3
3278 2
3279 7
3280 0
3281 2
3282 2
3283 3
3284 4
3285 3
3286 5
3287 1
3288 5
3289 1
3290 1
3291 5
3292 10
3293 1
3294 2
3295 2
3296 2
3297 3
3298 3
3299 6
3300 2
3301 6
3302 4
3303 5
3304 4
3305 6
3306 7
3307 3
3308 5
3309 1
3310 5
3311 6
3312 2
3313 0
3314 4
3315 4
3316 1
3317 2
3318 4
3319 8
3320 3
3321 2
3322 5
3323 9
3324 3
3325 4
3326 2
3327 2
3328 1
3329 5
3330 1
3331 1
3332 3
3333 6
3334 7
3335 4
3336 1
3337 2
3338 7
3339 4
3340 4
3341 4
3342 10
3343 5
3344 2
3345 4
3346 1
3347 2
3348 3
3349 8
3350 2
3351 3
3352 4
3353 0
3354 4
3355 3
3356 2
3357 2
3358 2
3359 4
3360 1
3361 2
3362 2
3363 5
3364 6
3365 6
3366 3
3367 5
3368 1
3369 1
3370 3
3371 2
3372 3
3373 3
3374 2
3375 2
3376 3
3377 2
3378 6
3379 4
3380 4
3381 6
3382 1
3383 1
3384 3
3385 2
3386 0
3387 6
3388 2
3389 1
3390 2
3391 1
3392 1
3393 4
3394 2
3395 4
3396 2
3397 3
3398 3
3399 3
3400 4
3401 2
3402 2
3403 0
3404 2
3405 5
3406 7
3407 3
3408 1
3409 4
3410 3
3411 1
3412 1
3413 6
3414 2
3415 5
3416 1
3417 1
3418 9
3419 2
3420 2
3421 3
3422 2
3423 0
3424 5
3425 1
3426 4
3427 4
3428 3
3429 4
3430 4
3431 3
3432 2
3433 4
3434 9
3435 8
3436 3
3437 5
3438 3
3439 2
3440 1
3441 4
3442 0
3443 4
3444 0
3445 4
3446 3
3447 1
3448 2
3449 3
3450 3
3451 0
3452 0
3453 5
3454 2
3455 7
3456 4
3457 4
3458 4
3459 3
3460 2
3461 10
3462 3
3463 4
3464 1
3465 1
3466 1
3467 2
3468 3
3469 4
3470 3
3471 2
3472 3
3473 6
3474 1
3475 3
3476 3
3477 3
3478 1
3479 4
3480 4
3481 3
3482 7
3483 2
3484 8
3485 2
3486 3
3487 3
3488 4
3489 3
3490 5
3491 0
3492 2
3493 2
3494 6
3495 1
3496 2
3497 0
3498 4
3499 5
3500 5
3501 4
3502 3
3503 4
3504 3
3505 4
3506 1
3507 5
3508 8
3509 3
3510 3
3511 3
3512 5
3513 5
3514 3
3515 1
3516 4
3517 3
3518 4
3519 2
3520 5
3521 2
3522 6
3523 6
3524 3
3525 6
3526 0
3527 7
3528 2
3529 4
3530 2
3531 2
3532 5
3533 5
3534 2
3535 4
3536 2
3537 4
3538 3
3539 2
3540 1
3541 1
3542 2
3543 7
3544 1
3545 5
3546 5
3547 0
3548 5
3549 1
3550 4
3551 0
3552 4
3553 5
3554 2
3555 3
3556 4
3557 3
3558 2
3559 3
3560 0
3561 2
3562 8
3563 5
3564 5
3565 2
3566 3
3567 1
3568 2
3569 3
3570 0
3571 3
3572 4
3573 4
3574 2
3575 5
3576 5
3577 0
3578 1
3579 3
3580 7
3581 3
3582 9
3583 2
3584 3
3585 3
3586 1
3587 2
3588 5
3589 6
3590 4
3591 1
3592 2
3593 2
3594 6
3595 0
3596 4
3597 4
3598 5
3599 2
3600 4
3601 0
3602 6
3603 1
3604 5
3605 2
3606 1
3607 2
3608 1
3609 0
3610 1
3611 4
3612 1
3613 2
3614 1
3615 4
3616 4
3617 3
3618 3
3619 4
3620 6
3621 1
3622 4
3623 3
3624 1
3625 2
3626 4
3627 2
3628 1
3629 3
3630 3
3631 6
3632 3
3633 3
3634 2
3635 2
3636 0
3637 3
3638 6
3639 2
3640 5
3641 5
3642 4
3643 4
3644 3
3645 2
3646 3
3647 1
3648 1
3649 1
3650 1
3651 2
3652 4
3653 3
3654 2
3655 2
3656 1
3657 1
3658 2
3659 1
3660 0
3661 2
3662 4
3663 3
3664 3
3665 1
3666 1
3667 3
3668 2
3669 3
3670 1
3671 3
3672 3
3673 3
3674 0
3675 5
3676 1
3677 4
3678 2
3679 2
3680 3
3681 1
3682 2
3683 5
3684 1
3685 1
3686 1
3687 2
3688 3
3689 1
3690 2
3691 1
3692 3
3693 3
3694 1
3695 1
3696 3
3697 7
3698 4
3699 1
3700 4
3701 3
3702 3
3703 1
3704 5
3705 7
3706 3
3707 3
3708 3
3709 4
3710 8
3711 1
3712 4
3713 3
3714 2
3715 0
3716 2
3717 1
3718 1
3719 2
3720 3
3721 1
3722 5
3723 2
3724 3
3725 3
3726 2
3727 2
3728 4
3729 3
3730 2
3731 1
3732 3
3733 1
3734 2
3735 3
3736 5
3737 5
3738 6
3739 1
3740 0
3741 2
3742 2
3743 3
3744 3
3745 4
3746 1
3747 0
3748 4
3749 1
3750 3
3751 1
3752 2
3753 3
3754 2
3755 3
3756 2
3757 3
3758 8
3759 2
3760 2
3761 2
3762 2
3763 1
3764 1
3765 1
3766 2
3767 4
3768 2
3769 1
3770 3
3771 4
3772 3
3773 1
3774 3
3775 2
3776 3
3777 3
3778 4
3779 1
3780 1
3781 3
3782 3
3783 0
3784 0
3785 2
3786 3
3787 2
3788 4
3789 1
3790 1
3791 4
3792 4
3793 2
3794 1
3795 2
3796 3
3797 2
3798 1
3799 2
3800 6
3801 1
3802 0
3803 2
3804 1
3805 1
3806 2
3807 1
3808 0
3809 1
3810 3
3811 3
3812 2
3813 1
3814 5
3815 1
3816 1
3817 3
3818 2
3819 1
3820 1
3821 1
3822 2
3823 5
3824 4
3825 3
3826 1
3827 0
3828 5
3829 3
3830 2
3831 4
3832 1
3833 4
3834 3
3835 3
3836 1
3837 1
3838 8
3839 2
3840 3
3841 2
3842 6
3843 5
3844 3
3845 1
3846 3
3847 2
3848 1
3849 3
3850 3
3851 5
3852 3
3853 2
3854 2
3855 3
3856 2
3857 0
3858 2
3859 4
3860 5
3861 0
3862 2
3863 3
3864 2
3865 3
3866 2
3867 4
3868 5
3869 1
3870 5
3871 0
3872 2
3873 3
3874 8
3875 2
3876 3
3877 4
3878 4
3879 1
3880 2
3881 3
3882 0
3883 1
3884 2
3885 2
3886 1
3887 4
3888 5
3889 1
3890 1
3891 2
3892 1
3893 2
3894 2
3895 3
3896 6
3897 1
3898 3
3899 4
3900 1
3901 5
3902 3
3903 1
3904 3
3905 5
3906 7
3907 5
3908 2
3909 7
3910 4
3911 3
3912 3
3913 3
3914 2
3915 2
3916 4
3917 3
3918 4
3919 4
3920 3
3921 0
3922 2
3923 3
3924 1
3925 4
3926 5
3927 1
3928 2
3929 2
3930 2
3931 3
3932 3
3933 3
3934 1
3935 1
3936 3
3937 3
3938 1
3939 3
3940 4
3941 2
3942 3
3943 4
3944 2
3945 1
3946 2
3947 3
3948 6
3949 0
3950 3
3951 3
3952 0
3953 3
3954 1
3955 5
3956 2
3957 1
3958 1
3959 5
3960 1
3961 2
3962 1
3963 5
3964 2
3965 3
3966 3
3967 3
3968 2
3969 2
3970 4
3971 4
3972 1
3973 1
3974 4
3975 1
3976 2
3977 0
3978 2
3979 2
3980 2
3981 1
3982 3
3983 4
3984 2
3985 6
3986 0
3987 1
3988 3
3989 1
3990 5
3991 3
3992 2
3993 4
3994 2
3995 3
3996 2
3997 4
3998 3
3999 6
4000 3
4001 3
4002 4
4003 6
4004 3
4005 1
4006 3
4007 5
4008 3
4009 5
4010 2
4011 6
4012 2
4013 2
4014 1
4015 5
4016 1
4017 2
4018 6
4019 3
4020 5
4021 6
4022 4
4023 6
4024 3
4025 7
4026 3
4027 7
4028 3
4029 7
4030 6
4031 4
4032 3
4033 5
4034 3
4035 6
4036 6
4037 8
4038 1
4039 3
4040 5
4041 4
4042 1
4043 2
4044 2
4045 3
4046 2
4047 3
4048 2
4049 2
4050 3
4051 3
4052 7
4053 8
4054 6
4055 4
4056 0
4057 5
4058 4
4059 1
4060 3
4061 3
4062 3
4063 2
4064 3
4065 4
4066 4
4067 7
4068 1
4069 5
4070 3
4071 2
4072 5
4073 10
4074 2
4075 6
4076 6
4077 3
4078 6
4079 3
4080 7
4081 4
4082 1
4083 1
4084 4
4085 3
4086 2
4087 4
4088 3
4089 4
4090 3
4091 0
4092 3
4093 1
4094 3
4095 2
4096 2
4097 3
4098 1
4099 1
4100 7
4101 5
4102 4
4103 7
4104 4
4105 3
4106 6
4107 4
4108 8
4109 5
4110 3
4111 6
4112 4
4113 5
4114 8
4115 3
4116 6
4117 4
4118 2
4119 1
4120 5
4121 1
4122 3
4123 3
4124 2
4125 3
4126 1
4127 3
4128 3
4129 1
4130 7
4131 4
4132 4
4133 3
4134 3
4135 2
4136 4
4137 3
4138 1
4139 1
4140 2
4141 1
4142 2
4143 1
4144 1
4145 3
4146 4
4147 3
4148 1
4149 3
4150 2
4151 1
4152 3
4153 2
4154 1
4155 1
4156 2
4157 5
4158 2
4159 4
4160 5
4161 3
4162 0
4163 1
4164 1
4165 3
4166 4
4167 4
4168 3
4169 4
4170 2
4171 3
4172 2
4173 3
4174 3
4175 3
4176 8
4177 3
4178 1
4179 1
4180 6
4181 1
4182 1
4183 3
4184 2
4185 5
4186 1
4187 2
4188 1
4189 0
4190 2
4191 3
4192 5
4193 9
4194 1
4195 2
4196 3
4197 1
4198 4
4199 0
4200 2
4201 3
4202 5
4203 1
4204 0
4205 6
4206 3
4207 1
4208 5
4209 1
4210 2
4211 6
4212 1
4213 6
4214 2
4215 0
4216 1
4217 1
4218 5
4219 6
4220 2
4221 3
4222 3
4223 3
4224 4
4225 4
4226 4
4227 1
4228 4
4229 4
4230 1
4231 1
4232 1
4233 2
4234 5
4235 3
4236 1
4237 3
4238 2
4239 4
4240 2
4241 2
4242 1
4243 2
4244 2
4245 2
4246 2
4247 5
4248 1
4249 2
4250 1
4251 1
4252 4
4253 0
4254 2
4255 2
4256 1
4257 5
4258 0
4259 2
4260 3
4261 2
4262 3
4263 3
4264 5
4265 2
4266 1
4267 3
4268 3
4269 5
4270 5
4271 2
4272 2
4273 2
4274 3
4275 5
4276 4
4277 1
4278 2
4279 1
4280 4
4281 5
4282 2
4283 2
4284 2
4285 1
4286 2
4287 4
4288 4
4289 4
4290 2
4291 0
4292 1
4293 3
4294 3
4295 4
4296 0
4297 1
4298 2
4299 2
4300 3
4301 5
4302 4
4303 1
4304 2
4305 2
4306 3
4307 2
4308 1
4309 1
4310 2
4311 1
4312 4
4313 1
4314 5
4315 0
4316 3
4317 3
4318 3
4319 2
4320 2
4321 1
4322 4
4323 5
4324 4
4325 3
4326 3
4327 2
4328 2
4329 2
4330 3
4331 8
4332 3
4333 2
4334 3
4335 3
4336 4
4337 4
4338 1
4339 3
4340 3
4341 2
4342 7
4343 0
4344 4
4345 1
4346 5
4347 2
4348 7
4349 1
4350 1
4351 1
4352 0
4353 4
4354 1
4355 2
4356 4
4357 1
4358 1
4359 1
4360 1
4361 1
4362 4
4363 1
4364 2
4365 6
4366 3
4367 3
4368 0
4369 2
4370 7
4371 0
4372 2
4373 3
4374 2
4375 2
4376 0
4377 1
4378 3
4379 1
4380 5
4381 1
4382 0
4383 4
4384 1
4385 4
4386 1
4387 3
4388 2
4389 2
4390 2
4391 3
4392 3
4393 1
4394 3
4395 2
4396 0
4397 2
4398 1
4399 2
4400 1
4401 2
4402 4
4403 2
4404 2
4405 3
4406 3
4407 2
4408 2
4409 4
4410 1
4411 0
4412 0
4413 6
4414 4
4415 4
4416 1
4417 4
4418 0
4419 4
4420 3
4421 0
4422 3
4423 0
4424 3
4425 3
4426 2
4427 1
4428 2
4429 6
4430 2
4431 0
4432 6
4433 2
4434 2
4435 2
4436 3
4437 2
4438 2
4439 3
4440 2
4441 2
4442 2
4443 1
4444 1
4445 6
4446 2
4447 2
4448 1
4449 3
4450 5
4451 5
4452 3
4453 1
4454 2
4455 1
4456 3
4457 5
4458 0
4459 4
4460 5
4461 6
4462 2
4463 3
4464 3
4465 2
4466 5
4467 3
4468 3
4469 1
4470 3
4471 3
4472 4
4473 2
4474 1
4475 4
4476 4
4477 3
4478 0
4479 5
4480 2
4481 2
4482 3
4483 2
4484 3
4485 3
4486 3
4487 2
4488 3
4489 2
4490 2
4491 1
4492 4
4493 2
4494 1
4495 0
4496 3
4497 3
4498 2
4499 2
4500 3
4501 1
4502 5
4503 5
4504 4
4505 1
4506 1
4507 1
4508 3
4509 2
4510 3
4511 3
4512 3
4513 5
4514 0
4515 3
4516 3
4517 2
4518 2
4519 3
4520 5
4521 3
4522 2
4523 2
4524 4
4525 1
4526 2
4527 2
4528 2
4529 3
4530 5
4531 3
4532 2
4533 2
4534 3
4535 2
4536 2
4537 2
4538 1
4539 3
4540 4
4541 1
4542 2
4543 3
4544 1
4545 0
4546 2
4547 1
4548 1
4549 1
4550 3
4551 0
4552 2
4553 3
4554 2
4555 0
4556 3
4557 1
4558 0
4559 1
4560 2
4561 1
4562 2
4563 3
4564 6
4565 0
4566 1
4567 3
4568 1
4569 3
4570 5
4571 4
4572 3
4573 1
4574 1
4575 4
4576 1
4577 0
4578 4
4579 0
4580 3
4581 1
4582 0
4583 2
4584 0
4585 2
4586 0
4587 2
4588 3
4589 3
4590 2
4591 2
4592 2
4593 3
4594 4
4595 2
4596 2
4597 2
4598 5
4599 0
4600 1
4601 1
4602 1
4603 3
4604 5
4605 5
4606 1
4607 2
4608 4
4609 2
4610 4
4611 1
4612 3
4613 4
4614 3
4615 4
4616 0
4617 3
4618 2
4619 2
4620 3
4621 2
4622 1
4623 1
4624 2
4625 3
4626 5
4627 3
4628 1
4629 4
4630 6
4631 2
4632 3
4633 4
4634 1
4635 2
4636 3
4637 0
4638 2
4639 4
4640 1
4641 0
4642 1
4643 1
4644 4
4645 1
4646 3
4647 4
4648 0
4649 0
4650 3
4651 1
4652 1
4653 3
4654 2
4655 1
4656 3
4657 2
4658 2
4659 2
4660 3
4661 2
4662 1
4663 0
4664 1
4665 6
4666 0
4667 3
4668 6
4669 4
4670 0
4671 1
4672 1
4673 2
4674 1
4675 0
4676 4
4677 0
4678 1
4679 0
4680 2
4681 1
4682 2
4683 2
4684 2
4685 3
4686 3
4687 0
4688 0
4689 2
4690 3
4691 3
4692 2
4693 5
4694 1
4695 6
4696 3
4697 1
4698 4
4699 1
4700 4
4701 1
4702 4
4703 6
4704 4
4705 2
4706 4
4707 5
4708 1
4709 6
4710 0
4711 1
4712 3
4713 2
4714 1
4715 4
4716 2
4717 2
4718 2
4719 3
4720 2
4721 2
4722 1
4723 2
4724 0
4725 3
4726 2
4727 5
4728 2
4729 3
4730 1
4731 1
4732 3
4733 2
4734 2
4735 3
4736 1
4737 0
4738 4
4739 4
4740 2
4741 4
4742 4
4743 3
4744 3
4745 0
4746 1
4747 2
4748 2
4749 0
4750 3
4751 4
4752 1
4753 4
4754 3
4755 0
4756 2
4757 0
4758 4
4759 3
4760 2
4761 6
4762 2
4763 4
4764 3
4765 2
4766 2
4767 4
4768 3
4769 6
4770 1
4771 2
4772 1
4773 1
4774 1
4775 3
4776 2
4777 3
4778 2
4779 5
4780 0
4781 1
4782 1
4783 0
4784 0
4785 1
4786 0
4787 1
4788 1
4789 1
4790 2
4791 2
4792 4
4793 2
4794 2
4795 1
4796 1
4797 3
4798 2
4799 2
4800 6
4801 0
4802 1
4803 1
4804 4
4805 4
4806 1
4807 3
4808 1
4809 1
4810 1
4811 2
4812 3
4813 2
4814 1
4815 2
4816 1
4817 2
4818 4
4819 3
4820 0
4821 3
4822 2
4823 2
4824 3
4825 2
4826 3
4827 0
4828 1
4829 4
4830 0
4831 2
4832 1
4833 4
4834 3
4835 4
4836 2
4837 2
4838 0
4839 1
4840 4
4841 4
4842 0
4843 5
4844 1
4845 1
4846 0
4847 2
4848 0
4849 1
4850 0
4851 1
4852 3
4853 4
4854 4
4855 0
4856 3
4857 0
4858 1
4859 6
4860 1
4861 3
4862 2
4863 3
4864 2
4865 4
4866 1
4867 3
4868 0
4869 2
4870 5
4871 2
4872 3
4873 5
4874 5
4875 2
4876 3
4877 1
4878 3
4879 0
4880 1
4881 3
4882 3
4883 3
4884 2
4885 3
4886 3
4887 1
4888 1
4889 1
4890 0
4891 4
4892 3
4893 1
4894 3
4895 1
4896 3
4897 0
4898 1
4899 2
4900 1
4901 0
4902 1
4903 1
4904 1
4905 2
4906 0
4907 0
4908 0
4909 3
4910 1
4911 1
4912 0
4913 1
4914 3
4915 2
4916 1
4917 1
4918 3
4919 2
4920 4
4921 3
4922 3
4923 1
4924 2
4925 2
4926 2
4927 3
4928 3
4929 2
4930 2
4931 4
4932 2
4933 4
4934 0
4935 4
4936 0
4937 0
4938 2
4939 3
4940 2
4941 1
4942 1
4943 2
4944 0
4945 4
4946 3
4947 0
4948 3
4949 0
4950 0
4951 0
4952 3
4953 2
4954 1
4955 1
4956 1
4957 2
4958 4
4959 1
4960 6
4961 1
4962 1
4963 1
4964 3
4965 2
4966 1
4967 2
4968 4
4969 3
4970 2
4971 3
4972 2
4973 3
4974 2
4975 0
4976 1
4977 1
4978 3
4979 5
4980 1
4981 3
4982 0
4983 0
4984 3
4985 0
4986 3
4987 3
4988 3
4989 1
4990 0
4991 1
4992 2
4993 2
4994 2
4995 1
4996 3
4997 0
4998 2
4999 4
5000 2
5001 5
5002 2
5003 3
5004 2
5005 3
5006 2
5007 1
5008 1
5009 0
5010 1
5011 1
5012 1
5013 2
5014 3
5015 1
5016 1
5017 2
5018 1
5019 1
5020 2
5021 1
5022 4
5023 3
5024 1
5025 0
5026 0
5027 3
5028 1
5029 4
5030 1
5031 2
5032 1
5033 2
5034 0
5035 0
5036 3
5037 2
5038 3
5039 2
5040 1
5041 1
5042 0
5043 4
5044 3
5045 2
5046 3
5047 2
5048 0
5049 1
5050 1
5051 1
5052 1
5053 2
5054 1
5055 2
5056 2
5057 2
5058 2
5059 1
5060 0
5061 0
5062 3
5063 1
5064 3
5065 1
5066 0
5067 2
5068 1
5069 0
5070 2
5071 0
5072 3
5073 2
5074 0
5075 1
5076 1
5077 3
5078 4
5079 1
5080 1
5081 1
5082 1
5083 1
5084 2
5085 4
5086 3
5087 2
5088 1
5089 2
5090 0
5091 3
5092 5
5093 1
5094 1
5095 3
5096 4
5097 6
5098 5
5099 2
5100 2
5101 1
5102 2
5103 3
5104 4
5105 0
5106 1
5107 1
5108 1
5109 4
5110 2
5111 1
5112 2
5113 0
5114 5
5115 2
5116 2
5117 1
5118 1
5119 1
5120 2
5121 3
5122 2
5123 3
5124 1
5125 4
5126 3
5127 0
5128 3
5129 1
5130 1
5131 0
5132 2
5133 3
5134 5
5135 0
5136 3
5137 2
5138 2
5139 4
5140 3
5141 3
5142 2
5143 0
5144 3
5145 1
5146 1
5147 1
5148 5
5149 3
5150 2
5151 4
5152 2
5153 0
5154 4
5155 1
5156 1
5157 2
5158 3
5159 1
5160 2
5161 2
5162 1
5163 0
5164 1
5165 2
5166 2
5167 2
5168 5
5169 2
5170 1
5171 4
5172 1
5173 2
5174 3
5175 5
5176 2
5177 1
5178 1
5179 3
5180 2
5181 3
5182 1
5183 2
5184 1
5185 2
5186 4
5187 1
5188 1
5189 3
5190 2
5191 3
5192 0
5193 1
5194 1
5195 1
5196 0
5197 1
5198 3
5199 4
5200 2
5201 3
5202 0
5203 1
5204 1
5205 2
5206 1
5207 1
5208 0
5209 2
5210 3
5211 1
5212 1
5213 2
5214 1
5215 2
5216 2
5217 1
5218 3
5219 2
5220 0
5221 1
5222 1
5223 1
5224 0
5225 0
5226 3
5227 3
5228 1
5229 0
5230 2
5231 1
5232 1
5233 2
5234 4
5235 0
5236 2
5237 0
5238 2
5239 2
5240 3
5241 2
5242 3
5243 3
5244 1
5245 3
5246 3
5247 0
5248 0
5249 2
5250 1
5251 1
5252 2
5253 1
5254 2
5255 1
5256 1
5257 1
5258 1
5259 2
5260 0
5261 1
5262 3
5263 0
5264 3
5265 1
5266 2
5267 1
5268 2
5269 2
5270 2
5271 1
5272 1
5273 1
5274 0
5275 2
5276 1
5277 4
5278 5
5279 2
5280 4
5281 3
5282 3
5283 0
5284 2
5285 2
5286 4
5287 1
5288 3
5289 3
5290 2
5291 4
5292 1
5293 0
5294 0
5295 1
5296 5
5297 5
5298 3
5299 1
5300 0
5301 1
5302 2
5303 1
5304 0
5305 1
5306 3
5307 2
5308 3
5309 5
5310 1
5311 2
5312 3
5313 2
5314 0
5315 2
5316 1
5317 4
5318 1
5319 3
5320 1
5321 1
5322 3
5323 0
5324 1
5325 1
5326 4
5327 1
5328 3
5329 1
5330 1
5331 3
5332 3
5333 3
5334 3
5335 2
5336 5
5337 2
5338 2
5339 4
5340 5
5341 3
5342 6
5343 1
5344 2
5345 4
5346 4
5347 2
5348 2
5349 3
5350 1
5351 3
5352 1
5353 1
5354 4
5355 2
5356 3
5357 3
5358 3
5359 3
5360 1
5361 2
5362 0
5363 0
5364 0
5365 2
5366 2
5367 0
5368 2
5369 0
5370 2
5371 2
5372 0
5373 2
5374 2
5375 4
5376 1
5377 1
5378 3
5379 1
5380 2
5381 4
5382 2
5383 3
5384 1
5385 3
5386 0
5387 0
5388 0
5389 2
5390 2
5391 2
5392 0
5393 0
5394 1
5395 1
5396 2
5397 3
5398 2
5399 0
5400 3
5401 2
5402 1
5403 2
5404 1
5405 2
5406 0
5407 2
5408 3
5409 3
5410 4
5411 2
5412 2
5413 1
5414 1
5415 1
5416 1
5417 1
5418 1
5419 1
5420 1
5421 0
5422 1
5423 2
5424 3
5425 1
5426 0
5427 0
5428 1
5429 1
5430 1
5431 5
5432 0
5433 2
5434 3
5435 2
5436 2
5437 3
5438 1
5439 2
5440 1
5441 1
5442 2
5443 1
5444 2
5445 2
5446 1
5447 2
5448 0
5449 1
5450 1
5451 4
5452 0
5453 1
5454 2
5455 0
5456 3
5457 2
5458 1
5459 2
5460 0
5461 0
5462 0
5463 6
5464 2
5465 1
5466 3
5467 0
5468 2
5469 1
5470 5
5471 1
5472 1
5473 1
5474 3
5475 2
5476 2
5477 4
5478 4
5479 0
5480 0
5481 0
5482 1
5483 0
5484 1
5485 1
5486 1
5487 2
5488 1
5489 1
5490 1
5491 2
5492 0
5493 1
5494 3
5495 0
5496 3
5497 2
5498 1
5499 1
5500 3
5501 2
5502 1
5503 2
5504 0
5505 1
5506 1
5507 2
5508 0
5509 0
5510 0
5511 1
5512 1
5513 0
5514 1
5515 0
5516 3
5517 0
5518 1
5519 0
5520 1
5521 1
5522 1
5523 1
5524 1
5525 0
5526 0
5527 3
5528 1
5529 0
5530 3
5531 3
5532 1
5533 1
5534 1
5535 2
5536 1
5537 1
5538 2
5539 0
5540 0
5541 1
5542 2
5543 2
5544 1
5545 2
5546 2
5547 3
5548 3
5549 3
5550 2
5551 5
5552 6
5553 1
5554 5
5555 1
5556 5
5557 1
5558 7
5559 3
5560 3
5561 3
5562 0
5563 3
5564 0
5565 0
5566 4
5567 3
5568 0
5569 2
5570 0
5571 0
5572 0
5573 1
5574 0
5575 1
5576 1
5577 1
5578 3
5579 2
5580 1
5581 2
5582 0
5583 0
5584 2
5585 0
5586 1
5587 1
5588 1
5589 1
5590 3
5591 1
5592 3
5593 2
5594 2
5595 0
5596 1
5597 1
5598 2
5599 1
5600 4
5601 2
5602 0
5603 0
5604 1
5605 2
5606 3
5607 1
5608 1
5609 0
5610 1
5611 1
5612 1
5613 2
5614 2
5615 2
5616 2
5617 2
5618 1
5619 0
5620 1
5621 2
5622 1
5623 0
5624 2
5625 0
5626 2
5627 3
5628 1
5629 3
5630 3
5631 0
5632 0
5633 2
5634 2
5635 1
5636 0
5637 2
5638 2
5639 2
5640 1
5641 1
5642 0
5643 4
5644 1
5645 2
5646 4
5647 2
5648 1
5649 1
5650 4
5651 2
5652 3
5653 2
5654 2
5655 0
5656 1
5657 2
5658 4
5659 2
5660 1
5661 1
5662 2
5663 2
5664 3
5665 4
5666 0
5667 2
5668 2
5669 3
5670 3
5671 4
5672 1
5673 1
5674 3
5675 1
5676 2
5677 3
5678 1
5679 4
5680 2
5681 2
5682 0
5683 1
5684 4
5685 1
5686 0
5687 2
5688 0
5689 0
5690 4
5691 4
5692 2
5693 1
5694 2
5695 0
5696 2
5697 4
5698 1
5699 3
5700 2
5701 2
5702 1
5703 1
5704 5
5705 1
5706 1
5707 1
5708 2
5709 1
5710 3
5711 2
5712 1
5713 2
5714 1
5715 2
5716 1
5717 1
5718 0
5719 2
5720 0
5721 2
5722 1
5723 0
5724 0
5725 3
5726 1
5727 1
5728 1
5729 2
5730 4
5731 2
5732 0
5733 1
5734 1
5735 0
5736 3
5737 2
5738 1
5739 0
5740 2
5741 2
5742 0
5743 2
5744 1
5745 0
5746 0
5747 0
5748 4
5749 0
5750 5
5751 0
5752 1
5753 1
5754 1
5755 0
5756 3
5757 0
5758 3
5759 1
5760 1
5761 2
5762 0
5763 1
5764 1
5765 0
5766 0
5767 0
5768 1
5769 0
5770 1
5771 1
5772 1
5773 1
5774 0
5775 0
5776 3
5777 0
5778 0
5779 1
5780 2
5781 3
5782 0
5783 1
5784 1
5785 0
5786 2
5787 2
5788 3
5789 0
5790 3
5791 2
5792 0
5793 1
5794 2
5795 0
5796 0
5797 2
5798 4
5799 1
5800 3
5801 1
5802 3
5803 1
5804 0
5805 1
5806 2
5807 2
5808 2
5809 1
5810 0
5811 1
5812 0
5813 2
5814 0
5815 1
5816 2
5817 1
5818 1
5819 2
5820 1
5821 0
5822 0
5823 1
5824 0
5825 2
5826 3
5827 1
5828 2
5829 1
5830 2
5831 3
5832 0
5833 1
5834 3
5835 1
5836 4
5837 2
5838 1
5839 1
5840 1
5841 3
5842 0
5843 2
5844 0
5845 0
5846 0
5847 1
5848 3
5849 2
5850 0
5851 0
5852 1
5853 1
5854 1
5855 1
5856 3
5857 0
5858 1
5859 2
5860 0
5861 2
5862 2
5863 1
5864 4
5865 0
5866 0
5867 3
5868 1
5869 1
5870 3
5871 1
5872 2
5873 0
5874 1
5875 3
5876 0
5877 1
5878 1
5879 0
5880 0
5881 3
5882 3
5883 1
5884 1
5885 3
5886 2
5887 0
5888 2
5889 1
5890 1
5891 3
5892 0
5893 0
5894 3
5895 1
5896 1
5897 1
5898 0
5899 1
5900 0
5901 0
5902 2
5903 2
5904 3
5905 1
5906 1
5907 1
5908 0
5909 0
5910 1
5911 1
5912 2
5913 0
5914 0
5915 0
5916 1
5917 1
5918 1
5919 0
5920 0
5921 3
5922 2
5923 1
5924 1
5925 3
5926 1
5927 0
5928 2
5929 1
5930 1
5931 3
5932 0
5933 5
5934 3
5935 0
5936 2
5937 0
5938 1
5939 0
5940 0
5941 1
5942 1
5943 1
5944 0
5945 1
5946 1
5947 0
5948 0
5949 0
5950 1
5951 2
5952 2
5953 1
5954 1
5955 2
5956 0
5957 1
5958 2
5959 3
5960 0
5961 2
5962 1
5963 2
5964 1
5965 1
5966 0
5967 1
5968 2
5969 1
5970 2
5971 0
5972 1
5973 1
5974 0
5975 0
5976 2
5977 0
5978 2
5979 2
5980 2
5981 1
5982 1
5983 2
5984 0
5985 1
5986 1
5987 0
5988 2
5989 0
5990 2
5991 0
5992 1
5993 1
5994 0
5995 1
5996 1
5997 1
5998 2
5999 1
6000 1
6001 0
6002 1
6003 0
6004 0
6005 2
6006 2
6007 1
6008 1
6009 0
6010 2
6011 0
6012 1
6013 0
6014 0
6015 1
6016 0
6017 1
6018 1
6019 0
6020 2
6021 2
6022 2
6023 0
6024 1
6025 3
6026 0
6027 0
6028 1
6029 2
6030 1
6031 1
6032 1
6033 0
6034 1
6035 1
6036 2
6037 3
6038 1
6039 3
6040 0
6041 1
6042 1
6043 1
6044 0
6045 1
6046 1
6047 2
6048 0
6049 2
6050 2
6051 2
6052 1
6053 1
6054 0
6055 1
6056 0
6057 1
6058 0
6059 1
6060 1
6061 0
6062 2
6063 1
6064 0
6065 1
6066 0
6067 1
6068 1
6069 0
6070 0
6071 0
6072 0
6073 0
6074 1
6075 0
6076 1
6077 1
6078 1
6079 0
6080 1
6081 0
6082 2
6083 2
6084 1
6085 0
6086 0
6087 0
6088 0
6089 0
6090 2
6091 0
6092 1
6093 1
6094 1
6095 1
6096 2
6097 3
6098 2
6099 2
6100 0
6101 1
6102 3
6103 0
6104 2
6105 0
6106 0
6107 1
6108 0
6109 1
6110 0
6111 1
6112 1
6113 1
6114 1
6115 1
6116 1
6117 1
6118 2
6119 1
6120 0
6121 1
6122 2
6123 2
6124 0
6125 4
6126 2
6127 2
6128 0
6129 2
6130 1
6131 0
6132 1
6133 3
6134 1
6135 1
6136 0
6137 0
6138 0
6139 0
6140 2
6141 0
6142 3
6143 2
6144 0
6145 1
6146 0
6147 0
6148 1
6149 1
6150 1
6151 2
6152 2
6153 1
6154 1
6155 0
6156 1
6157 1
6158 1
6159 0
6160 1
6161 1
6162 0
6163 1
6164 1
6165 0
6166 1
6167 0
6168 0
6169 3
6170 2
6171 0
6172 0
6173 2
6174 1
6175 1
6176 2
6177 3
6178 2
6179 0
6180 1
6181 1
6182 0
6183 0
6184 1
6185 1
6186 3
6187 1
6188 2
6189 1
6190 0
6191 2
6192 5
6193 0
6194 1
6195 0
6196 1
6197 3
6198 1
6199 2
6200 2
6201 3
6202 4
6203 0
6204 2
6205 0
6206 1
6207 2
6208 0
6209 1
6210 1
6211 0
6212 0
6213 1
6214 3
6215 1
6216 1
6217 0
6218 0
6219 5
6220 1
6221 0
6222 3
6223 0
6224 1
6225 1
6226 5
6227 1
6228 2
6229 1
6230 0
6231 1
6232 1
6233 1
6234 3
6235 1
6236 0
6237 2
6238 0
6239 3
6240 1
6241 1
6242 5
6243 2
6244 0
6245 3
6246 0
6247 2
6248 2
6249 1
6250 2
6251 0
6252 2
6253 2
6254 0
6255 0
6256 2
6257 0
6258 3
6259 1
6260 0
6261 0
6262 1
6263 0
6264 1
6265 1
6266 1
6267 1
6268 1
6269 3
6270 0
6271 2
6272 1
6273 1
6274 0
6275 3
6276 0
6277 2
6278 3
6279 0
6280 0
6281 1
6282 2
6283 0
6284 1
6285 2
6286 0
6287 0
6288 1
6289 0
6290 2
6291 2
6292 1
6293 1
6294 2
6295 1
6296 0
6297 0
6298 1
6299 1
6300 1
6301 1
6302 0
6303 1
6304 0
6305 0
6306 1
6307 1
6308 1
6309 2
6310 3
6311 0
6312 0
6313 2
6314 0
6315 1
6316 0
6317 1
6318 0
6319 1
6320 1
6321 2
6322 0
6323 1
6324 0
6325 0
6326 1
6327 2
6328 1
6329 2
6330 1
6331 3
6332 4
6333 1
6334 2
6335 1
6336 0
6337 1
6338 3
6339 2
6340 1
6341 0
6342 0
6343 0
6344 1
6345 0
6346 1
6347 2
6348 1
6349 1
6350 2
6351 0
6352 2
6353 1
6354 0
6355 2
6356 3
6357 2
6358 0
6359 2
6360 1
6361 2
6362 2
6363 0
6364 3
6365 0
6366 2
6367 2
6368 1
6369 1
6370 0
6371 1
6372 0
6373 2
6374 0
6375 0
6376 0
6377 0
6378 3
6379 0
6380 2
6381 3
6382 1
6383 2
6384 1
6385 1
6386 1
6387 0
6388 0
6389 0
6390 0
6391 1
6392 1
6393 1
6394 2
6395 0
6396 1
6397 0
6398 0
6399 1
6400 2
6401 0
6402 0
6403 0
6404 2
6405 1
6406 1
6407 0
6408 1
6409 2
6410 0
6411 2
6412 2
6413 0
6414 2
6415 3
6416 0
6417 0
6418 1
6419 1
6420 0
6421 2
6422 1
6423 3
6424 0
6425 0
6426 3
6427 1
6428 2
6429 1
6430 0
6431 4
6432 1
6433 0
6434 1
6435 0
6436 0
6437 0
6438 0
6439 0
6440 0
6441 2
6442 1
6443 0
6444 0
6445 1
6446 3
6447 1
6448 2
6449 2
6450 0
6451 0
6452 0
6453 2
6454 0
6455 2
6456 1
6457 1
6458 0
6459 2
6460 2
6461 3
6462 2
6463 0
6464 4
6465 1
6466 1
6467 1
6468 2
6469 1
6470 1
6471 1
6472 0
6473 1
6474 3
6475 4
6476 0
6477 1
6478 1
6479 0
6480 0
6481 3
6482 1
6483 0
6484 0
6485 1
6486 4
6487 2
6488 1
6489 1
6490 0
6491 0
6492 3
6493 0
6494 1
6495 1
6496 2
6497 3
6498 1
6499 2
6500 0
6501 3
6502 0
6503 1
6504 0
6505 0
6506 1
6507 1
6508 2
6509 0
6510 2
6511 3
6512 1
6513 2
6514 3
6515 0
6516 3
6517 3
6518 1
6519 1
6520 2
6521 1
6522 5
6523 0
6524 1
6525 1
6526 3
6527 2
6528 3
6529 3
6530 2
6531 0
6532 1
6533 2
6534 1
6535 1
6536 0
6537 3
6538 4
6539 0
6540 1
6541 0
6542 0
6543 2
6544 2
6545 0
6546 3
6547 0
6548 1
6549 1
6550 0
6551 1
6552 1
6553 2
6554 1
6555 0
6556 2
6557 0
6558 3
6559 0
6560 1
6561 1
6562 1
6563 0
6564 1
6565 0
6566 0
6567 0
6568 3
6569 3
6570 0
6571 2
6572 2
6573 2
6574 3
6575 0
6576 0
6577 0
6578 0
6579 1
6580 1
6581 3
6582 2
6583 2
6584 1
6585 1
6586 2
6587 0
6588 2
6589 1
6590 2
6591 0
6592 1
6593 1
6594 2
6595 1
6596 0
6597 1
6598 0
6599 2
6600 1
6601 1
6602 1
6603 0
6604 1
6605 0
6606 0
6607 3
6608 1
6609 1
6610 0
6611 2
6612 2
6613 0
6614 0
6615 1
6616 0
6617 0
6618 1
6619 2
6620 1
6621 1
6622 1
6623 1
6624 1
6625 2
6626 1
6627 1
6628 0
6629 2
6630 1
6631 1
6632 1
6633 0
6634 1
6635 2
6636 0
6637 1
6638 1
6639 2
6640 1
6641 2
6642 1
6643 2
6644 2
6645 1
6646 1
6647 1
6648 2
6649 2
6650 0
6651 1
6652 1
6653 0
6654 0
6655 2
6656 1
6657 0
6658 3
6659 0
6660 0
6661 1
6662 0
6663 1
6664 1
6665 1
6666 0
6667 0
6668 2
6669 1
6670 0
6671 1
6672 0
6673 1
6674 1
6675 1
6676 0
6677 1
6678 1
6679 1
6680 1
6681 1
6682 1
6683 1
6684 2
6685 1
6686 3
6687 1
6688 1
6689 2
6690 2
6691 4
6692 0
6693 1
6694 0
6695 1
6696 2
6697 2
6698 2
6699 3
6700 1
6701 1
6702 4
6703 0
6704 3
6705 0
6706 0
6707 2
6708 1
6709 0
6710 1
6711 0
6712 2
6713 0
6714 0
6715 0
6716 1
6717 0
6718 0
6719 3
6720 1
6721 0
6722 1
6723 1
6724 1
6725 0
6726 2
6727 1
6728 2
6729 2
6730 2
6731 3
6732 1
6733 0
6734 1
6735 1
6736 2
6737 2
6738 1
6739 1
6740 1
6741 2
6742 1
6743 3
6744 2
6745 0
6746 1
6747 1
6748 0
6749 2
6750 0
6751 1
6752 2
6753 4
6754 1
6755 2
6756 1
6757 1
6758 0
6759 1
6760 3
6761 5
6762 1
6763 0
6764 1
6765 1
6766 1
6767 2
6768 0
6769 2
6770 2
6771 3
6772 2
6773 0
6774 1
6775 0
6776 3
6777 1
6778 1
6779 1
6780 3
6781 1
6782 0
6783 2
6784 2
6785 2
6786 2
6787 1
6788 1
6789 1
6790 1
6791 0
6792 2
6793 1
6794 4
6795 1
6796 1
6797 2
6798 0
6799 0
6800 0
6801 0
6802 0
6803 2
6804 2
6805 0
6806 0
6807 1
6808 0
6809 1
6810 0
6811 1
6812 1
6813 0
6814 1
6815 0
6816 0
6817 2
6818 0
6819 2
6820 2
6821 0
6822 0
6823 0
6824 1
6825 2
6826 3
6827 1
6828 1
6829 2
6830 0
6831 2
6832 0
6833 1
6834 0
6835 1
6836 1
6837 2
6838 0
6839 0
6840 1
6841 0
6842 1
6843 1
6844 0
6845 0
6846 0
6847 0
6848 1
6849 0
6850 2
6851 2
6852 0
6853 1
6854 4
6855 0
6856 2
6857 1
6858 1
6859 1
6860 3
6861 1
6862 3
6863 1
6864 2
6865 2
6866 0
6867 3
6868 2
6869 0
6870 1
6871 2
6872 0
6873 1
6874 1
6875 0
6876 1
6877 0
6878 1
6879 2
6880 1
6881 0
6882 1
6883 0
6884 1
6885 0
6886 0
6887 1
6888 0
6889 2
6890 0
6891 0
6892 0
6893 0
6894 0
6895 1
6896 1
6897 0
6898 0
6899 1
6900 0
6901 1
6902 0
6903 5
6904 3
6905 0
6906 1
6907 2
6908 0
6909 0
6910 0
6911 1
6912 1
6913 0
6914 1
6915 2
6916 4
6917 0
6918 1
6919 2
6920 1
6921 0
6922 2
6923 0
6924 3
6925 2
6926 0
6927 0
6928 2
6929 0
6930 2
6931 5
6932 0
6933 1
6934 1
6935 1
6936 1
6937 0
6938 1
6939 2
6940 0
6941 3
6942 1
6943 0
6944 0
6945 0
6946 1
6947 1
6948 0
6949 2
6950 0
6951 1
6952 0
6953 0
6954 1
6955 2
6956 2
6957 4
6958 1
6959 1
6960 2
6961 1
6962 2
6963 2
6964 1
6965 1
6966 0
6967 1
6968 0
6969 0
6970 0
6971 0
6972 2
6973 0
6974 0
6975 1
6976 1
6977 1
6978 0
6979 1
6980 1
6981 1
6982 3
6983 0
6984 0
6985 0
6986 0
6987 2
6988 2
6989 0
6990 0
6991 0
6992 2
6993 2
6994 0
6995 0
6996 1
6997 1
6998 2
6999 0
7000 1
7001 0
7002 1
7003 2
7004 1
7005 1
7006 1
7007 1
7008 1
7009 3
7010 2
7011 1
7012 1
7013 1
7014 1
7015 0
7016 0
7017 1
7018 1
7019 2
7020 1
7021 1
7022 1
7023 0
7024 0
7025 1
7026 1
7027 0
7028 2
7029 0
7030 1
7031 1
7032 0
7033 1
7034 0
7035 0
7036 2
7037 1
7038 1
7039 0
7040 1
7041 0
7042 0
7043 3
7044 0
7045 2
7046 0
7047 0
7048 2
7049 0
7050 0
7051 1
7052 0
7053 1
7054 2
7055 0
7056 0
7057 1
7058 2
7059 2
7060 0
7061 1
7062 1
7063 3
7064 0
7065 2
7066 0
7067 0
7068 0
7069 2
7070 0
7071 4
7072 4
7073 2
7074 1
7075 1
7076 2
7077 1
7078 0
7079 1
7080 0
7081 0
7082 1
7083 1
7084 0
7085 1
7086 0
7087 0
7088 0
7089 0
7090 0
7091 1
7092 1
7093 0
7094 0
7095 1
7096 0
7097 2
7098 0
7099 2
7100 2
7101 1
7102 2
7103 1
7104 2
7105 1
7106 0
7107 0
7108 0
7109 2
7110 1
7111 1
7112 1
7113 2
7114 0
7115 0
7116 1
7117 1
7118 1
7119 1
7120 2
7121 1
7122 0
7123 2
7124 1
7125 3
7126 1
7127 0
7128 1
7129 0
7130 2
7131 1
7132 3
7133 0
7134 0
7135 1
7136 0
7137 1
7138 1
7139 0
7140 1
7141 0
7142 3
7143 2
7144 1
7145 3
7146 0
7147 3
7148 1
7149 1
7150 4
7151 1
7152 2
7153 0
7154 0
7155 1
7156 0
7157 2
7158 0
7159 0
7160 3
7161 0
7162 3
7163 0
7164 2
7165 2
7166 0
7167 3
7168 1
7169 1
7170 0
7171 1
7172 2
7173 1
7174 2
7175 0
7176 4
7177 1
7178 2
7179 2
7180 1
7181 0
7182 0
7183 1
7184 0
7185 0
7186 1
7187 1
7188 1
7189 0
7190 1
7191 1
7192 0
7193 2
7194 0
7195 0
7196 3
7197 0
7198 1
7199 2
7200 0
7201 0
7202 1
7203 0
7204 0
7205 1
7206 0
7207 3
7208 0
7209 2
7210 1
7211 1
7212 1
7213 1
7214 1
7215 0
7216 0
7217 2
7218 2
7219 0
7220 1
7221 2
7222 1
7223 1
7224 0
7225 0
7226 1
7227 1
7228 1
7229 1
7230 2
7231 1
7232 1
7233 0
7234 0
7235 0
7236 0
7237 0
7238 2
7239 3
7240 0
7241 1
7242 1
7243 2
7244 0
7245 0
7246 1
7247 1
7248 1
7249 1
7250 1
7251 0
7252 0
7253 0
7254 1
7255 1
7256 6
7257 0
7258 0
7259 0
7260 0
7261 2
7262 1
7263 1
7264 0
7265 1
7266 0
7267 0
7268 1
7269 1
7270 1
7271 1
7272 0
7273 0
7274 4
7275 1
7276 3
7277 5
7278 0
7279 0
7280 1
7281 5
7282 0
7283 0
7284 0
7285 0
7286 2
7287 0
7288 0
7289 1
7290 0
7291 0
7292 2
7293 2
7294 1
7295 3
7296 0
7297 4
7298 4
7299 1
7300 1
7301 0
7302 1
7303 0
7304 1
7305 2
7306 3
7307 1
7308 2
7309 0
7310 1
7311 0
7312 0
7313 1
7314 1
7315 1
7316 2
7317 2
7318 3
7319 1
7320 0
7321 0
7322 2
7323 3
7324 1
7325 1
7326 2
7327 2
7328 1
7329 0
7330 1
7331 0
7332 3
7333 0
7334 2
7335 2
7336 1
7337 0
7338 0
7339 2
7340 1
7341 1
7342 1
7343 1
7344 0
7345 4
7346 0
7347 0
7348 2
7349 0
7350 2
7351 0
7352 0
7353 0
7354 2
7355 0
7356 2
7357 2
7358 2
7359 3
7360 1
7361 1
7362 1
7363 0
7364 2
7365 0
7366 1
7367 2
7368 4
7369 3
7370 1
7371 3
7372 1
7373 1
7374 1
7375 0
7376 2
7377 1
7378 1
7379 4
7380 4
7381 1
7382 1
7383 0
7384 1
7385 1
7386 2
7387 0
7388 4
7389 1
7390 1
7391 2
7392 2
7393 1
7394 1
7395 2
7396 2
7397 4
7398 0
7399 2
7400 2
7401 2
7402 4
7403 1
7404 1
7405 0
7406 3
7407 1
7408 1
7409 2
7410 2
7411 3
7412 2
7413 1
7414 0
7415 1
7416 0
7417 0
7418 1
7419 1
7420 0
7421 0
7422 2
7423 2
7424 3
7425 0
7426 0
7427 1
7428 3
7429 2
7430 1
7431 2
7432 2
7433 1
7434 1
7435 2
7436 1
7437 2
7438 2
7439 0
7440 0
7441 0
7442 1
7443 1
7444 1
7445 0
7446 1
7447 0
7448 0
7449 3
7450 0
7451 0
7452 2
7453 3
7454 0
7455 0
7456 2
7457 1
7458 1
7459 3
7460 2
7461 1
7462 0
7463 0
7464 2
7465 0
7466 1
7467 4
7468 3
7469 1
7470 1
7471 4
7472 0
7473 3
7474 0
7475 0
7476 0
7477 0
7478 0
7479 1
7480 0
7481 1
7482 0
7483 2
7484 2
7485 1
7486 1
7487 2
7488 0
7489 0
7490 3
7491 0
7492 1
7493 2
7494 0
7495 0
7496 1
7497 0
7498 1
7499 0
7500 2
7501 0
7502 2
7503 1
7504 1
7505 0
7506 2
7507 0
7508 3
7509 1
7510 1
7511 1
7512 1
7513 2
7514 0
7515 1
7516 0
7517 0
7518 1
7519 1
7520 1
7521 2
7522 0
7523 1
7524 1
7525 1
7526 0
7527 0
7528 3
7529 1
7530 0
7531 1
7532 4
7533 4
7534 1
7535 0
7536 2
7537 3
7538 1
7539 3
7540 1
7541 0
7542 1
7543 1
7544 0
7545 2
7546 0
7547 0
7548 2
7549 0
7550 0
7551 0
7552 0
7553 2
7554 0
7555 0
7556 2
7557 0
7558 3
7559 1
7560 0
7561 1
7562 0
7563 1
7564 2
7565 2
7566 0
7567 2
7568 0
7569 1
7570 1
7571 0
7572 0
7573 1
7574 2
7575 1
7576 0
7577 0
7578 2
7579 2
7580 3
7581 2
7582 0
7583 1
7584 2
7585 1
7586 0
7587 0
7588 0
7589 0
7590 0
7591 1
7592 0
7593 1
7594 1
7595 2
7596 0
7597 1
7598 0
7599 1
7600 1
7601 3
7602 0
7603 0
7604 0
7605 2
7606 0
7607 2
7608 1
7609 1
7610 0
7611 2
7612 3
7613 2
7614 0
7615 2
7616 4
7617 3
7618 2
7619 1
7620 0
7621 5
7622 1
7623 1
7624 1
7625 2
7626 0
7627 1
7628 2
7629 0
7630 0
7631 1
7632 0
7633 3
7634 0
7635 1
7636 1
7637 1
7638 2
7639 1
7640 0
7641 2
7642 1
7643 2
7644 0
7645 0
7646 1
7647 0
7648 1
7649 1
7650 1
7651 1
7652 2
7653 0
7654 0
7655 1
7656 0
7657 0
7658 1
7659 2
7660 1
7661 0
7662 2
7663 0
7664 1
7665 0
7666 3
7667 0
7668 3
7669 1
7670 2
7671 1
7672 0
7673 0
7674 0
7675 2
7676 1
7677 1
7678 0
7679 1
7680 2
7681 1
7682 1
7683 1
7684 2
7685 0
7686 2
7687 2
7688 0
7689 0
7690 0
7691 1
7692 0
7693 0
7694 0
7695 2
7696 1
7697 0
7698 1
7699 1
7700 0
7701 1
7702 2
7703 0
7704 1
7705 0
7706 1
7707 0
7708 1
7709 0
7710 2
7711 2
7712 1
7713 2
7714 0
7715 3
7716 2
7717 2
7718 0
7719 1
7720 0
7721 1
7722 2
7723 1
7724 2
7725 0
7726 1
7727 1
7728 1
7729 2
7730 1
7731 0
7732 2
7733 0
7734 0
7735 0
7736 0
7737 1
7738 1
7739 0
7740 0
7741 1
7742 1
7743 1
7744 1
7745 1
7746 3
7747 0
7748 0
7749 2
7750 0
7751 0
7752 0
7753 2
7754 3
7755 1
7756 0
7757 2
7758 0
7759 0
7760 3
7761 0
7762 1
7763 1
7764 1
7765 0
7766 0
7767 1
7768 2
7769 0
7770 2
7771 0
7772 0
7773 1
7774 1
7775 1
7776 0
7777 0
7778 0
7779 1
7780 1
7781 0
7782 1
7783 1
7784 1
7785 2
7786 0
7787 0
7788 5
7789 2
7790 3
7791 4
7792 1
7793 0
7794 1
7795 0
7796 1
7797 2
7798 2
7799 1
7800 0
7801 2
7802 1
7803 2
7804 1
7805 1
7806 0
7807 0
7808 2
7809 0
7810 2
7811 0
7812 0
7813 0
7814 0
7815 1
7816 2
7817 2
7818 0
7819 2
7820 0
7821 1
7822 1
7823 0
7824 2
7825 1
7826 1
7827 2
7828 0
7829 2
7830 0
7831 1
7832 0
7833 1
7834 0
7835 1
7836 1
7837 0
7838 1
7839 1
7840 0
7841 0
7842 1
7843 0
7844 1
7845 1
7846 1
7847 0
7848 3
7849 0
7850 1
7851 1
7852 0
7853 1
7854 0
7855 1
7856 2
7857 2
7858 0
7859 1
7860 1
7861 1
7862 3
7863 0
7864 0
7865 1
7866 0
7867 1
7868 0
7869 0
7870 0
7871 0
7872 2
7873 0
7874 3
7875 0
7876 0
7877 0
7878 2
7879 1
7880 0
7881 0
7882 1
7883 1
7884 0
7885 1
7886 1
7887 1
7888 0
7889 2
7890 1
7891 0
7892 0
7893 2
7894 0
7895 1
7896 2
7897 0
7898 1
7899 0
7900 2
7901 0
7902 0
7903 1
7904 1
7905 2
7906 1
7907 2
7908 1
7909 1
7910 1
7911 1
7912 0
7913 2
7914 0
7915 0
7916 1
7917 2
7918 1
7919 0
7920 0
7921 0
7922 2
7923 4
7924 2
7925 1
7926 3
7927 0
7928 0
7929 2
7930 0
7931 1
7932 0
7933 1
7934 0
7935 0
7936 0
7937 1
7938 1
7939 2
7940 2
7941 0
7942 0
7943 0
7944 1
7945 0
7946 0
7947 1
7948 1
7949 2
7950 1
7951 2
7952 1
7953 0
7954 2
7955 0
7956 0
7957 1
7958 1
7959 0
7960 0
7961 1
7962 0
7963 1
7964 1
7965 0
7966 2
7967 0
7968 1
7969 1
7970 2
7971 1
7972 0
7973 2
7974 1
7975 0
7976 0
7977 0
7978 1
7979 0
7980 0
7981 1
7982 1
7983 0
7984 0
7985 2
7986 1
7987 3
7988 1
7989 3
7990 2
7991 1
7992 3
7993 1
7994 1
7995 1
7996 0
7997 1
7998 1
7999 1
8000 1
8001 1
8002 0
8003 2
8004 0
8005 0
8006 1
8007 1
8008 0
8009 1
8010 0
8011 1
8012 2
8013 0
8014 0
8015 2
8016 0
8017 0
8018 1
8019 0
8020 0
8021 0
8022 0
8023 1
8024 1
8025 2
8026 2
8027 0
8028 0
8029 0
8030 0
8031 1
8032 2
8033 0
8034 3
8035 1
8036 0
8037 2
8038 5
8039 0
8040 1
8041 0
8042 0
8043 1
8044 2
8045 2
8046 0
8047 0
8048 0
8049 0
8050 1
8051 0
8052 1
8053 1
8054 2
8055 0
8056 1
8057 1
8058 0
8059 1
8060 1
8061 1
8062 1
8063 0
8064 1
8065 0
8066 2
8067 1
8068 0
8069 1
8070 2
8071 0
8072 2
8073 1
8074 1
8075 1
8076 0
8077 0
8078 2
8079 0
8080 1
8081 0
8082 0
8083 0
8084 1
8085 3
8086 1
8087 0
8088 1
8089 0
8090 0
8091 2
8092 0
8093 1
8094 1
8095 1
8096 1
8097 1
8098 1
8099 0
8100 1
8101 1
8102 0
8103 1
8104 0
8105 0
8106 0
8107 5
8108 0
8109 1
8110 0
8111 3
8112 0
8113 0
8114 0
8115 0
8116 1
8117 2
8118 0
8119 1
8120 1
8121 0
8122 0
8123 3
8124 1
8125 0
8126 0
8127 0
8128 0
8129 1
8130 2
8131 3
8132 2
8133 1
8134 1
8135 0
8136 1
8137 0
8138 3
8139 0
8140 0
8141 0
8142 0
8143 0
8144 2
8145 2
8146 1
8147 0
8148 1
8149 1
8150 0
8151 0
8152 0
8153 1
8154 0
8155 0
8156 1
8157 0
8158 1
8159 2
8160 0
8161 2
8162 2
8163 1
8164 0
8165 2
8166 0
8167 2
8168 3
8169 2
8170 1
8171 2
8172 3
8173 0
8174 1
8175 2
8176 1
8177 0
8178 0
8179 0
8180 0
8181 1
8182 1
8183 1
8184 1
8185 1
8186 2
8187 3
8188 0
8189 2
8190 0
8191 1
8192 0
8193 0
8194 1
8195 0
8196 1
8197 0
8198 1
8199 1
8200 0
8201 0
8202 1
8203 0
8204 0
8205 2
8206 0
8207 1
8208 1
8209 0
8210 0
8211 0
8212 1
8213 1
8214 0
8215 0
8216 0
8217 3
8218 0
8219 2
8220 0
8221 2
8222 3
8223 3
8224 2
8225 0
8226 0
8227 1
8228 2
8229 1
8230 0
8231 1
8232 0
8233 1
8234 1
8235 0
8236 1
8237 2
8238 0
8239 1
8240 1
8241 0
8242 2
8243 1
8244 1
8245 2
8246 2
8247 2
8248 2
8249 0
8250 0
8251 1
8252 1
8253 0
8254 2
8255 0
8256 1
8257 0
8258 1
8259 2
8260 1
8261 1
8262 0
8263 1
8264 1
8265 1
8266 0
8267 2
8268 1
8269 1
8270 1
8271 0
8272 2
8273 1
8274 2
8275 0
8276 0
8277 3
8278 0
8279 0
8280 0
8281 0
8282 1
8283 0
8284 0
8285 0
8286 0
8287 1
8288 0
8289 2
8290 1
8291 1
8292 0
8293 1
8294 3
8295 0
8296 3
8297 3
8298 1
8299 0
8300 2
8301 1
8302 2
8303 0
8304 3
8305 1
8306 0
8307 2
8308 1
8309 1
8310 0
8311 0
8312 0
8313 0
8314 0
8315 0
8316 0
8317 1
8318 1
8319 0
8320 0
8321 0
8322 2
8323 1
8324 2
8325 0
8326 0
8327 0
8328 0
8329 1
8330 1
8331 0
8332 1
8333 0
8334 0
8335 2
8336 0
8337 0
8338 0
8339 2
8340 0
8341 0
8342 0
8343 1
8344 0
8345 1
8346 3
8347 0
8348 0
8349 0
8350 1
8351 0
8352 1
8353 2
8354 3
8355 0
8356 0
8357 1
8358 1
8359 0
8360 0
8361 0
8362 0
8363 0
8364 0
8365 0
8366 1
8367 0
8368 0
8369 0
8370 1
8371 0
8372 1
8373 0
8374 0
8375 0
8376 0
8377 0
8378 1
8379 0
8380 0
8381 0
8382 0
8383 0
8384 2
8385 0
8386 3
8387 2
8388 1
8389 0
8390 0
8391 0
8392 0
8393 0
8394 0
8395 0
8396 1
8397 4
8398 1
8399 1
8400 0
8401 0
8402 0
8403 0
8404 0
8405 1
8406 0
8407 2
8408 0
8409 1
8410 0
8411 1
8412 0
8413 0
8414 0
8415 0
8416 0
8417 0
8418 0
8419 1
8420 1
8421 1
8422 3
8423 1
8424 0
8425 1
8426 2
8427 0
8428 0
8429 0
8430 0
8431 0
8432 0
8433 1
8434 1
8435 0
8436 0
8437 0
8438 0
8439 1
8440 1
8441 1
8442 1
8443 0
8444 1
8445 0
8446 0
8447 1
8448 1
8449 0
8450 2
8451 0
8452 0
8453 1
8454 0
8455 1
8456 1
8457 1
8458 0
8459 0
8460 2
8461 0
8462 0
8463 1
8464 0
8465 0
8466 0
8467 2
8468 1
8469 1
8470 0
8471 1
8472 1
8473 1
8474 0
8475 0
8476 1
8477 0
8478 0
8479 0
8480 0
8481 2
8482 1
8483 2
8484 0
8485 1
8486 1
8487 0
8488 1
8489 0
8490 0
8491 1
8492 0
8493 1
8494 0
8495 1
8496 1
8497 0
8498 2
8499 0
8500 1
8501 1
8502 1
8503 1
8504 1
8505 3
8506 0
8507 1
8508 0
8509 2
8510 0
8511 0
8512 1
8513 1
8514 3
8515 0
8516 1
8517 1
8518 2
8519 1
8520 1
8521 3
8522 1
8523 0
8524 0
8525 0
8526 1
8527 0
8528 3
8529 1
8530 1
8531 1
8532 0
8533 0
8534 0
8535 0
8536 0
8537 1
8538 0
8539 0
8540 0
8541 0
8542 1
8543 0
8544 1
8545 0
8546 0
8547 0
8548 1
8549 0
8550 0
8551 0
8552 2
8553 0
8554 1
8555 0
8556 0
8557 0
8558 0
8559 0
8560 0
8561 1
8562 1
8563 1
8564 1
8565 0
8566 1
8567 0
8568 1
8569 1
8570 0
8571 1
8572 1
8573 0
8574 0
8575 0
8576 1
8577 0
8578 1
8579 0
8580 0
8581 1
8582 1
8583 0
8584 0
8585 0
8586 1
8587 0
8588 0
8589 2
8590 1
8591 0
8592 1
8593 0
8594 0
8595 0
8596 0
8597 0
8598 0
8599 1
8600 0
8601 1
8602 1
8603 0
8604 2
8605 0
8606 1
8607 0
8608 0
8609 0
8610 1
8611 1
8612 1
8613 1
8614 0
8615 0
8616 0
8617 0
8618 0
8619 0
8620 0
8621 0
8622 0
8623 1
8624 0
8625 0
8626 1
8627 0
8628 0
8629 1
8630 0
8631 1
8632 0
8633 1
8634 0
8635 1
8636 0
8637 0
8638 0
8639 0
8640 0
8641 0
8642 0
8643 1
8644 0
8645 0
8646 1
8647 0
8648 0
8649 1
8650 1
8651 0
8652 0
8653 1
8654 0
8655 0
8656 1
8657 0
8658 1
8659 0
8660 0
8661 0
8662 1
8663 0
8664 0
8665 0
8666 2
8667 0
8668 0
8669 0
8670 0
8671 0
8672 0
8673 0
8674 0
8675 1
8676 0
8677 2
8678 0
8679 0
8680 1
8681 0
8682 1
8683 0
8684 0
8685 2
8686 0
8687 1
8688 0
8689 0
8690 0
8691 1
8692 0
8693 0
8694 0
8695 1
8696 1
8697 0
8698 0
8699 1
8700 1
8701 0
8702 2
8703 1
8704 1
8705 1
8706 2
8707 0
8708 1
8709 0
8710 0
8711 1
8712 0
8713 0
8714 0
8715 0
8716 0
8717 1
8718 1
8719 0
8720 1
8721 1
8722 0
8723 0
8724 0
8725 1
8726 0
8727 0
8728 0
8729 0
8730 0
8731 1
8732 0
8733 0
8734 0
8735 1
8736 1
8737 1
8738 0
8739 2
8740 0
8741 0
8742 0
8743 0
8744 0
8745 1
8746 0
8747 0
8748 1
8749 0
8750 0
8751 0
8752 0
8753 1
8754 1
8755 0
8756 1
8757 0
8758 0
8759 1
8760 0
8761 0
8762 0
8763 1
8764 1
8765 0
8766 0
8767 0
8768 0
8769 1
8770 0
8771 0
8772 0
8773 0
8774 0
8775 0
8776 1
8777 2
8778 0
8779 0
8780 2
8781 2
8782 0
8783 0
8784 2
8785 0
8786 0
8787 1
8788 0
8789 0
8790 0
8791 0
8792 1
8793 1
8794 0
8795 0
8796 0
8797 1
8798 2
8799 0
8800 1
8801 0
8802 0
8803 0
8804 0
8805 1
8806 0
8807 0
8808 0
8809 0
8810 0
8811 0
8812 2
8813 0
8814 0
8815 0
8816 0
8817 1
8818 2
8819 0
8820 0
8821 0
8822 0
8823 0
8824 0
8825 0
8826 0
8827 0
8828 0
8829 0
8830 0
8831 1
8832 0
8833 1
8834 1
8835 0
8836 0
8837 0
8838 1
8839 1
8840 0
8841 0
8842 1
8843 0
8844 0
8845 0
8846 0
8847 0
8848 1
8849 1
8850 0
8851 1
8852 2
8853 0
8854 0
8855 0
8856 1
8857 0
8858 0
8859 1
8860 0
8861 0
8862 0
8863 0
8864 0
8865 0
8866 0
8867 0
8868 1
8869 1
8870 0
8871 1
8872 1
8873 1
8874 1
8875 0
8876 0
8877 2
8878 2
8879 0
8880 1
8881 1
8882 0
8883 0
8884 2
8885 1
8886 0
8887 0
8888 0
8889 0
8890 0
8891 0
8892 0
8893 1
8894 0
8895 0
8896 1
8897 0
8898 0
8899 0
8900 1
8901 0
8902 3
8903 0
8904 0
8905 0
8906 0
8907 1
8908 0
8909 0
8910 1
8911 0
8912 0
8913 2
8914 1
8915 0
8916 1
8917 0
8918 1
8919 0
8920 2
8921 0
8922 1
8923 0
8924 0
8925 0
8926 1
8927 0
8928 0
8929 0
8930 0
8931 3
8932 1
8933 1
8934 0
8935 0
8936 0
8937 0
8938 0
8939 2
8940 0
8941 0
8942 0
8943 0
8944 0
8945 1
8946 0
8947 0
8948 0
8949 1
8950 0
8951 0
8952 0
8953 0
8954 1
8955 0
8956 0
8957 0
8958 2
8959 1
8960 0
8961 0
8962 0
8963 0
8964 0
8965 1
8966 0
8967 1
8968 0
8969 4
8970 0
8971 0
8972 1
8973 1
8974 0
8975 1
8976 0
8977 0
8978 0
8979 0
8980 0
8981 0
8982 1
8983 0
8984 0
8985 0
8986 2
8987 1
8988 0
8989 1
8990 0
8991 1
8992 0
8993 0
8994 1
8995 1
8996 0
8997 1
8998 0
8999 1
9000 0
9001 0
9002 1
9003 0
9004 0
9005 1
9006 0
9007 2
9008 0
9009 1
9010 0
9011 0
9012 0
9013 0
9014 1
9015 0
9016 0
9017 0
9018 0
9019 0
9020 3
9021 1
9022 2
9023 0
9024 0
9025 0
9026 0
9027 3
9028 0
9029 0
9030 0
9031 1
9032 1
9033 1
9034 0
9035 0
9036 0
9037 0
9038 1
9039 0
9040 0
9041 0
9042 1
9043 0
9044 0
9045 0
9046 0
9047 0
9048 1
9049 0
9050 1
9051 0
9052 0
9053 0
9054 0
9055 1
9056 0
9057 0
9058 1
9059 0
9060 0
9061 2
9062 0
9063 0
9064 0
9065 0
9066 1
9067 1
9068 1
9069 1
9070 0
9071 1
9072 0
9073 1
9074 1
9075 0
9076 0
9077 1
9078 0
9079 1
9080 1
9081 0
9082 0
9083 0
9084 0
9085 0
9086 0
9087 0
9088 0
9089 0
9090 0
9091 0
9092 0
9093 0
9094 0
9095 0
9096 1
9097 0
9098 0
9099 2
9100 0
9101 0
9102 0
9103 0
9104 0
9105 0
9106 1
9107 0
9108 1
9109 0
9110 0
9111 0
9112 0
9113 1
9114 0
9115 0
9116 1
9117 1
9118 0
9119 0
9120 1
9121 0
9122 0
9123 0
9124 0
9125 1
9126 0
9127 1
9128 1
9129 1
9130 0
9131 0
9132 1
9133 0
9134 1
9135 0
9136 1
9137 0
9138 0
9139 1
9140 1
9141 0
9142 1
9143 0
9144 0
9145 0
9146 0
9147 0
9148 0
9149 1
9150 0
9151 2
9152 0
9153 0
9154 0
9155 0
9156 0
9157 0
9158 0
9159 0
9160 0
9161 1
9162 1
9163 0
9164 1
9165 0
9166 0
9167 0
9168 0
9169 1
9170 0
9171 0
9172 0
9173 0
9174 0
9175 0
9176 0
9177 0
9178 1
9179 0
9180 1
9181 1
9182 1
9183 0
9184 0
9185 1
9186 0
9187 0
9188 0
9189 0
9190 2
9191 0
9192 0
9193 0
9194 1
9195 1
9196 0
9197 1
9198 2
9199 0
9200 0
9201 0
9202 2
9203 0
9204 0
9205 0
9206 1
9207 0
9208 0
9209 0
9210 0
9211 0
9212 0
9213 1
9214 0
9215 3
9216 0
9217 2
9218 2
9219 0
9220 1
9221 0
9222 1
9223 0
9224 0
9225 0
9226 0
9227 0
9228 0
9229 0
9230 1
9231 0
9232 0
9233 0
9234 0
9235 1
9236 0
9237 0
9238 0
9239 0
9240 0
9241 0
9242 0
9243 0
9244 1
9245 0
9246 0
9247 1
9248 0
9249 1
9250 1
9251 1
9252 1
9253 1
9254 0
9255 0
9256 0
9257 0
9258 1
9259 1
9260 0
9261 1
9262 2
9263 1
9264 0
9265 2
9266 0
9267 0
9268 0
9269 1
9270 0
9271 0
9272 1
9273 1
9274 1
9275 1
9276 0
9277 0
9278 0
9279 1
9280 0
9281 0
9282 0
9283 0
9284 2
9285 0
9286 0
9287 0
9288 0
9289 0
9290 0
9291 0
9292 0
9293 1
9294 0
9295 0
9296 0
9297 0
9298 0
9299 0
9300 0
9301 2
9302 0
9303 0
9304 0
9305 0
9306 1
9307 0
9308 1
9309 1
9310 0
9311 0
9312 1
9313 1
9314 1
9315 1
9316 0
9317 0
9318 1
9319 0
9320 1
9321 1
9322 3
9323 0
9324 2
9325 1
9326 0
9327 1
9328 2
9329 1
9330 0
9331 1
9332 0
9333 2
9334 0
9335 1
9336 0
9337 0
9338 0
9339 0
9340 0
9341 1
9342 0
9343 0
9344 1
9345 0
9346 0
9347 3
9348 0
9349 0
9350 0
9351 0
9352 1
9353 1
9354 0
9355 0
9356 0
9357 0
9358 0
9359 0
9360 0
9361 0
9362 1
9363 1
9364 0
9365 1
9366 0
9367 0
9368 0
9369 0
9370 0
9371 0
9372 0
9373 1
9374 3
9375 0
9376 0
9377 1
9378 2
9379 2
9380 0
9381 0
9382 0
9383 0
9384 1
9385 1
9386 0
9387 0
9388 0
9389 0
9390 0
9391 0
9392 0
9393 0
9394 2
9395 1
9396 0
9397 1
9398 1
9399 0
9400 0
9401 0
9402 2
9403 1
9404 1
9405 0
9406 0
9407 2
9408 1
9409 0
9410 0
9411 0
9412 1
9413 0
9414 1
9415 0
9416 1
9417 1
9418 1
9419 1
9420 1
9421 0
9422 0
9423 1
9424 1
9425 0
9426 1
9427 0
9428 1
9429 2
9430 0
9431 0
9432 1
9433 2
9434 2
9435 0
9436 0
9437 1
9438 1
9439 0
9440 1
9441 0
9442 0
9443 2
9444 0
9445 1
9446 0
9447 1
9448 0
9449 1
9450 0
9451 0
9452 1
9453 0
9454 0
9455 0
9456 1
9457 0
9458 1
9459 1
9460 4
9461 2
9462 0
9463 1
9464 0
9465 0
9466 2
9467 2
9468 0
9469 0
9470 1
9471 1
9472 1
9473 0
9474 1
9475 2
9476 1
9477 0
9478 0
9479 1
9480 0
9481 1
9482 0
9483 0
9484 1
9485 1
9486 2
9487 0
9488 0
9489 1
9490 2
9491 0
9492 3
9493 1
9494 2
9495 0
9496 0
9497 1
9498 1
9499 2
9500 1
9501 2
9502 2
9503 1
9504 2
9505 0
9506 3
9507 1
9508 0
9509 1
9510 2
9511 1
9512 0
9513 1
9514 1
9515 2
9516 1
9517 1
9518 2
9519 0
9520 0
9521 0
9522 1
9523 2
9524 1
9525 3
9526 1
9527 0
9528 1
9529 2
9530 0
9531 1
9532 0
9533 2
9534 2
9535 1
9536 0
9537 0
9538 0
9539 2
9540 0
9541 1
9542 1
9543 1
9544 0
9545 0
9546 0
9547 1
9548 2
9549 1
9550 0
9551 0
9552 1
9553 1
9554 2
9555 1
9556 1
9557 1
9558 0
9559 3
9560 1
9561 0
9562 2
9563 1
9564 1
9565 0
9566 0
9567 1
9568 0
9569 0
9570 0
9571 1
9572 1
9573 2
9574 1
9575 3
9576 2
9577 3
9578 0
9579 1
9580 0
9581 0
9582 0
9583 1
9584 0
9585 0
9586 0
9587 1
9588 0
9589 1
9590 2
9591 1
9592 1
9593 0
9594 1
9595 1
9596 0
9597 0
9598 1
9599 0
9600 1
9601 1
9602 0
9603 0
9604 1
9605 0
9606 1
9607 1
9608 0
9609 2
9610 1
9611 0
9612 0
9613 1
9614 0
9615 0
9616 1
9617 0
9618 0
9619 2
9620 0
9621 1
9622 0
9623 0
9624 0
9625 0
9626 1
9627 0
9628 1
9629 0
9630 0
9631 0
9632 0
9633 0
9634 1
9635 0
9636 0
9637 0
9638 1
9639 1
9640 0
9641 1
9642 0
9643 0
9644 0
9645 0
9646 0
9647 0
9648 0
9649 1
9650 1
9651 0
9652 0
9653 1
9654 0
9655 1
9656 0
9657 1
9658 0
9659 3
9660 0
9661 2
9662 3
9663 0
9664 0
9665 0
9666 0
9667 0
9668 0
9669 0
9670 0
9671 0
9672 0
9673 0
9674 0
9675 0
9676 0
9677 0
9678 1
9679 0
9680 0
9681 0
9682 1
9683 1
9684 0
9685 0
9686 1
9687 0
9688 0
9689 0
9690 0
9691 0
9692 0
9693 0
9694 0
9695 0
9696 0
9697 0
9698 0
9699 1
9700 1
9701 0
9702 0
9703 1
9704 1
9705 0
9706 1
9707 0
9708 0
9709 0
9710 1
9711 0
9712 1
9713 1
9714 2
9715 0
9716 0
9717 0
9718 1
9719 0
9720 0
9721 0
9722 1
9723 0
9724 1
9725 0
9726 1
9727 0
9728 3
9729 2
9730 0
9731 0
9732 0
9733 0
9734 0
9735 0
9736 0
9737 0
9738 0
9739 0
9740 1
9741 0
9742 0
9743 0
9744 0
9745 0
9746 0
9747 0
9748 1
9749 0
9750 2
9751 0
9752 0
9753 0
9754 0
9755 0
9756 1
9757 0
9758 0
9759 2
9760 0
9761 0
9762 0
9763 0
9764 3
9765 2
9766 0
9767 1
9768 0
9769 0
9770 0
9771 1
9772 0
9773 0
9774 1
9775 1
9776 0
9777 0
9778 0
9779 0
9780 0
9781 0
9782 1
9783 0
9784 0
9785 1
9786 0
9787 0
9788 0
9789 0
9790 1
9791 0
9792 0
9793 0
9794 0
9795 0
9796 1
9797 0
9798 0
9799 0
9800 0
9801 0
9802 0
9803 0
9804 1
9805 0
9806 1
9807 0
9808 0
9809 0
9810 0
9811 1
9812 0
9813 0
9814 0
9815 1
9816 0
9817 0
9818 1
9819 0
9820 0
9821 0
9822 1
9823 0
9824 0
9825 0
9826 1
9827 0
9828 1
9829 0
9830 0
9831 1
9832 0
9833 0
9834 0
9835 0
9836 0
9837 1
9838 0
9839 0
9840 0
9841 1
9842 0
9843 0
9844 0
9845 0
9846 0
9847 0
9848 1
9849 1
9850 0
9851 0
9852 1
9853 0
9854 0
9855 1
9856 1
9857 0
9858 0
9859 0
9860 0
9861 0
9862 0
9863 1
9864 0
9865 1
9866 0
9867 0
9868 0
9869 0
9870 0
9871 0
9872 0
9873 1
9874 0
9875 1
9876 0
9877 0
9878 0
9879 0
9880 0
9881 0
9882 1
9883 0
9884 0
9885 1
9886 0
9887 0
9888 2
9889 1
9890 0
9891 0
9892 1
9893 0
9894 1
9895 0
9896 1
9897 0
9898 1
9899 0
9900 0
9901 0
9902 0
9903 1
9904 0
9905 0
9906 2
9907 0
9908 0
9909 0
9910 0
9911 1
9912 1
9913 1
9914 1
9915 1
9916 0
9917 0
9918 0
9919 0
9920 0
9921 0
9922 0
9923 0
9924 0
9925 3
9926 0
9927 1
9928 0
9929 1
9930 0
9931 0
9932 1
9933 0
9934 0
9935 0
9936 0
9937 1
9938 0
9939 0
9940 0
9941 0
9942 0
9943 0
9944 1
9945 0
9946 0
9947 0
9948 1
9949 0
9950 1
9951 0
9952 0
9953 0
9954 0
9955 0
9956 1
9957 0
9958 0
9959 0
9960 0
9961 1
9962 1
9963 0
9964 1
9965 1
9966 1
9967 0
9968 1
9969 1
9970 0
9971 0
9972 0
9973 0
9974 0
9975 1
9976 0
9977 1
9978 0
9979 0
9980 0
9981 1
9982 0
9983 1
9984 0
9985 0
9986 0
9987 0
9988 1
9989 1
9990 1
9991 0
9992 2
9993 0
9994 0
9995 0
9996 0
9997 0
9998 0
9999 0
10000 1
10001 3105
