# Title:27-mer spectra for: THU185_12704AAC_CTCTCTAC-CTTAATAG_R2_001.fastq.gz
# XLabel:27-mer frequency
# YLabel:# distinct 27-mers
# Kmer value:27
# Input 1:../../data/fastq/THU185_12704AAC_CTCTCTAC-CTTAATAG_R2_001.fastq.gz
###
1 54083242
2 5862182
3 1697477
4 758761
5 466559
6 348019
7 286908
8 242728
9 217015
10 189222
11 174087
12 162488
13 156166
14 144350
15 135396
16 128817
17 127415
18 122415
19 115441
20 114680
21 112245
22 104987
23 101692
24 97467
25 96383
26 91838
27 87069
28 86575
29 82849
30 82223
31 81861
32 78550
33 78627
34 76183
35 73702
36 72285
37 70905
38 68607
39 66439
40 66208
41 66287
42 65144
43 62876
44 60630
45 61052
46 59345
47 58733
48 57693
49 54800
50 53631
51 53008
52 52410
53 49663
54 49158
55 48817
56 47138
57 45752
58 45862
59 44396
60 42990
61 42710
62 42784
63 42002
64 40491
65 39741
66 39624
67 37999
68 38245
69 38582
70 36533
71 36669
72 35586
73 35664
74 35851
75 35453
76 36399
77 35759
78 34728
79 35767
80 34965
81 35271
82 34508
83 34690
84 34172
85 34306
86 34331
87 33713
88 32952
89 33757
90 33108
91 31978
92 32203
93 32184
94 31822
95 31333
96 31813
97 30677
98 30994
99 30505
100 30071
101 29646
102 29674
103 28996
104 28680
105 28040
106 27534
107 27174
108 26158
109 25848
110 25466
111 25008
112 24293
113 22886
114 22279
115 21464
116 20999
117 19942
118 19770
119 18014
120 17840
121 16590
122 15705
123 14964
124 14816
125 14077
126 13397
127 13029
128 12523
129 12066
130 11361
131 10689
132 10067
133 10121
134 9496
135 8893
136 8468
137 8182
138 7173
139 7332
140 6827
141 6396
142 6277
143 6039
144 5710
145 5335
146 5080
147 4935
148 4624
149 4497
150 4428
151 4060
152 3942
153 3597
154 3554
155 3670
156 3445
157 3430
158 3380
159 3400
160 3145
161 3085
162 2901
163 2939
164 2961
165 3229
166 3006
167 3024
168 2806
169 2813
170 2512
171 2551
172 2407
173 2277
174 2344
175 2538
176 2373
177 2560
178 2505
179 2357
180 2543
181 2505
182 2469
183 2246
184 2288
185 2349
186 2406
187 2363
188 2262
189 2250
190 2036
191 2062
192 1943
193 2074
194 1978
195 2137
196 2170
197 2037
198 2179
199 2073
200 1999
201 1997
202 2005
203 2061
204 2181
205 1997
206 2068
207 2087
208 2154
209 2066
210 1866
211 1869
212 1817
213 1853
214 1838
215 1818
216 1775
217 1651
218 1631
219 1676
220 1687
221 1654
222 1632
223 1611
224 1665
225 1511
226 1505
227 1525
228 1480
229 1484
230 1462
231 1399
232 1409
233 1465
234 1445
235 1476
236 1398
237 1374
238 1304
239 1374
240 1355
241 1351
242 1249
243 1107
244 1114
245 1164
246 1238
247 1081
248 1137
249 1129
250 1074
251 1060
252 960
253 915
254 954
255 938
256 909
257 934
258 908
259 945
260 968
261 953
262 852
263 858
264 851
265 860
266 784
267 753
268 784
269 724
270 735
271 733
272 783
273 731
274 676
275 689
276 702
277 709
278 639
279 663
280 603
281 651
282 680
283 697
284 639
285 653
286 629
287 600
288 656
289 623
290 626
291 585
292 587
293 558
294 590
295 594
296 559
297 592
298 578
299 542
300 472
301 549
302 539
303 478
304 516
305 559
306 486
307 468
308 466
309 471
310 438
311 484
312 489
313 478
314 498
315 459
316 462
317 473
318 460
319 454
320 480
321 494
322 447
323 440
324 459
325 448
326 412
327 444
328 373
329 412
330 413
331 364
332 396
333 417
334 401
335 364
336 383
337 421
338 399
339 366
340 411
341 410
342 401
343 355
344 378
345 374
346 360
347 361
348 391
349 329
350 366
351 368
352 353
353 349
354 335
355 352
356 318
357 342
358 352
359 353
360 340
361 335
362 353
363 375
364 358
365 361
366 316
367 316
368 293
369 310
370 305
371 301
372 291
373 294
374 310
375 286
376 332
377 333
378 323
379 309
380 289
381 257
382 278
383 333
384 248
385 255
386 255
387 294
388 252
389 255
390 262
391 271
392 222
393 275
394 273
395 269
396 261
397 255
398 259
399 296
400 290
401 265
402 264
403 267
404 283
405 298
406 287
407 255
408 260
409 243
410 268
411 254
412 265
413 248
414 260
415 267
416 237
417 217
418 229
419 201
420 243
421 232
422 190
423 205
424 187
425 200
426 181
427 206
428 201
429 185
430 211
431 211
432 207
433 205
434 210
435 200
436 204
437 209
438 231
439 193
440 199
441 190
442 207
443 201
444 213
445 175
446 188
447 187
448 214
449 204
450 211
451 184
452 181
453 188
454 171
455 179
456 171
457 170
458 161
459 175
460 170
461 169
462 148
463 148
464 182
465 158
466 173
467 169
468 175
469 196
470 177
471 172
472 169
473 159
474 153
475 153
476 161
477 169
478 186
479 165
480 185
481 155
482 166
483 130
484 146
485 183
486 133
487 144
488 156
489 132
490 156
491 126
492 148
493 146
494 116
495 149
496 142
497 126
498 143
499 164
500 159
501 166
502 145
503 147
504 156
505 131
506 145
507 155
508 151
509 136
510 143
511 142
512 155
513 147
514 164
515 132
516 152
517 153
518 122
519 116
520 136
521 146
522 136
523 150
524 157
525 126
526 126
527 123
528 135
529 117
530 112
531 112
532 133
533 115
534 112
535 132
536 124
537 116
538 128
539 122
540 127
541 127
542 112
543 115
544 115
545 136
546 101
547 120
548 105
549 99
550 111
551 117
552 105
553 122
554 111
555 117
556 113
557 99
558 97
559 83
560 100
561 91
562 101
563 116
564 117
565 127
566 105
567 81
568 112
569 119
570 116
571 118
572 107
573 108
574 94
575 103
576 119
577 105
578 98
579 109
580 96
581 80
582 89
583 108
584 72
585 92
586 103
587 88
588 104
589 67
590 107
591 100
592 88
593 97
594 101
595 103
596 96
597 93
598 74
599 88
600 102
601 81
602 74
603 81
604 82
605 88
606 71
607 74
608 72
609 106
610 95
611 83
612 84
613 88
614 74
615 79
616 97
617 97
618 82
619 86
620 61
621 80
622 100
623 81
624 76
625 87
626 89
627 102
628 90
629 91
630 84
631 76
632 79
633 98
634 83
635 84
636 90
637 96
638 69
639 92
640 60
641 74
642 88
643 78
644 78
645 70
646 72
647 61
648 66
649 76
650 87
651 79
652 89
653 80
654 66
655 87
656 84
657 67
658 90
659 68
660 62
661 80
662 73
663 97
664 87
665 101
666 77
667 66
668 83
669 65
670 66
671 76
672 78
673 83
674 62
675 75
676 73
677 64
678 71
679 69
680 78
681 67
682 75
683 73
684 73
685 86
686 84
687 60
688 54
689 72
690 76
691 74
692 82
693 65
694 60
695 62
696 59
697 72
698 75
699 64
700 52
701 58
702 59
703 61
704 62
705 66
706 74
707 62
708 49
709 59
710 72
711 70
712 61
713 58
714 51
715 48
716 58
717 53
718 55
719 62
720 48
721 48
722 55
723 61
724 47
725 46
726 39
727 44
728 58
729 55
730 71
731 53
732 50
733 34
734 69
735 52
736 61
737 64
738 83
739 48
740 50
741 47
742 73
743 68
744 66
745 43
746 55
747 57
748 64
749 51
750 64
751 39
752 56
753 77
754 61
755 65
756 51
757 73
758 55
759 54
760 49
761 38
762 47
763 55
764 41
765 44
766 48
767 61
768 56
769 51
770 57
771 47
772 53
773 39
774 67
775 54
776 39
777 65
778 43
779 44
780 56
781 54
782 56
783 50
784 37
785 58
786 42
787 47
788 67
789 51
790 57
791 58
792 49
793 52
794 51
795 53
796 55
797 52
798 49
799 45
800 41
801 36
802 34
803 47
804 39
805 53
806 36
807 43
808 30
809 61
810 48
811 49
812 52
813 39
814 47
815 47
816 40
817 37
818 35
819 32
820 39
821 48
822 45
823 41
824 43
825 40
826 34
827 47
828 36
829 42
830 46
831 52
832 41
833 40
834 39
835 35
836 38
837 37
838 34
839 41
840 39
841 32
842 34
843 36
844 36
845 30
846 40
847 38
848 43
849 33
850 31
851 31
852 35
853 35
854 44
855 44
856 34
857 34
858 31
859 26
860 37
861 30
862 25
863 36
864 26
865 40
866 33
867 43
868 34
869 36
870 37
871 28
872 37
873 34
874 26
875 33
876 38
877 34
878 38
879 28
880 43
881 40
882 37
883 41
884 37
885 26
886 25
887 23
888 36
889 21
890 31
891 31
892 41
893 33
894 31
895 29
896 46
897 47
898 40
899 49
900 48
901 39
902 41
903 48
904 38
905 33
906 28
907 31
908 28
909 44
910 38
911 17
912 33
913 32
914 41
915 38
916 31
917 47
918 34
919 33
920 27
921 31
922 30
923 35
924 37
925 39
926 37
927 40
928 28
929 46
930 38
931 45
932 44
933 35
934 44
935 39
936 27
937 33
938 35
939 27
940 35
941 33
942 25
943 38
944 26
945 29
946 28
947 34
948 31
949 21
950 31
951 36
952 29
953 24
954 18
955 24
956 32
957 30
958 25
959 34
960 23
961 23
962 30
963 24
964 23
965 16
966 37
967 23
968 32
969 34
970 41
971 37
972 28
973 45
974 27
975 24
976 28
977 30
978 31
979 43
980 43
981 28
982 33
983 21
984 29
985 31
986 23
987 30
988 26
989 27
990 40
991 33
992 25
993 25
994 21
995 20
996 32
997 30
998 35
999 26
1000 29
1001 23
1002 22
1003 22
1004 32
1005 29
1006 37
1007 26
1008 27
1009 40
1010 17
1011 31
1012 24
1013 20
1014 22
1015 27
1016 23
1017 25
1018 37
1019 30
1020 29
1021 23
1022 26
1023 29
1024 27
1025 27
1026 27
1027 28
1028 21
1029 31
1030 27
1031 31
1032 36
1033 35
1034 30
1035 27
1036 25
1037 23
1038 17
1039 13
1040 26
1041 14
1042 28
1043 31
1044 31
1045 22
1046 20
1047 19
1048 22
1049 25
1050 32
1051 18
1052 35
1053 20
1054 28
1055 23
1056 18
1057 26
1058 14
1059 20
1060 35
1061 31
1062 22
1063 28
1064 14
1065 15
1066 23
1067 18
1068 27
1069 18
1070 20
1071 25
1072 28
1073 17
1074 14
1075 29
1076 29
1077 18
1078 18
1079 22
1080 27
1081 21
1082 25
1083 35
1084 20
1085 24
1086 29
1087 25
1088 32
1089 22
1090 15
1091 18
1092 18
1093 27
1094 21
1095 18
1096 20
1097 21
1098 22
1099 26
1100 20
1101 16
1102 17
1103 22
1104 21
1105 24
1106 21
1107 27
1108 15
1109 27
1110 29
1111 31
1112 34
1113 23
1114 25
1115 19
1116 19
1117 18
1118 21
1119 21
1120 14
1121 18
1122 23
1123 24
1124 18
1125 16
1126 18
1127 16
1128 19
1129 16
1130 15
1131 23
1132 19
1133 25
1134 20
1135 18
1136 11
1137 18
1138 14
1139 29
1140 21
1141 22
1142 20
1143 12
1144 18
1145 16
1146 21
1147 15
1148 28
1149 21
1150 17
1151 17
1152 18
1153 16
1154 17
1155 24
1156 18
1157 24
1158 24
1159 19
1160 15
1161 17
1162 10
1163 21
1164 13
1165 15
1166 16
1167 19
1168 12
1169 20
1170 19
1171 21
1172 20
1173 18
1174 18
1175 21
1176 20
1177 25
1178 31
1179 29
1180 17
1181 10
1182 18
1183 17
1184 23
1185 26
1186 23
1187 20
1188 14
1189 23
1190 19
1191 21
1192 16
1193 23
1194 22
1195 19
1196 20
1197 16
1198 18
1199 22
1200 16
1201 18
1202 17
1203 17
1204 26
1205 17
1206 24
1207 12
1208 17
1209 17
1210 20
1211 6
1212 9
1213 14
1214 19
1215 15
1216 17
1217 15
1218 13
1219 22
1220 17
1221 21
1222 25
1223 13
1224 18
1225 19
1226 22
1227 25
1228 22
1229 21
1230 21
1231 19
1232 27
1233 17
1234 22
1235 28
1236 12
1237 23
1238 21
1239 15
1240 22
1241 16
1242 17
1243 17
1244 22
1245 17
1246 22
1247 17
1248 15
1249 21
1250 14
1251 16
1252 15
1253 18
1254 17
1255 17
1256 21
1257 18
1258 15
1259 18
1260 13
1261 19
1262 14
1263 19
1264 15
1265 18
1266 23
1267 20
1268 22
1269 29
1270 19
1271 32
1272 16
1273 27
1274 20
1275 19
1276 17
1277 23
1278 17
1279 12
1280 14
1281 16
1282 20
1283 16
1284 23
1285 17
1286 19
1287 13
1288 13
1289 9
1290 15
1291 18
1292 23
1293 21
1294 20
1295 9
1296 18
1297 27
1298 18
1299 17
1300 15
1301 12
1302 13
1303 20
1304 13
1305 16
1306 16
1307 20
1308 18
1309 12
1310 13
1311 19
1312 27
1313 19
1314 20
1315 20
1316 14
1317 17
1318 20
1319 12
1320 25
1321 12
1322 15
1323 24
1324 21
1325 11
1326 16
1327 12
1328 13
1329 22
1330 16
1331 19
1332 11
1333 15
1334 17
1335 16
1336 16
1337 13
1338 17
1339 13
1340 15
1341 12
1342 22
1343 14
1344 20
1345 9
1346 14
1347 9
1348 11
1349 16
1350 15
1351 13
1352 13
1353 19
1354 14
1355 22
1356 15
1357 20
1358 24
1359 18
1360 14
1361 15
1362 20
1363 17
1364 21
1365 18
1366 26
1367 19
1368 12
1369 25
1370 15
1371 13
1372 23
1373 25
1374 17
1375 18
1376 14
1377 29
1378 17
1379 14
1380 16
1381 17
1382 13
1383 16
1384 9
1385 8
1386 24
1387 14
1388 15
1389 12
1390 17
1391 15
1392 12
1393 12
1394 21
1395 15
1396 15
1397 15
1398 16
1399 22
1400 16
1401 11
1402 19
1403 4
1404 18
1405 22
1406 18
1407 19
1408 15
1409 18
1410 12
1411 10
1412 16
1413 13
1414 17
1415 17
1416 14
1417 16
1418 16
1419 14
1420 18
1421 20
1422 21
1423 15
1424 12
1425 12
1426 16
1427 12
1428 15
1429 14
1430 16
1431 11
1432 17
1433 13
1434 11
1435 10
1436 20
1437 19
1438 13
1439 12
1440 12
1441 12
1442 21
1443 23
1444 26
1445 25
1446 18
1447 15
1448 15
1449 19
1450 11
1451 16
1452 14
1453 11
1454 12
1455 10
1456 20
1457 17
1458 13
1459 14
1460 10
1461 14
1462 10
1463 9
1464 15
1465 13
1466 21
1467 22
1468 12
1469 14
1470 19
1471 9
1472 23
1473 14
1474 12
1475 18
1476 16
1477 10
1478 23
1479 8
1480 10
1481 11
1482 14
1483 13
1484 18
1485 10
1486 12
1487 10
1488 12
1489 10
1490 7
1491 8
1492 12
1493 12
1494 22
1495 13
1496 15
1497 18
1498 16
1499 11
1500 8
1501 18
1502 22
1503 7
1504 16
1505 9
1506 15
1507 16
1508 17
1509 16
1510 10
1511 19
1512 14
1513 10
1514 9
1515 10
1516 11
1517 8
1518 9
1519 11
1520 17
1521 16
1522 16
1523 17
1524 13
1525 13
1526 10
1527 7
1528 14
1529 9
1530 16
1531 13
1532 12
1533 15
1534 11
1535 9
1536 7
1537 8
1538 8
1539 11
1540 15
1541 15
1542 15
1543 18
1544 8
1545 8
1546 19
1547 9
1548 13
1549 6
1550 12
1551 12
1552 12
1553 15
1554 15
1555 13
1556 15
1557 19
1558 20
1559 11
1560 13
1561 19
1562 11
1563 10
1564 11
1565 11
1566 10
1567 19
1568 19
1569 9
1570 12
1571 16
1572 14
1573 9
1574 7
1575 8
1576 4
1577 9
1578 7
1579 12
1580 4
1581 15
1582 13
1583 16
1584 17
1585 19
1586 13
1587 11
1588 12
1589 14
1590 15
1591 11
1592 7
1593 10
1594 11
1595 20
1596 16
1597 20
1598 13
1599 11
1600 15
1601 19
1602 8
1603 9
1604 8
1605 4
1606 9
1607 5
1608 8
1609 13
1610 20
1611 12
1612 11
1613 17
1614 12
1615 10
1616 11
1617 10
1618 15
1619 17
1620 8
1621 8
1622 7
1623 12
1624 20
1625 10
1626 17
1627 8
1628 21
1629 13
1630 9
1631 14
1632 7
1633 13
1634 10
1635 10
1636 6
1637 11
1638 12
1639 13
1640 10
1641 11
1642 9
1643 13
1644 10
1645 16
1646 8
1647 8
1648 13
1649 6
1650 10
1651 14
1652 8
1653 8
1654 12
1655 9
1656 12
1657 11
1658 18
1659 17
1660 16
1661 12
1662 16
1663 10
1664 16
1665 14
1666 8
1667 11
1668 10
1669 16
1670 16
1671 16
1672 7
1673 14
1674 4
1675 14
1676 11
1677 14
1678 6
1679 9
1680 14
1681 14
1682 13
1683 5
1684 13
1685 15
1686 13
1687 12
1688 11
1689 16
1690 10
1691 18
1692 16
1693 14
1694 8
1695 11
1696 12
1697 14
1698 8
1699 9
1700 12
1701 12
1702 4
1703 7
1704 6
1705 15
1706 9
1707 11
1708 11
1709 11
1710 9
1711 15
1712 8
1713 20
1714 10
1715 13
1716 9
1717 15
1718 23
1719 14
1720 13
1721 13
1722 15
1723 7
1724 11
1725 10
1726 7
1727 6
1728 11
1729 10
1730 7
1731 11
1732 11
1733 6
1734 11
1735 3
1736 8
1737 13
1738 5
1739 9
1740 13
1741 12
1742 13
1743 7
1744 10
1745 6
1746 13
1747 11
1748 7
1749 10
1750 9
1751 6
1752 7
1753 13
1754 3
1755 9
1756 10
1757 10
1758 11
1759 7
1760 10
1761 8
1762 12
1763 10
1764 13
1765 12
1766 12
1767 9
1768 15
1769 9
1770 9
1771 13
1772 13
1773 9
1774 9
1775 11
1776 13
1777 8
1778 9
1779 6
1780 3
1781 10
1782 11
1783 10
1784 9
1785 5
1786 6
1787 10
1788 2
1789 13
1790 7
1791 6
1792 10
1793 12
1794 13
1795 9
1796 16
1797 7
1798 13
1799 9
1800 9
1801 8
1802 12
1803 10
1804 15
1805 18
1806 14
1807 15
1808 8
1809 5
1810 13
1811 9
1812 5
1813 10
1814 13
1815 9
1816 11
1817 11
1818 14
1819 14
1820 8
1821 12
1822 15
1823 9
1824 12
1825 12
1826 10
1827 7
1828 9
1829 8
1830 13
1831 8
1832 9
1833 9
1834 14
1835 8
1836 18
1837 11
1838 8
1839 9
1840 13
1841 15
1842 11
1843 15
1844 6
1845 4
1846 15
1847 9
1848 11
1849 15
1850 12
1851 12
1852 12
1853 8
1854 2
1855 10
1856 8
1857 10
1858 11
1859 15
1860 8
1861 8
1862 7
1863 8
1864 6
1865 11
1866 11
1867 14
1868 8
1869 8
1870 7
1871 10
1872 9
1873 5
1874 10
1875 12
1876 8
1877 13
1878 8
1879 5
1880 8
1881 8
1882 9
1883 3
1884 6
1885 8
1886 7
1887 4
1888 11
1889 7
1890 11
1891 6
1892 11
1893 9
1894 9
1895 7
1896 9
1897 8
1898 7
1899 6
1900 10
1901 7
1902 10
1903 10
1904 5
1905 14
1906 12
1907 12
1908 9
1909 4
1910 6
1911 6
1912 14
1913 5
1914 9
1915 5
1916 6
1917 9
1918 6
1919 14
1920 12
1921 8
1922 9
1923 12
1924 7
1925 11
1926 8
1927 7
1928 13
1929 16
1930 7
1931 13
1932 11
1933 5
1934 3
1935 5
1936 7
1937 13
1938 6
1939 14
1940 9
1941 6
1942 12
1943 6
1944 12
1945 7
1946 9
1947 5
1948 7
1949 7
1950 9
1951 13
1952 10
1953 8
1954 8
1955 9
1956 4
1957 8
1958 6
1959 9
1960 5
1961 5
1962 10
1963 3
1964 5
1965 16
1966 8
1967 12
1968 11
1969 6
1970 10
1971 13
1972 7
1973 17
1974 11
1975 5
1976 11
1977 9
1978 7
1979 12
1980 7
1981 6
1982 9
1983 5
1984 10
1985 12
1986 6
1987 10
1988 7
1989 5
1990 4
1991 5
1992 4
1993 11
1994 8
1995 18
1996 8
1997 4
1998 5
1999 6
2000 6
2001 12
2002 6
2003 5
2004 8
2005 6
2006 8
2007 7
2008 11
2009 12
2010 9
2011 8
2012 9
2013 15
2014 5
2015 8
2016 6
2017 4
2018 8
2019 9
2020 8
2021 9
2022 11
2023 13
2024 6
2025 5
2026 13
2027 16
2028 9
2029 13
2030 7
2031 8
2032 9
2033 5
2034 8
2035 6
2036 7
2037 9
2038 8
2039 7
2040 7
2041 5
2042 9
2043 11
2044 9
2045 13
2046 11
2047 7
2048 6
2049 7
2050 7
2051 8
2052 11
2053 7
2054 10
2055 6
2056 10
2057 9
2058 10
2059 11
2060 7
2061 6
2062 7
2063 9
2064 13
2065 11
2066 3
2067 6
2068 7
2069 6
2070 4
2071 12
2072 9
2073 4
2074 7
2075 12
2076 1
2077 5
2078 6
2079 8
2080 4
2081 11
2082 7
2083 12
2084 10
2085 9
2086 6
2087 10
2088 9
2089 4
2090 5
2091 6
2092 4
2093 8
2094 6
2095 5
2096 3
2097 7
2098 8
2099 13
2100 10
2101 11
2102 10
2103 13
2104 7
2105 6
2106 10
2107 8
2108 7
2109 6
2110 15
2111 6
2112 12
2113 10
2114 11
2115 10
2116 8
2117 7
2118 6
2119 9
2120 10
2121 5
2122 9
2123 9
2124 9
2125 14
2126 8
2127 4
2128 6
2129 7
2130 14
2131 8
2132 10
2133 10
2134 5
2135 7
2136 11
2137 11
2138 7
2139 10
2140 9
2141 10
2142 3
2143 11
2144 7
2145 11
2146 9
2147 5
2148 8
2149 14
2150 3
2151 13
2152 15
2153 8
2154 12
2155 8
2156 9
2157 11
2158 7
2159 8
2160 9
2161 6
2162 7
2163 12
2164 12
2165 7
2166 8
2167 11
2168 12
2169 8
2170 13
2171 10
2172 12
2173 6
2174 7
2175 4
2176 8
2177 13
2178 7
2179 15
2180 4
2181 12
2182 9
2183 9
2184 8
2185 9
2186 6
2187 11
2188 6
2189 4
2190 5
2191 6
2192 6
2193 15
2194 11
2195 7
2196 5
2197 10
2198 7
2199 5
2200 10
2201 10
2202 8
2203 10
2204 7
2205 9
2206 9
2207 8
2208 6
2209 4
2210 6
2211 8
2212 8
2213 11
2214 11
2215 12
2216 3
2217 6
2218 10
2219 10
2220 6
2221 9
2222 4
2223 6
2224 9
2225 7
2226 4
2227 5
2228 8
2229 8
2230 7
2231 9
2232 13
2233 6
2234 6
2235 7
2236 15
2237 16
2238 9
2239 9
2240 11
2241 5
2242 15
2243 15
2244 11
2245 7
2246 6
2247 7
2248 8
2249 11
2250 8
2251 6
2252 10
2253 1
2254 5
2255 9
2256 6
2257 11
2258 8
2259 10
2260 8
2261 6
2262 13
2263 13
2264 11
2265 27
2266 10
2267 11
2268 11
2269 14
2270 7
2271 8
2272 11
2273 14
2274 5
2275 2
2276 5
2277 6
2278 12
2279 9
2280 10
2281 10
2282 7
2283 11
2284 12
2285 4
2286 8
2287 9
2288 5
2289 4
2290 10
2291 12
2292 5
2293 8
2294 5
2295 14
2296 10
2297 12
2298 8
2299 7
2300 11
2301 6
2302 13
2303 11
2304 12
2305 7
2306 8
2307 6
2308 3
2309 9
2310 9
2311 9
2312 13
2313 6
2314 5
2315 4
2316 5
2317 6
2318 11
2319 7
2320 10
2321 5
2322 8
2323 6
2324 6
2325 8
2326 7
2327 10
2328 6
2329 5
2330 12
2331 7
2332 6
2333 10
2334 8
2335 10
2336 5
2337 2
2338 5
2339 4
2340 5
2341 5
2342 5
2343 7
2344 11
2345 5
2346 5
2347 3
2348 6
2349 6
2350 4
2351 5
2352 7
2353 5
2354 10
2355 4
2356 6
2357 6
2358 8
2359 7
2360 3
2361 2
2362 5
2363 2
2364 2
2365 13
2366 6
2367 6
2368 10
2369 8
2370 5
2371 9
2372 7
2373 12
2374 8
2375 9
2376 2
2377 6
2378 6
2379 5
2380 3
2381 9
2382 7
2383 5
2384 5
2385 11
2386 5
2387 5
2388 8
2389 6
2390 8
2391 8
2392 8
2393 4
2394 8
2395 12
2396 6
2397 4
2398 9
2399 4
2400 7
2401 11
2402 6
2403 3
2404 7
2405 4
2406 6
2407 2
2408 6
2409 9
2410 6
2411 7
2412 3
2413 5
2414 12
2415 7
2416 7
2417 8
2418 6
2419 6
2420 5
2421 4
2422 11
2423 10
2424 3
2425 3
2426 7
2427 7
2428 8
2429 2
2430 6
2431 6
2432 5
2433 6
2434 4
2435 4
2436 7
2437 7
2438 5
2439 7
2440 6
2441 7
2442 0
2443 2
2444 5
2445 8
2446 6
2447 7
2448 7
2449 9
2450 5
2451 9
2452 4
2453 5
2454 6
2455 1
2456 10
2457 4
2458 9
2459 5
2460 6
2461 6
2462 8
2463 7
2464 10
2465 7
2466 8
2467 5
2468 7
2469 2
2470 12
2471 11
2472 7
2473 4
2474 4
2475 4
2476 7
2477 5
2478 6
2479 8
2480 2
2481 3
2482 7
2483 5
2484 2
2485 3
2486 3
2487 9
2488 3
2489 10
2490 7
2491 5
2492 7
2493 3
2494 10
2495 5
2496 4
2497 7
2498 8
2499 3
2500 3
2501 4
2502 2
2503 5
2504 7
2505 1
2506 3
2507 5
2508 7
2509 6
2510 7
2511 8
2512 2
2513 8
2514 5
2515 7
2516 3
2517 4
2518 8
2519 8
2520 4
2521 6
2522 3
2523 5
2524 5
2525 5
2526 1
2527 7
2528 5
2529 4
2530 6
2531 5
2532 1
2533 5
2534 3
2535 3
2536 4
2537 8
2538 4
2539 2
2540 5
2541 5
2542 6
2543 8
2544 6
2545 1
2546 5
2547 6
2548 2
2549 8
2550 3
2551 4
2552 5
2553 8
2554 3
2555 6
2556 8
2557 3
2558 2
2559 8
2560 3
2561 0
2562 5
2563 7
2564 6
2565 3
2566 5
2567 4
2568 2
2569 9
2570 7
2571 6
2572 5
2573 9
2574 6
2575 2
2576 12
2577 9
2578 3
2579 3
2580 9
2581 4
2582 3
2583 7
2584 6
2585 4
2586 7
2587 4
2588 6
2589 11
2590 3
2591 5
2592 6
2593 2
2594 8
2595 6
2596 6
2597 4
2598 9
2599 7
2600 6
2601 4
2602 6
2603 8
2604 6
2605 4
2606 3
2607 5
2608 7
2609 2
2610 6
2611 3
2612 1
2613 5
2614 4
2615 3
2616 4
2617 4
2618 5
2619 5
2620 4
2621 7
2622 5
2623 1
2624 9
2625 7
2626 6
2627 1
2628 5
2629 6
2630 4
2631 4
2632 3
2633 4
2634 2
2635 9
2636 9
2637 3
2638 7
2639 1
2640 10
2641 4
2642 7
2643 1
2644 4
2645 0
2646 6
2647 4
2648 5
2649 2
2650 4
2651 9
2652 6
2653 3
2654 2
2655 3
2656 5
2657 4
2658 3
2659 6
2660 5
2661 6
2662 8
2663 2
2664 6
2665 5
2666 5
2667 5
2668 9
2669 4
2670 5
2671 5
2672 2
2673 1
2674 5
2675 2
2676 6
2677 9
2678 3
2679 5
2680 3
2681 5
2682 2
2683 4
2684 7
2685 3
2686 2
2687 5
2688 4
2689 3
2690 4
2691 6
2692 3
2693 8
2694 3
2695 6
2696 10
2697 6
2698 9
2699 3
2700 8
2701 5
2702 4
2703 7
2704 7
2705 6
2706 2
2707 3
2708 4
2709 3
2710 4
2711 5
2712 7
2713 4
2714 2
2715 2
2716 9
2717 9
2718 9
2719 5
2720 6
2721 3
2722 7
2723 7
2724 9
2725 5
2726 4
2727 8
2728 3
2729 4
2730 9
2731 2
2732 2
2733 1
2734 5
2735 6
2736 5
2737 1
2738 5
2739 8
2740 6
2741 3
2742 3
2743 3
2744 6
2745 3
2746 10
2747 4
2748 8
2749 4
2750 3
2751 5
2752 2
2753 2
2754 4
2755 0
2756 2
2757 2
2758 13
2759 7
2760 3
2761 3
2762 4
2763 5
2764 1
2765 7
2766 7
2767 4
2768 2
2769 2
2770 6
2771 6
2772 5
2773 6
2774 7
2775 9
2776 4
2777 5
2778 6
2779 10
2780 4
2781 9
2782 2
2783 5
2784 6
2785 8
2786 3
2787 8
2788 7
2789 1
2790 4
2791 8
2792 6
2793 3
2794 4
2795 6
2796 5
2797 6
2798 3
2799 7
2800 10
2801 4
2802 5
2803 4
2804 8
2805 3
2806 0
2807 3
2808 4
2809 8
2810 9
2811 3
2812 4
2813 3
2814 4
2815 1
2816 3
2817 3
2818 5
2819 6
2820 7
2821 6
2822 4
2823 3
2824 5
2825 5
2826 3
2827 4
2828 3
2829 6
2830 4
2831 9
2832 7
2833 5
2834 6
2835 7
2836 4
2837 7
2838 5
2839 4
2840 3
2841 2
2842 3
2843 4
2844 7
2845 6
2846 3
2847 4
2848 5
2849 5
2850 1
2851 4
2852 5
2853 5
2854 9
2855 6
2856 5
2857 2
2858 6
2859 5
2860 8
2861 3
2862 4
2863 2
2864 2
2865 7
2866 3
2867 4
2868 6
2869 0
2870 5
2871 11
2872 2
2873 6
2874 2
2875 3
2876 5
2877 6
2878 5
2879 3
2880 6
2881 6
2882 6
2883 5
2884 5
2885 4
2886 1
2887 2
2888 1
2889 5
2890 3
2891 5
2892 6
2893 7
2894 1
2895 5
2896 2
2897 2
2898 1
2899 4
2900 3
2901 5
2902 5
2903 8
2904 3
2905 9
2906 3
2907 4
2908 2
2909 8
2910 4
2911 11
2912 6
2913 8
2914 1
2915 3
2916 5
2917 2
2918 6
2919 6
2920 3
2921 1
2922 3
2923 6
2924 1
2925 4
2926 2
2927 3
2928 4
2929 1
2930 0
2931 6
2932 5
2933 4
2934 7
2935 4
2936 1
2937 5
2938 2
2939 1
2940 5
2941 6
2942 6
2943 1
2944 2
2945 3
2946 4
2947 4
2948 4
2949 3
2950 2
2951 5
2952 5
2953 6
2954 8
2955 4
2956 6
2957 5
2958 2
2959 5
2960 7
2961 4
2962 2
2963 2
2964 3
2965 8
2966 4
2967 2
2968 6
2969 5
2970 2
2971 3
2972 5
2973 5
2974 3
2975 7
2976 3
2977 4
2978 6
2979 2
2980 3
2981 4
2982 2
2983 6
2984 4
2985 6
2986 6
2987 2
2988 8
2989 4
2990 7
2991 3
2992 6
2993 1
2994 5
2995 3
2996 5
2997 0
2998 2
2999 2
3000 3
3001 4
3002 5
3003 6
3004 3
3005 0
3006 6
3007 4
3008 4
3009 1
3010 3
3011 2
3012 4
3013 3
3014 1
3015 6
3016 0
3017 4
3018 3
3019 5
3020 4
3021 2
3022 7
3023 2
3024 5
3025 1
3026 3
3027 1
3028 4
3029 4
3030 1
3031 5
3032 5
3033 4
3034 4
3035 4
3036 2
3037 4
3038 1
3039 3
3040 1
3041 3
3042 6
3043 4
3044 6
3045 3
3046 7
3047 6
3048 4
3049 1
3050 2
3051 5
3052 5
3053 5
3054 2
3055 2
3056 4
3057 6
3058 5
3059 6
3060 8
3061 3
3062 5
3063 5
3064 5
3065 4
3066 5
3067 3
3068 2
3069 4
3070 4
3071 3
3072 4
3073 5
3074 3
3075 4
3076 7
3077 3
3078 3
3079 6
3080 4
3081 5
3082 2
3083 4
3084 3
3085 3
3086 4
3087 2
3088 6
3089 2
3090 2
3091 5
3092 3
3093 3
3094 3
3095 2
3096 2
3097 4
3098 2
3099 1
3100 5
3101 4
3102 1
3103 1
3104 3
3105 1
3106 3
3107 1
3108 5
3109 4
3110 3
3111 5
3112 4
3113 4
3114 4
3115 2
3116 4
3117 1
3118 4
3119 2
3120 2
3121 2
3122 2
3123 2
3124 3
3125 2
3126 4
3127 6
3128 2
3129 3
3130 4
3131 4
3132 3
3133 5
3134 3
3135 3
3136 5
3137 2
3138 4
3139 3
3140 2
3141 4
3142 4
3143 0
3144 2
3145 5
3146 2
3147 6
3148 3
3149 1
3150 2
3151 1
3152 3
3153 1
3154 4
3155 2
3156 5
3157 4
3158 4
3159 2
3160 3
3161 7
3162 4
3163 4
3164 5
3165 1
3166 7
3167 3
3168 5
3169 4
3170 6
3171 2
3172 3
3173 4
3174 3
3175 6
3176 1
3177 2
3178 2
3179 4
3180 1
3181 1
3182 5
3183 3
3184 6
3185 4
3186 2
3187 5
3188 7
3189 4
3190 6
3191 3
3192 0
3193 3
3194 3
3195 1
3196 1
3197 3
3198 2
3199 5
3200 5
3201 7
3202 2
3203 4
3204 3
3205 5
3206 1
3207 2
3208 6
3209 2
3210 1
3211 4
3212 3
3213 2
3214 2
3215 8
3216 4
3217 3
3218 2
3219 2
3220 2
3221 2
3222 5
3223 3
3224 1
3225 4
3226 3
3227 4
3228 3
3229 3
3230 8
3231 3
3232 1
3233 3
3234 3
3235 3
3236 4
3237 4
3238 5
3239 5
3240 3
3241 1
3242 0
3243 1
3244 5
3245 10
3246 4
3247 5
3248 3
3249 2
3250 2
3251 5
3252 2
3253 5
3254 4
3255 2
3256 2
3257 9
3258 5
3259 3
3260 5
3261 2
3262 2
3263 3
3264 3
3265 3
3266 2
3267 3
3268 2
3269 0
3270 4
3271 6
3272 3
3273 1
3274 2
3275 6
3276 4
3277 3
3278 2
3279 0
3280 2
3281 1
3282 3
3283 1
3284 1
3285 4
3286 3
3287 3
3288 4
3289 2
3290 4
3291 3
3292 4
3293 2
3294 3
3295 2
3296 3
3297 5
3298 4
3299 0
3300 3
3301 4
3302 2
3303 1
3304 3
3305 3
3306 6
3307 6
3308 2
3309 2
3310 2
3311 6
3312 1
3313 3
3314 4
3315 2
3316 4
3317 2
3318 0
3319 2
3320 5
3321 2
3322 4
3323 2
3324 1
3325 3
3326 0
3327 0
3328 4
3329 0
3330 0
3331 2
3332 5
3333 8
3334 4
3335 3
3336 4
3337 2
3338 2
3339 2
3340 4
3341 2
3342 6
3343 1
3344 1
3345 2
3346 2
3347 1
3348 1
3349 2
3350 2
3351 0
3352 2
3353 1
3354 0
3355 3
3356 2
3357 2
3358 3
3359 3
3360 5
3361 3
3362 2
3363 8
3364 3
3365 2
3366 1
3367 1
3368 2
3369 0
3370 3
3371 6
3372 4
3373 3
3374 5
3375 1
3376 4
3377 0
3378 6
3379 5
3380 3
3381 3
3382 1
3383 2
3384 3
3385 3
3386 2
3387 4
3388 2
3389 1
3390 3
3391 1
3392 3
3393 1
3394 0
3395 4
3396 2
3397 6
3398 7
3399 7
3400 3
3401 0
3402 0
3403 1
3404 1
3405 5
3406 3
3407 4
3408 3
3409 2
3410 1
3411 3
3412 2
3413 4
3414 2
3415 1
3416 2
3417 7
3418 4
3419 2
3420 2
3421 0
3422 1
3423 7
3424 1
3425 1
3426 1
3427 1
3428 2
3429 1
3430 0
3431 4
3432 4
3433 1
3434 4
3435 1
3436 0
3437 2
3438 2
3439 2
3440 1
3441 1
3442 1
3443 2
3444 7
3445 3
3446 4
3447 1
3448 0
3449 3
3450 3
3451 2
3452 4
3453 1
3454 3
3455 1
3456 3
3457 0
3458 2
3459 3
3460 2
3461 3
3462 3
3463 3
3464 2
3465 6
3466 3
3467 3
3468 3
3469 5
3470 4
3471 4
3472 9
3473 2
3474 1
3475 2
3476 2
3477 4
3478 3
3479 5
3480 4
3481 5
3482 4
3483 2
3484 2
3485 1
3486 3
3487 2
3488 3
3489 5
3490 3
3491 3
3492 2
3493 3
3494 5
3495 1
3496 2
3497 2
3498 3
3499 3
3500 0
3501 2
3502 2
3503 4
3504 2
3505 1
3506 4
3507 2
3508 2
3509 4
3510 1
3511 3
3512 2
3513 2
3514 0
3515 2
3516 3
3517 0
3518 4
3519 2
3520 0
3521 6
3522 2
3523 2
3524 3
3525 4
3526 5
3527 9
3528 2
3529 5
3530 3
3531 6
3532 4
3533 4
3534 1
3535 4
3536 3
3537 2
3538 2
3539 1
3540 6
3541 3
3542 4
3543 2
3544 1
3545 1
3546 3
3547 7
3548 4
3549 1
3550 2
3551 4
3552 3
3553 6
3554 4
3555 1
3556 1
3557 2
3558 3
3559 3
3560 5
3561 3
3562 4
3563 0
3564 0
3565 1
3566 3
3567 4
3568 2
3569 4
3570 0
3571 4
3572 0
3573 1
3574 4
3575 1
3576 2
3577 0
3578 2
3579 1
3580 1
3581 1
3582 2
3583 1
3584 3
3585 3
3586 3
3587 0
3588 3
3589 1
3590 3
3591 5
3592 0
3593 4
3594 3
3595 2
3596 5
3597 1
3598 2
3599 3
3600 3
3601 5
3602 3
3603 4
3604 6
3605 2
3606 3
3607 1
3608 2
3609 4
3610 4
3611 0
3612 4
3613 5
3614 2
3615 4
3616 0
3617 2
3618 1
3619 1
3620 0
3621 1
3622 2
3623 5
3624 0
3625 2
3626 2
3627 2
3628 0
3629 3
3630 3
3631 3
3632 2
3633 4
3634 2
3635 2
3636 2
3637 4
3638 2
3639 3
3640 2
3641 4
3642 5
3643 5
3644 5
3645 5
3646 4
3647 2
3648 5
3649 5
3650 5
3651 3
3652 2
3653 2
3654 0
3655 2
3656 2
3657 1
3658 2
3659 4
3660 4
3661 1
3662 2
3663 5
3664 1
3665 2
3666 2
3667 1
3668 4
3669 3
3670 4
3671 0
3672 2
3673 6
3674 2
3675 3
3676 1
3677 3
3678 2
3679 4
3680 2
3681 3
3682 2
3683 3
3684 0
3685 1
3686 0
3687 2
3688 3
3689 2
3690 3
3691 6
3692 2
3693 0
3694 3
3695 3
3696 2
3697 1
3698 1
3699 2
3700 2
3701 3
3702 3
3703 4
3704 2
3705 2
3706 2
3707 4
3708 1
3709 5
3710 0
3711 3
3712 3
3713 3
3714 0
3715 2
3716 4
3717 2
3718 6
3719 2
3720 1
3721 4
3722 1
3723 1
3724 0
3725 3
3726 1
3727 2
3728 3
3729 0
3730 2
3731 2
3732 5
3733 0
3734 3
3735 2
3736 5
3737 1
3738 3
3739 3
3740 5
3741 0
3742 4
3743 1
3744 4
3745 4
3746 1
3747 6
3748 2
3749 5
3750 1
3751 3
3752 1
3753 3
3754 5
3755 3
3756 1
3757 0
3758 1
3759 3
3760 3
3761 1
3762 6
3763 0
3764 4
3765 4
3766 5
3767 4
3768 0
3769 2
3770 2
3771 0
3772 5
3773 3
3774 5
3775 2
3776 1
3777 5
3778 0
3779 3
3780 1
3781 0
3782 0
3783 0
3784 1
3785 2
3786 2
3787 1
3788 3
3789 2
3790 4
3791 0
3792 1
3793 2
3794 2
3795 2
3796 1
3797 5
3798 5
3799 3
3800 1
3801 2
3802 0
3803 1
3804 2
3805 1
3806 0
3807 1
3808 0
3809 3
3810 3
3811 2
3812 1
3813 1
3814 4
3815 1
3816 4
3817 0
3818 0
3819 0
3820 0
3821 3
3822 0
3823 4
3824 2
3825 1
3826 3
3827 3
3828 2
3829 4
3830 3
3831 1
3832 3
3833 1
3834 1
3835 5
3836 1
3837 3
3838 1
3839 2
3840 2
3841 3
3842 1
3843 0
3844 0
3845 3
3846 6
3847 1
3848 1
3849 5
3850 2
3851 1
3852 6
3853 2
3854 4
3855 4
3856 2
3857 3
3858 3
3859 3
3860 4
3861 3
3862 2
3863 1
3864 2
3865 0
3866 2
3867 3
3868 3
3869 1
3870 2
3871 2
3872 3
3873 2
3874 3
3875 4
3876 2
3877 2
3878 1
3879 1
3880 2
3881 4
3882 4
3883 1
3884 1
3885 1
3886 1
3887 2
3888 0
3889 3
3890 1
3891 1
3892 3
3893 4
3894 4
3895 3
3896 1
3897 4
3898 0
3899 2
3900 2
3901 1
3902 4
3903 0
3904 1
3905 3
3906 2
3907 2
3908 2
3909 2
3910 6
3911 2
3912 1
3913 1
3914 2
3915 2
3916 1
3917 2
3918 1
3919 2
3920 1
3921 2
3922 0
3923 0
3924 2
3925 6
3926 3
3927 0
3928 3
3929 2
3930 2
3931 3
3932 1
3933 0
3934 1
3935 0
3936 1
3937 2
3938 2
3939 2
3940 4
3941 2
3942 2
3943 1
3944 3
3945 1
3946 1
3947 0
3948 2
3949 2
3950 4
3951 1
3952 0
3953 0
3954 2
3955 5
3956 3
3957 1
3958 1
3959 3
3960 4
3961 3
3962 1
3963 1
3964 1
3965 1
3966 0
3967 6
3968 3
3969 0
3970 4
3971 3
3972 0
3973 3
3974 0
3975 2
3976 1
3977 3
3978 3
3979 7
3980 1
3981 2
3982 2
3983 1
3984 2
3985 0
3986 3
3987 2
3988 1
3989 2
3990 4
3991 3
3992 4
3993 1
3994 0
3995 2
3996 1
3997 1
3998 3
3999 0
4000 5
4001 2
4002 0
4003 4
4004 1
4005 0
4006 4
4007 0
4008 4
4009 2
4010 0
4011 2
4012 2
4013 0
4014 0
4015 4
4016 1
4017 2
4018 2
4019 6
4020 3
4021 2
4022 0
4023 1
4024 0
4025 1
4026 2
4027 0
4028 0
4029 1
4030 2
4031 2
4032 1
4033 0
4034 4
4035 1
4036 2
4037 1
4038 1
4039 3
4040 2
4041 2
4042 2
4043 0
4044 1
4045 4
4046 2
4047 0
4048 2
4049 4
4050 4
4051 2
4052 3
4053 1
4054 1
4055 0
4056 3
4057 3
4058 2
4059 2
4060 2
4061 1
4062 2
4063 1
4064 1
4065 2
4066 2
4067 2
4068 0
4069 1
4070 0
4071 2
4072 2
4073 6
4074 3
4075 1
4076 1
4077 3
4078 0
4079 2
4080 1
4081 3
4082 2
4083 3
4084 1
4085 2
4086 4
4087 2
4088 1
4089 2
4090 1
4091 3
4092 0
4093 1
4094 0
4095 2
4096 3
4097 2
4098 1
4099 4
4100 1
4101 1
4102 3
4103 3
4104 0
4105 3
4106 1
4107 2
4108 3
4109 3
4110 1
4111 1
4112 2
4113 1
4114 1
4115 5
4116 2
4117 2
4118 3
4119 1
4120 4
4121 1
4122 1
4123 0
4124 1
4125 2
4126 1
4127 1
4128 3
4129 2
4130 1
4131 1
4132 2
4133 3
4134 1
4135 2
4136 3
4137 1
4138 1
4139 1
4140 1
4141 2
4142 2
4143 0
4144 3
4145 2
4146 4
4147 1
4148 2
4149 2
4150 1
4151 1
4152 2
4153 3
4154 2
4155 1
4156 2
4157 1
4158 2
4159 2
4160 2
4161 0
4162 3
4163 1
4164 0
4165 2
4166 0
4167 2
4168 3
4169 2
4170 3
4171 1
4172 2
4173 2
4174 2
4175 2
4176 2
4177 3
4178 1
4179 1
4180 3
4181 2
4182 2
4183 0
4184 1
4185 1
4186 4
4187 0
4188 2
4189 0
4190 1
4191 1
4192 2
4193 4
4194 1
4195 0
4196 4
4197 2
4198 0
4199 2
4200 1
4201 2
4202 1
4203 1
4204 2
4205 1
4206 7
4207 2
4208 2
4209 2
4210 1
4211 3
4212 2
4213 4
4214 3
4215 2
4216 1
4217 1
4218 1
4219 1
4220 3
4221 3
4222 1
4223 2
4224 2
4225 1
4226 2
4227 0
4228 2
4229 2
4230 2
4231 1
4232 1
4233 3
4234 1
4235 1
4236 1
4237 1
4238 2
4239 2
4240 2
4241 3
4242 1
4243 0
4244 0
4245 0
4246 2
4247 0
4248 3
4249 1
4250 2
4251 2
4252 4
4253 0
4254 0
4255 5
4256 2
4257 4
4258 1
4259 2
4260 2
4261 1
4262 1
4263 0
4264 1
4265 1
4266 5
4267 1
4268 2
4269 4
4270 2
4271 2
4272 0
4273 2
4274 2
4275 5
4276 3
4277 2
4278 1
4279 1
4280 1
4281 3
4282 1
4283 0
4284 2
4285 2
4286 0
4287 1
4288 1
4289 2
4290 2
4291 3
4292 1
4293 2
4294 0
4295 0
4296 3
4297 1
4298 3
4299 3
4300 3
4301 1
4302 1
4303 0
4304 0
4305 2
4306 1
4307 0
4308 1
4309 3
4310 2
4311 3
4312 2
4313 2
4314 2
4315 3
4316 1
4317 0
4318 3
4319 0
4320 1
4321 2
4322 1
4323 0
4324 1
4325 4
4326 0
4327 0
4328 1
4329 2
4330 1
4331 2
4332 1
4333 2
4334 2
4335 1
4336 0
4337 2
4338 0
4339 2
4340 1
4341 1
4342 4
4343 3
4344 2
4345 3
4346 1
4347 0
4348 0
4349 2
4350 5
4351 1
4352 2
4353 1
4354 4
4355 1
4356 0
4357 6
4358 1
4359 0
4360 1
4361 3
4362 1
4363 1
4364 3
4365 1
4366 3
4367 2
4368 0
4369 4
4370 2
4371 2
4372 3
4373 0
4374 3
4375 2
4376 0
4377 2
4378 3
4379 3
4380 2
4381 3
4382 1
4383 1
4384 1
4385 0
4386 2
4387 1
4388 0
4389 1
4390 3
4391 1
4392 0
4393 5
4394 0
4395 4
4396 2
4397 0
4398 2
4399 4
4400 3
4401 2
4402 2
4403 1
4404 0
4405 1
4406 1
4407 1
4408 2
4409 3
4410 3
4411 2
4412 0
4413 1
4414 1
4415 4
4416 3
4417 3
4418 3
4419 1
4420 2
4421 0
4422 2
4423 3
4424 0
4425 3
4426 3
4427 2
4428 2
4429 2
4430 1
4431 5
4432 5
4433 2
4434 1
4435 4
4436 3
4437 4
4438 4
4439 3
4440 4
4441 0
4442 2
4443 3
4444 2
4445 0
4446 0
4447 3
4448 3
4449 0
4450 1
4451 1
4452 2
4453 3
4454 2
4455 3
4456 3
4457 2
4458 2
4459 3
4460 1
4461 1
4462 1
4463 1
4464 0
4465 3
4466 0
4467 0
4468 0
4469 3
4470 3
4471 4
4472 3
4473 1
4474 6
4475 1
4476 1
4477 3
4478 1
4479 2
4480 0
4481 4
4482 1
4483 1
4484 1
4485 3
4486 3
4487 3
4488 2
4489 2
4490 1
4491 4
4492 2
4493 2
4494 2
4495 3
4496 4
4497 4
4498 1
4499 2
4500 1
4501 2
4502 3
4503 2
4504 2
4505 2
4506 3
4507 1
4508 1
4509 1
4510 4
4511 1
4512 5
4513 1
4514 1
4515 1
4516 1
4517 2
4518 0
4519 1
4520 1
4521 0
4522 2
4523 0
4524 1
4525 0
4526 1
4527 0
4528 2
4529 2
4530 2
4531 1
4532 2
4533 3
4534 2
4535 2
4536 4
4537 3
4538 0
4539 1
4540 1
4541 2
4542 2
4543 2
4544 0
4545 0
4546 1
4547 0
4548 4
4549 1
4550 1
4551 3
4552 2
4553 1
4554 0
4555 1
4556 3
4557 0
4558 2
4559 2
4560 2
4561 2
4562 4
4563 2
4564 0
4565 5
4566 2
4567 2
4568 3
4569 2
4570 1
4571 1
4572 2
4573 4
4574 2
4575 2
4576 1
4577 0
4578 2
4579 1
4580 2
4581 2
4582 1
4583 2
4584 1
4585 1
4586 3
4587 4
4588 5
4589 3
4590 2
4591 2
4592 1
4593 3
4594 1
4595 2
4596 2
4597 2
4598 0
4599 1
4600 4
4601 0
4602 2
4603 0
4604 3
4605 1
4606 3
4607 3
4608 6
4609 3
4610 3
4611 3
4612 2
4613 0
4614 1
4615 4
4616 3
4617 2
4618 1
4619 1
4620 1
4621 4
4622 2
4623 1
4624 4
4625 2
4626 0
4627 3
4628 4
4629 2
4630 1
4631 2
4632 1
4633 4
4634 1
4635 3
4636 1
4637 1
4638 2
4639 4
4640 3
4641 1
4642 3
4643 5
4644 1
4645 2
4646 2
4647 4
4648 0
4649 3
4650 1
4651 1
4652 2
4653 2
4654 0
4655 6
4656 0
4657 3
4658 1
4659 6
4660 1
4661 1
4662 2
4663 1
4664 1
4665 0
4666 1
4667 3
4668 1
4669 0
4670 0
4671 4
4672 3
4673 2
4674 2
4675 3
4676 1
4677 2
4678 1
4679 3
4680 3
4681 1
4682 3
4683 3
4684 1
4685 3
4686 3
4687 0
4688 2
4689 2
4690 3
4691 0
4692 4
4693 5
4694 1
4695 1
4696 3
4697 2
4698 0
4699 3
4700 2
4701 1
4702 3
4703 1
4704 2
4705 2
4706 1
4707 0
4708 3
4709 1
4710 1
4711 0
4712 0
4713 0
4714 1
4715 0
4716 3
4717 0
4718 0
4719 0
4720 3
4721 2
4722 1
4723 1
4724 2
4725 1
4726 0
4727 6
4728 3
4729 1
4730 4
4731 1
4732 0
4733 2
4734 2
4735 0
4736 4
4737 1
4738 1
4739 2
4740 0
4741 0
4742 2
4743 1
4744 3
4745 2
4746 0
4747 2
4748 4
4749 1
4750 2
4751 0
4752 2
4753 1
4754 3
4755 2
4756 4
4757 1
4758 1
4759 2
4760 4
4761 4
4762 2
4763 1
4764 2
4765 1
4766 2
4767 1
4768 1
4769 0
4770 3
4771 1
4772 2
4773 3
4774 2
4775 1
4776 2
4777 2
4778 1
4779 1
4780 1
4781 2
4782 5
4783 3
4784 4
4785 0
4786 2
4787 2
4788 3
4789 2
4790 1
4791 3
4792 3
4793 0
4794 0
4795 1
4796 0
4797 0
4798 3
4799 2
4800 2
4801 2
4802 3
4803 2
4804 3
4805 2
4806 3
4807 0
4808 0
4809 2
4810 1
4811 0
4812 0
4813 0
4814 1
4815 0
4816 1
4817 3
4818 2
4819 1
4820 3
4821 2
4822 3
4823 4
4824 3
4825 3
4826 2
4827 4
4828 1
4829 3
4830 1
4831 3
4832 4
4833 1
4834 4
4835 1
4836 1
4837 2
4838 3
4839 2
4840 4
4841 3
4842 3
4843 2
4844 3
4845 2
4846 0
4847 2
4848 1
4849 1
4850 2
4851 0
4852 2
4853 1
4854 0
4855 1
4856 1
4857 2
4858 2
4859 3
4860 0
4861 3
4862 1
4863 2
4864 2
4865 4
4866 4
4867 2
4868 2
4869 3
4870 1
4871 1
4872 4
4873 2
4874 5
4875 2
4876 1
4877 2
4878 6
4879 2
4880 1
4881 2
4882 3
4883 2
4884 3
4885 1
4886 2
4887 4
4888 2
4889 1
4890 2
4891 2
4892 0
4893 2
4894 7
4895 2
4896 0
4897 7
4898 1
4899 2
4900 3
4901 0
4902 3
4903 5
4904 3
4905 1
4906 2
4907 2
4908 1
4909 3
4910 1
4911 0
4912 2
4913 1
4914 2
4915 2
4916 2
4917 4
4918 3
4919 3
4920 2
4921 3
4922 1
4923 0
4924 2
4925 2
4926 2
4927 1
4928 1
4929 1
4930 4
4931 1
4932 4
4933 1
4934 3
4935 0
4936 1
4937 4
4938 4
4939 2
4940 2
4941 2
4942 1
4943 4
4944 1
4945 1
4946 2
4947 2
4948 1
4949 2
4950 2
4951 3
4952 0
4953 1
4954 0
4955 1
4956 3
4957 2
4958 2
4959 0
4960 3
4961 0
4962 2
4963 2
4964 3
4965 2
4966 0
4967 2
4968 2
4969 1
4970 1
4971 1
4972 2
4973 1
4974 2
4975 3
4976 1
4977 2
4978 2
4979 1
4980 2
4981 0
4982 0
4983 3
4984 3
4985 0
4986 2
4987 0
4988 4
4989 3
4990 1
4991 0
4992 2
4993 3
4994 0
4995 1
4996 1
4997 1
4998 3
4999 1
5000 3
5001 0
5002 1
5003 3
5004 1
5005 2
5006 0
5007 0
5008 2
5009 1
5010 0
5011 1
5012 1
5013 0
5014 1
5015 1
5016 0
5017 1
5018 1
5019 2
5020 0
5021 1
5022 0
5023 3
5024 2
5025 0
5026 1
5027 1
5028 0
5029 1
5030 0
5031 2
5032 2
5033 3
5034 2
5035 2
5036 2
5037 1
5038 2
5039 2
5040 1
5041 0
5042 0
5043 2
5044 1
5045 2
5046 0
5047 3
5048 1
5049 1
5050 0
5051 0
5052 2
5053 1
5054 0
5055 0
5056 4
5057 1
5058 2
5059 1
5060 0
5061 4
5062 2
5063 1
5064 2
5065 0
5066 0
5067 2
5068 0
5069 1
5070 2
5071 1
5072 0
5073 0
5074 1
5075 0
5076 0
5077 1
5078 2
5079 1
5080 0
5081 1
5082 1
5083 2
5084 2
5085 2
5086 2
5087 0
5088 2
5089 2
5090 1
5091 1
5092 2
5093 2
5094 1
5095 1
5096 0
5097 0
5098 1
5099 2
5100 1
5101 1
5102 2
5103 5
5104 2
5105 3
5106 1
5107 1
5108 3
5109 2
5110 1
5111 1
5112 1
5113 0
5114 2
5115 0
5116 5
5117 3
5118 1
5119 1
5120 4
5121 2
5122 2
5123 1
5124 1
5125 1
5126 1
5127 1
5128 3
5129 3
5130 2
5131 1
5132 1
5133 0
5134 0
5135 0
5136 2
5137 2
5138 2
5139 1
5140 3
5141 0
5142 0
5143 2
5144 0
5145 0
5146 4
5147 1
5148 0
5149 0
5150 3
5151 2
5152 0
5153 2
5154 1
5155 2
5156 2
5157 3
5158 0
5159 0
5160 1
5161 0
5162 2
5163 1
5164 0
5165 1
5166 1
5167 2
5168 4
5169 1
5170 2
5171 1
5172 1
5173 2
5174 2
5175 2
5176 1
5177 1
5178 1
5179 1
5180 1
5181 3
5182 3
5183 2
5184 6
5185 2
5186 2
5187 2
5188 0
5189 1
5190 2
5191 2
5192 4
5193 1
5194 3
5195 3
5196 3
5197 0
5198 3
5199 1
5200 0
5201 2
5202 2
5203 5
5204 0
5205 0
5206 2
5207 2
5208 2
5209 3
5210 4
5211 2
5212 2
5213 0
5214 1
5215 1
5216 1
5217 2
5218 0
5219 0
5220 3
5221 2
5222 0
5223 3
5224 4
5225 0
5226 2
5227 1
5228 2
5229 0
5230 2
5231 1
5232 4
5233 0
5234 3
5235 0
5236 3
5237 3
5238 2
5239 1
5240 3
5241 0
5242 1
5243 3
5244 1
5245 5
5246 3
5247 0
5248 4
5249 2
5250 2
5251 4
5252 0
5253 3
5254 2
5255 0
5256 2
5257 0
5258 3
5259 1
5260 2
5261 5
5262 3
5263 1
5264 4
5265 1
5266 1
5267 3
5268 5
5269 3
5270 5
5271 3
5272 2
5273 2
5274 4
5275 2
5276 3
5277 2
5278 3
5279 2
5280 2
5281 3
5282 4
5283 2
5284 0
5285 1
5286 2
5287 2
5288 0
5289 0
5290 1
5291 0
5292 1
5293 1
5294 3
5295 1
5296 1
5297 1
5298 2
5299 3
5300 4
5301 0
5302 2
5303 0
5304 2
5305 0
5306 4
5307 3
5308 1
5309 3
5310 4
5311 2
5312 1
5313 0
5314 2
5315 2
5316 1
5317 0
5318 2
5319 1
5320 2
5321 4
5322 2
5323 2
5324 0
5325 3
5326 1
5327 2
5328 5
5329 2
5330 3
5331 2
5332 0
5333 2
5334 5
5335 0
5336 2
5337 0
5338 2
5339 1
5340 3
5341 1
5342 0
5343 4
5344 2
5345 2
5346 2
5347 2
5348 5
5349 4
5350 4
5351 4
5352 3
5353 1
5354 2
5355 4
5356 2
5357 1
5358 2
5359 4
5360 4
5361 0
5362 0
5363 3
5364 2
5365 2
5366 3
5367 3
5368 2
5369 3
5370 3
5371 3
5372 8
5373 2
5374 4
5375 3
5376 2
5377 2
5378 0
5379 0
5380 1
5381 0
5382 0
5383 2
5384 0
5385 2
5386 2
5387 2
5388 3
5389 2
5390 1
5391 1
5392 2
5393 1
5394 2
5395 0
5396 3
5397 1
5398 1
5399 1
5400 1
5401 0
5402 1
5403 2
5404 2
5405 2
5406 0
5407 0
5408 2
5409 2
5410 2
5411 2
5412 0
5413 1
5414 3
5415 1
5416 1
5417 2
5418 1
5419 0
5420 2
5421 2
5422 1
5423 1
5424 0
5425 2
5426 2
5427 3
5428 3
5429 2
5430 2
5431 1
5432 2
5433 2
5434 3
5435 0
5436 1
5437 2
5438 3
5439 2
5440 0
5441 3
5442 1
5443 2
5444 1
5445 0
5446 1
5447 3
5448 4
5449 0
5450 1
5451 2
5452 2
5453 2
5454 2
5455 0
5456 1
5457 1
5458 3
5459 1
5460 1
5461 1
5462 1
5463 2
5464 2
5465 2
5466 1
5467 3
5468 3
5469 1
5470 2
5471 0
5472 0
5473 2
5474 1
5475 2
5476 0
5477 2
5478 0
5479 3
5480 1
5481 0
5482 2
5483 1
5484 1
5485 3
5486 1
5487 4
5488 3
5489 2
5490 3
5491 3
5492 4
5493 1
5494 3
5495 1
5496 3
5497 3
5498 2
5499 2
5500 3
5501 2
5502 1
5503 2
5504 3
5505 1
5506 1
5507 1
5508 1
5509 0
5510 2
5511 2
5512 2
5513 0
5514 2
5515 0
5516 1
5517 1
5518 3
5519 1
5520 2
5521 2
5522 7
5523 4
5524 7
5525 0
5526 5
5527 2
5528 2
5529 4
5530 1
5531 0
5532 3
5533 4
5534 4
5535 4
5536 2
5537 0
5538 4
5539 2
5540 2
5541 2
5542 3
5543 3
5544 1
5545 3
5546 4
5547 0
5548 1
5549 0
5550 1
5551 1
5552 3
5553 1
5554 0
5555 0
5556 2
5557 3
5558 2
5559 1
5560 4
5561 0
5562 2
5563 1
5564 3
5565 0
5566 0
5567 1
5568 2
5569 2
5570 1
5571 1
5572 5
5573 1
5574 1
5575 1
5576 1
5577 1
5578 3
5579 1
5580 0
5581 0
5582 2
5583 0
5584 3
5585 0
5586 0
5587 1
5588 3
5589 2
5590 3
5591 2
5592 1
5593 1
5594 0
5595 0
5596 1
5597 1
5598 2
5599 3
5600 1
5601 2
5602 0
5603 1
5604 3
5605 0
5606 2
5607 4
5608 2
5609 1
5610 0
5611 2
5612 0
5613 0
5614 2
5615 0
5616 2
5617 2
5618 1
5619 3
5620 2
5621 5
5622 2
5623 0
5624 2
5625 1
5626 0
5627 1
5628 0
5629 0
5630 0
5631 3
5632 0
5633 2
5634 2
5635 1
5636 1
5637 2
5638 2
5639 1
5640 3
5641 0
5642 2
5643 2
5644 1
5645 4
5646 1
5647 1
5648 2
5649 2
5650 2
5651 1
5652 3
5653 5
5654 4
5655 1
5656 4
5657 1
5658 4
5659 5
5660 1
5661 2
5662 1
5663 2
5664 3
5665 0
5666 2
5667 1
5668 3
5669 2
5670 1
5671 4
5672 1
5673 0
5674 1
5675 3
5676 1
5677 0
5678 1
5679 2
5680 3
5681 1
5682 0
5683 1
5684 1
5685 5
5686 1
5687 2
5688 2
5689 2
5690 5
5691 0
5692 2
5693 1
5694 1
5695 1
5696 1
5697 1
5698 1
5699 2
5700 4
5701 1
5702 0
5703 0
5704 2
5705 2
5706 3
5707 2
5708 3
5709 2
5710 1
5711 2
5712 2
5713 2
5714 2
5715 0
5716 2
5717 1
5718 0
5719 0
5720 2
5721 2
5722 3
5723 3
5724 0
5725 3
5726 4
5727 1
5728 1
5729 1
5730 0
5731 1
5732 1
5733 2
5734 2
5735 0
5736 4
5737 4
5738 3
5739 1
5740 2
5741 2
5742 0
5743 1
5744 0
5745 2
5746 0
5747 4
5748 0
5749 2
5750 0
5751 4
5752 1
5753 0
5754 0
5755 1
5756 0
5757 0
5758 0
5759 2
5760 3
5761 1
5762 1
5763 0
5764 2
5765 1
5766 0
5767 1
5768 1
5769 1
5770 0
5771 0
5772 1
5773 2
5774 2
5775 4
5776 3
5777 1
5778 2
5779 3
5780 2
5781 0
5782 0
5783 1
5784 1
5785 0
5786 1
5787 0
5788 0
5789 0
5790 0
5791 1
5792 2
5793 0
5794 0
5795 1
5796 0
5797 1
5798 0
5799 0
5800 0
5801 1
5802 2
5803 1
5804 1
5805 1
5806 4
5807 1
5808 0
5809 0
5810 1
5811 0
5812 1
5813 2
5814 2
5815 1
5816 0
5817 2
5818 0
5819 1
5820 1
5821 1
5822 1
5823 1
5824 0
5825 0
5826 1
5827 3
5828 2
5829 1
5830 1
5831 2
5832 2
5833 2
5834 1
5835 0
5836 1
5837 0
5838 1
5839 0
5840 0
5841 3
5842 0
5843 0
5844 1
5845 1
5846 0
5847 1
5848 0
5849 3
5850 3
5851 1
5852 1
5853 2
5854 2
5855 3
5856 2
5857 1
5858 2
5859 2
5860 1
5861 2
5862 1
5863 3
5864 3
5865 1
5866 4
5867 4
5868 1
5869 0
5870 1
5871 2
5872 1
5873 0
5874 1
5875 0
5876 0
5877 0
5878 1
5879 2
5880 2
5881 1
5882 0
5883 2
5884 2
5885 1
5886 0
5887 3
5888 1
5889 0
5890 0
5891 1
5892 0
5893 1
5894 0
5895 2
5896 2
5897 1
5898 3
5899 1
5900 0
5901 1
5902 0
5903 0
5904 2
5905 0
5906 1
5907 1
5908 0
5909 1
5910 1
5911 2
5912 1
5913 0
5914 0
5915 1
5916 1
5917 0
5918 3
5919 0
5920 0
5921 1
5922 1
5923 0
5924 3
5925 1
5926 0
5927 1
5928 0
5929 1
5930 0
5931 0
5932 0
5933 0
5934 1
5935 4
5936 0
5937 2
5938 1
5939 1
5940 0
5941 0
5942 1
5943 1
5944 0
5945 0
5946 0
5947 0
5948 0
5949 1
5950 1
5951 2
5952 0
5953 0
5954 0
5955 1
5956 0
5957 1
5958 1
5959 1
5960 1
5961 3
5962 2
5963 3
5964 1
5965 0
5966 1
5967 0
5968 1
5969 0
5970 1
5971 3
5972 0
5973 0
5974 0
5975 1
5976 0
5977 1
5978 1
5979 0
5980 2
5981 2
5982 0
5983 1
5984 2
5985 3
5986 0
5987 1
5988 2
5989 2
5990 1
5991 1
5992 3
5993 1
5994 0
5995 1
5996 0
5997 0
5998 2
5999 1
6000 4
6001 1
6002 2
6003 0
6004 2
6005 0
6006 1
6007 0
6008 1
6009 1
6010 0
6011 1
6012 3
6013 1
6014 0
6015 1
6016 1
6017 1
6018 5
6019 0
6020 2
6021 2
6022 1
6023 2
6024 2
6025 0
6026 2
6027 2
6028 1
6029 1
6030 0
6031 0
6032 1
6033 0
6034 1
6035 1
6036 1
6037 2
6038 2
6039 0
6040 1
6041 1
6042 3
6043 0
6044 3
6045 3
6046 0
6047 1
6048 0
6049 2
6050 4
6051 2
6052 1
6053 3
6054 0
6055 0
6056 3
6057 1
6058 2
6059 3
6060 2
6061 1
6062 0
6063 0
6064 3
6065 4
6066 0
6067 0
6068 1
6069 0
6070 3
6071 1
6072 0
6073 2
6074 1
6075 0
6076 1
6077 1
6078 0
6079 0
6080 0
6081 0
6082 0
6083 0
6084 3
6085 0
6086 3
6087 0
6088 3
6089 2
6090 2
6091 0
6092 1
6093 0
6094 0
6095 0
6096 0
6097 3
6098 2
6099 2
6100 1
6101 1
6102 5
6103 0
6104 2
6105 1
6106 1
6107 0
6108 0
6109 1
6110 0
6111 1
6112 0
6113 2
6114 0
6115 0
6116 1
6117 0
6118 2
6119 1
6120 0
6121 2
6122 1
6123 0
6124 0
6125 2
6126 0
6127 0
6128 0
6129 1
6130 1
6131 0
6132 1
6133 1
6134 3
6135 1
6136 3
6137 1
6138 1
6139 0
6140 0
6141 0
6142 2
6143 1
6144 1
6145 0
6146 1
6147 0
6148 1
6149 0
6150 0
6151 0
6152 0
6153 1
6154 0
6155 1
6156 3
6157 1
6158 0
6159 0
6160 0
6161 1
6162 1
6163 1
6164 2
6165 0
6166 0
6167 2
6168 1
6169 1
6170 1
6171 0
6172 0
6173 0
6174 0
6175 2
6176 0
6177 0
6178 1
6179 2
6180 1
6181 0
6182 2
6183 0
6184 1
6185 1
6186 2
6187 2
6188 1
6189 0
6190 0
6191 0
6192 0
6193 1
6194 0
6195 0
6196 0
6197 0
6198 1
6199 1
6200 0
6201 0
6202 1
6203 0
6204 0
6205 1
6206 2
6207 0
6208 0
6209 1
6210 0
6211 0
6212 0
6213 1
6214 0
6215 1
6216 0
6217 1
6218 1
6219 0
6220 2
6221 0
6222 1
6223 1
6224 1
6225 0
6226 2
6227 1
6228 1
6229 1
6230 1
6231 1
6232 2
6233 0
6234 1
6235 1
6236 0
6237 1
6238 0
6239 0
6240 6
6241 1
6242 0
6243 2
6244 1
6245 1
6246 0
6247 0
6248 0
6249 0
6250 2
6251 2
6252 1
6253 1
6254 0
6255 1
6256 2
6257 0
6258 2
6259 1
6260 0
6261 1
6262 0
6263 1
6264 0
6265 1
6266 1
6267 1
6268 1
6269 2
6270 0
6271 0
6272 0
6273 1
6274 1
6275 1
6276 1
6277 0
6278 0
6279 0
6280 1
6281 1
6282 1
6283 0
6284 2
6285 1
6286 1
6287 0
6288 3
6289 1
6290 0
6291 0
6292 0
6293 1
6294 0
6295 4
6296 0
6297 1
6298 1
6299 1
6300 1
6301 0
6302 1
6303 0
6304 3
6305 0
6306 0
6307 1
6308 1
6309 1
6310 1
6311 1
6312 0
6313 0
6314 0
6315 1
6316 1
6317 1
6318 2
6319 1
6320 0
6321 0
6322 1
6323 2
6324 4
6325 0
6326 2
6327 2
6328 0
6329 2
6330 0
6331 1
6332 0
6333 0
6334 0
6335 1
6336 0
6337 1
6338 2
6339 2
6340 0
6341 0
6342 1
6343 2
6344 0
6345 2
6346 0
6347 1
6348 2
6349 1
6350 1
6351 2
6352 0
6353 3
6354 0
6355 1
6356 0
6357 0
6358 0
6359 1
6360 1
6361 1
6362 0
6363 1
6364 0
6365 0
6366 1
6367 1
6368 0
6369 0
6370 1
6371 2
6372 1
6373 0
6374 2
6375 1
6376 2
6377 1
6378 1
6379 0
6380 0
6381 1
6382 1
6383 1
6384 0
6385 4
6386 0
6387 0
6388 0
6389 1
6390 1
6391 0
6392 1
6393 0
6394 2
6395 0
6396 1
6397 0
6398 0
6399 0
6400 0
6401 1
6402 1
6403 1
6404 0
6405 2
6406 0
6407 1
6408 0
6409 0
6410 0
6411 0
6412 0
6413 1
6414 2
6415 1
6416 0
6417 0
6418 1
6419 1
6420 0
6421 1
6422 2
6423 0
6424 0
6425 1
6426 1
6427 0
6428 0
6429 1
6430 0
6431 1
6432 1
6433 1
6434 3
6435 0
6436 0
6437 1
6438 0
6439 2
6440 1
6441 0
6442 1
6443 0
6444 1
6445 0
6446 2
6447 2
6448 1
6449 1
6450 1
6451 2
6452 0
6453 1
6454 2
6455 1
6456 2
6457 2
6458 0
6459 0
6460 0
6461 1
6462 0
6463 0
6464 0
6465 4
6466 0
6467 0
6468 0
6469 0
6470 1
6471 2
6472 2
6473 3
6474 1
6475 1
6476 3
6477 1
6478 1
6479 3
6480 1
6481 1
6482 0
6483 3
6484 0
6485 0
6486 2
6487 1
6488 0
6489 0
6490 2
6491 0
6492 1
6493 1
6494 0
6495 0
6496 0
6497 2
6498 0
6499 1
6500 0
6501 2
6502 0
6503 1
6504 0
6505 0
6506 2
6507 0
6508 0
6509 2
6510 1
6511 0
6512 1
6513 2
6514 1
6515 1
6516 1
6517 1
6518 1
6519 2
6520 0
6521 2
6522 1
6523 3
6524 2
6525 1
6526 2
6527 2
6528 0
6529 0
6530 4
6531 1
6532 0
6533 0
6534 1
6535 1
6536 0
6537 0
6538 1
6539 0
6540 2
6541 0
6542 2
6543 1
6544 2
6545 0
6546 1
6547 1
6548 1
6549 1
6550 0
6551 0
6552 1
6553 1
6554 1
6555 1
6556 0
6557 1
6558 1
6559 1
6560 2
6561 0
6562 0
6563 0
6564 1
6565 1
6566 1
6567 0
6568 0
6569 0
6570 0
6571 3
6572 2
6573 0
6574 1
6575 0
6576 1
6577 1
6578 0
6579 0
6580 2
6581 1
6582 1
6583 1
6584 1
6585 1
6586 0
6587 2
6588 2
6589 0
6590 0
6591 0
6592 0
6593 0
6594 0
6595 0
6596 2
6597 2
6598 2
6599 2
6600 1
6601 1
6602 2
6603 0
6604 0
6605 1
6606 1
6607 0
6608 0
6609 2
6610 1
6611 1
6612 1
6613 2
6614 2
6615 0
6616 0
6617 2
6618 1
6619 0
6620 0
6621 1
6622 1
6623 3
6624 1
6625 3
6626 0
6627 0
6628 1
6629 1
6630 0
6631 2
6632 0
6633 2
6634 0
6635 0
6636 0
6637 0
6638 2
6639 1
6640 1
6641 0
6642 1
6643 0
6644 0
6645 0
6646 1
6647 2
6648 0
6649 0
6650 0
6651 0
6652 1
6653 0
6654 0
6655 0
6656 1
6657 2
6658 0
6659 0
6660 0
6661 1
6662 1
6663 0
6664 0
6665 0
6666 1
6667 0
6668 4
6669 1
6670 0
6671 1
6672 0
6673 3
6674 1
6675 2
6676 3
6677 1
6678 2
6679 1
6680 1
6681 3
6682 1
6683 0
6684 1
6685 2
6686 0
6687 2
6688 1
6689 1
6690 1
6691 1
6692 0
6693 3
6694 0
6695 1
6696 2
6697 1
6698 2
6699 3
6700 0
6701 0
6702 2
6703 1
6704 2
6705 0
6706 0
6707 0
6708 0
6709 0
6710 1
6711 0
6712 3
6713 0
6714 0
6715 2
6716 0
6717 1
6718 0
6719 0
6720 0
6721 0
6722 0
6723 0
6724 1
6725 2
6726 1
6727 1
6728 1
6729 0
6730 1
6731 0
6732 0
6733 1
6734 2
6735 1
6736 0
6737 1
6738 1
6739 1
6740 1
6741 0
6742 0
6743 2
6744 3
6745 1
6746 0
6747 1
6748 0
6749 1
6750 1
6751 1
6752 1
6753 1
6754 0
6755 1
6756 1
6757 1
6758 1
6759 0
6760 1
6761 1
6762 0
6763 1
6764 3
6765 0
6766 0
6767 1
6768 2
6769 0
6770 0
6771 0
6772 1
6773 1
6774 2
6775 2
6776 1
6777 0
6778 0
6779 3
6780 2
6781 0
6782 0
6783 2
6784 4
6785 0
6786 1
6787 1
6788 1
6789 0
6790 3
6791 0
6792 0
6793 0
6794 0
6795 1
6796 0
6797 1
6798 0
6799 0
6800 1
6801 1
6802 1
6803 0
6804 1
6805 1
6806 1
6807 1
6808 1
6809 1
6810 1
6811 1
6812 0
6813 1
6814 1
6815 0
6816 1
6817 0
6818 1
6819 1
6820 1
6821 0
6822 0
6823 0
6824 2
6825 3
6826 2
6827 1
6828 2
6829 1
6830 0
6831 0
6832 1
6833 0
6834 3
6835 0
6836 0
6837 2
6838 0
6839 0
6840 2
6841 3
6842 1
6843 0
6844 3
6845 2
6846 1
6847 1
6848 0
6849 0
6850 1
6851 1
6852 0
6853 0
6854 1
6855 1
6856 1
6857 0
6858 1
6859 0
6860 1
6861 1
6862 1
6863 2
6864 3
6865 0
6866 0
6867 0
6868 0
6869 0
6870 1
6871 2
6872 1
6873 1
6874 0
6875 0
6876 1
6877 0
6878 1
6879 1
6880 0
6881 0
6882 0
6883 5
6884 1
6885 0
6886 1
6887 2
6888 0
6889 0
6890 0
6891 0
6892 0
6893 2
6894 0
6895 1
6896 1
6897 1
6898 0
6899 0
6900 0
6901 1
6902 1
6903 1
6904 1
6905 0
6906 1
6907 0
6908 0
6909 1
6910 0
6911 1
6912 1
6913 1
6914 0
6915 1
6916 0
6917 2
6918 0
6919 0
6920 0
6921 0
6922 1
6923 1
6924 0
6925 1
6926 0
6927 2
6928 1
6929 0
6930 2
6931 1
6932 1
6933 0
6934 0
6935 0
6936 0
6937 1
6938 1
6939 0
6940 1
6941 1
6942 0
6943 0
6944 1
6945 2
6946 0
6947 1
6948 1
6949 1
6950 3
6951 1
6952 0
6953 1
6954 1
6955 2
6956 0
6957 0
6958 1
6959 0
6960 1
6961 0
6962 0
6963 1
6964 0
6965 1
6966 1
6967 0
6968 0
6969 2
6970 0
6971 1
6972 0
6973 1
6974 0
6975 0
6976 0
6977 0
6978 1
6979 0
6980 1
6981 1
6982 0
6983 0
6984 2
6985 0
6986 0
6987 2
6988 1
6989 2
6990 1
6991 0
6992 0
6993 1
6994 1
6995 0
6996 3
6997 0
6998 0
6999 0
7000 0
7001 0
7002 1
7003 3
7004 0
7005 1
7006 2
7007 0
7008 2
7009 2
7010 0
7011 0
7012 1
7013 1
7014 0
7015 0
7016 0
7017 0
7018 0
7019 0
7020 0
7021 1
7022 0
7023 1
7024 2
7025 1
7026 0
7027 2
7028 0
7029 1
7030 0
7031 0
7032 1
7033 0
7034 1
7035 0
7036 0
7037 1
7038 2
7039 0
7040 0
7041 0
7042 0
7043 0
7044 0
7045 1
7046 4
7047 1
7048 0
7049 2
7050 0
7051 1
7052 1
7053 1
7054 0
7055 3
7056 1
7057 0
7058 0
7059 0
7060 1
7061 1
7062 0
7063 1
7064 1
7065 2
7066 1
7067 1
7068 0
7069 0
7070 1
7071 0
7072 0
7073 0
7074 0
7075 1
7076 0
7077 0
7078 1
7079 0
7080 1
7081 0
7082 1
7083 0
7084 1
7085 0
7086 1
7087 0
7088 0
7089 1
7090 1
7091 1
7092 2
7093 2
7094 0
7095 0
7096 4
7097 1
7098 1
7099 4
7100 4
7101 0
7102 1
7103 1
7104 2
7105 1
7106 1
7107 1
7108 0
7109 1
7110 0
7111 1
7112 1
7113 0
7114 0
7115 0
7116 2
7117 1
7118 0
7119 0
7120 0
7121 1
7122 3
7123 4
7124 0
7125 0
7126 0
7127 0
7128 2
7129 1
7130 0
7131 1
7132 0
7133 1
7134 1
7135 0
7136 0
7137 0
7138 0
7139 0
7140 0
7141 0
7142 2
7143 3
7144 1
7145 0
7146 1
7147 1
7148 0
7149 3
7150 1
7151 2
7152 0
7153 0
7154 0
7155 2
7156 0
7157 1
7158 1
7159 2
7160 1
7161 1
7162 1
7163 0
7164 1
7165 1
7166 2
7167 0
7168 1
7169 1
7170 2
7171 1
7172 3
7173 1
7174 0
7175 3
7176 1
7177 1
7178 3
7179 2
7180 0
7181 2
7182 1
7183 1
7184 0
7185 2
7186 0
7187 2
7188 1
7189 0
7190 0
7191 1
7192 0
7193 0
7194 2
7195 0
7196 2
7197 2
7198 1
7199 1
7200 0
7201 0
7202 3
7203 0
7204 1
7205 0
7206 0
7207 0
7208 1
7209 2
7210 0
7211 1
7212 1
7213 0
7214 1
7215 1
7216 1
7217 0
7218 2
7219 0
7220 2
7221 0
7222 1
7223 2
7224 1
7225 0
7226 0
7227 2
7228 2
7229 1
7230 0
7231 0
7232 1
7233 1
7234 1
7235 0
7236 1
7237 2
7238 2
7239 1
7240 0
7241 2
7242 0
7243 0
7244 0
7245 1
7246 1
7247 1
7248 0
7249 0
7250 0
7251 0
7252 0
7253 0
7254 2
7255 0
7256 0
7257 0
7258 1
7259 1
7260 0
7261 2
7262 0
7263 0
7264 1
7265 0
7266 3
7267 1
7268 1
7269 1
7270 0
7271 0
7272 2
7273 1
7274 1
7275 2
7276 1
7277 1
7278 0
7279 1
7280 0
7281 2
7282 0
7283 1
7284 0
7285 1
7286 1
7287 1
7288 2
7289 1
7290 0
7291 4
7292 0
7293 3
7294 1
7295 3
7296 0
7297 0
7298 0
7299 0
7300 0
7301 0
7302 1
7303 1
7304 0
7305 2
7306 2
7307 0
7308 0
7309 1
7310 3
7311 1
7312 1
7313 0
7314 0
7315 0
7316 1
7317 1
7318 1
7319 0
7320 2
7321 0
7322 0
7323 2
7324 2
7325 1
7326 2
7327 0
7328 0
7329 3
7330 2
7331 0
7332 0
7333 2
7334 4
7335 4
7336 4
7337 0
7338 0
7339 0
7340 0
7341 0
7342 2
7343 0
7344 0
7345 0
7346 2
7347 1
7348 1
7349 1
7350 0
7351 0
7352 1
7353 0
7354 0
7355 0
7356 0
7357 0
7358 1
7359 0
7360 0
7361 2
7362 2
7363 2
7364 0
7365 0
7366 1
7367 1
7368 2
7369 1
7370 0
7371 0
7372 0
7373 0
7374 2
7375 0
7376 2
7377 0
7378 0
7379 1
7380 0
7381 0
7382 0
7383 0
7384 0
7385 0
7386 2
7387 0
7388 3
7389 0
7390 1
7391 1
7392 2
7393 0
7394 1
7395 0
7396 0
7397 2
7398 1
7399 1
7400 0
7401 1
7402 1
7403 1
7404 0
7405 1
7406 2
7407 0
7408 4
7409 2
7410 0
7411 0
7412 1
7413 0
7414 2
7415 0
7416 1
7417 1
7418 2
7419 0
7420 0
7421 0
7422 0
7423 0
7424 0
7425 1
7426 1
7427 1
7428 0
7429 0
7430 2
7431 2
7432 1
7433 1
7434 1
7435 0
7436 1
7437 0
7438 1
7439 0
7440 0
7441 1
7442 0
7443 2
7444 2
7445 1
7446 1
7447 0
7448 1
7449 0
7450 0
7451 1
7452 1
7453 0
7454 1
7455 1
7456 1
7457 1
7458 0
7459 0
7460 0
7461 2
7462 0
7463 1
7464 0
7465 4
7466 2
7467 2
7468 0
7469 3
7470 0
7471 1
7472 1
7473 0
7474 0
7475 1
7476 0
7477 1
7478 0
7479 1
7480 0
7481 0
7482 1
7483 0
7484 2
7485 1
7486 0
7487 2
7488 0
7489 1
7490 0
7491 3
7492 2
7493 0
7494 2
7495 2
7496 1
7497 1
7498 0
7499 1
7500 1
7501 1
7502 0
7503 2
7504 1
7505 0
7506 1
7507 1
7508 0
7509 2
7510 2
7511 0
7512 0
7513 1
7514 0
7515 1
7516 1
7517 1
7518 0
7519 1
7520 0
7521 0
7522 2
7523 0
7524 1
7525 2
7526 1
7527 2
7528 1
7529 0
7530 0
7531 1
7532 0
7533 1
7534 0
7535 0
7536 1
7537 2
7538 0
7539 0
7540 0
7541 1
7542 2
7543 1
7544 1
7545 2
7546 1
7547 0
7548 1
7549 1
7550 0
7551 0
7552 1
7553 0
7554 0
7555 0
7556 0
7557 0
7558 0
7559 0
7560 0
7561 0
7562 1
7563 1
7564 0
7565 1
7566 0
7567 1
7568 1
7569 0
7570 3
7571 1
7572 2
7573 0
7574 1
7575 0
7576 2
7577 0
7578 0
7579 0
7580 0
7581 0
7582 4
7583 2
7584 1
7585 2
7586 0
7587 1
7588 0
7589 1
7590 0
7591 1
7592 0
7593 0
7594 3
7595 0
7596 2
7597 2
7598 0
7599 1
7600 0
7601 0
7602 1
7603 0
7604 1
7605 3
7606 1
7607 0
7608 0
7609 1
7610 0
7611 1
7612 2
7613 0
7614 1
7615 0
7616 1
7617 0
7618 0
7619 2
7620 0
7621 1
7622 1
7623 0
7624 0
7625 0
7626 0
7627 0
7628 1
7629 2
7630 2
7631 0
7632 0
7633 1
7634 1
7635 2
7636 1
7637 0
7638 0
7639 0
7640 1
7641 0
7642 0
7643 0
7644 1
7645 1
7646 1
7647 0
7648 0
7649 1
7650 3
7651 1
7652 0
7653 1
7654 2
7655 0
7656 1
7657 1
7658 1
7659 1
7660 0
7661 0
7662 1
7663 0
7664 1
7665 0
7666 0
7667 0
7668 0
7669 0
7670 2
7671 0
7672 1
7673 0
7674 1
7675 0
7676 1
7677 0
7678 2
7679 0
7680 0
7681 0
7682 0
7683 0
7684 1
7685 0
7686 2
7687 2
7688 0
7689 1
7690 0
7691 0
7692 1
7693 1
7694 1
7695 0
7696 0
7697 1
7698 0
7699 3
7700 0
7701 1
7702 0
7703 3
7704 0
7705 1
7706 2
7707 1
7708 1
7709 2
7710 1
7711 0
7712 0
7713 0
7714 2
7715 1
7716 0
7717 0
7718 0
7719 2
7720 0
7721 0
7722 2
7723 1
7724 1
7725 0
7726 0
7727 0
7728 0
7729 1
7730 0
7731 0
7732 0
7733 1
7734 3
7735 2
7736 0
7737 2
7738 1
7739 3
7740 2
7741 1
7742 1
7743 0
7744 3
7745 1
7746 3
7747 1
7748 1
7749 1
7750 2
7751 1
7752 0
7753 1
7754 1
7755 1
7756 1
7757 3
7758 0
7759 1
7760 1
7761 0
7762 1
7763 1
7764 2
7765 1
7766 0
7767 0
7768 0
7769 1
7770 1
7771 2
7772 3
7773 1
7774 0
7775 3
7776 0
7777 1
7778 2
7779 0
7780 1
7781 1
7782 1
7783 1
7784 0
7785 1
7786 1
7787 0
7788 1
7789 0
7790 1
7791 1
7792 1
7793 0
7794 1
7795 2
7796 0
7797 0
7798 0
7799 1
7800 1
7801 1
7802 0
7803 0
7804 1
7805 0
7806 0
7807 0
7808 0
7809 1
7810 1
7811 1
7812 0
7813 0
7814 1
7815 1
7816 0
7817 2
7818 0
7819 1
7820 0
7821 0
7822 1
7823 2
7824 2
7825 1
7826 0
7827 1
7828 0
7829 0
7830 1
7831 2
7832 0
7833 0
7834 0
7835 1
7836 0
7837 1
7838 1
7839 3
7840 1
7841 1
7842 1
7843 0
7844 1
7845 0
7846 2
7847 0
7848 0
7849 1
7850 1
7851 0
7852 1
7853 0
7854 1
7855 2
7856 1
7857 0
7858 0
7859 0
7860 0
7861 0
7862 1
7863 3
7864 0
7865 5
7866 1
7867 0
7868 1
7869 2
7870 3
7871 0
7872 2
7873 1
7874 0
7875 1
7876 1
7877 0
7878 0
7879 0
7880 0
7881 1
7882 0
7883 2
7884 1
7885 0
7886 1
7887 2
7888 3
7889 0
7890 2
7891 2
7892 1
7893 2
7894 0
7895 0
7896 0
7897 2
7898 0
7899 1
7900 1
7901 2
7902 2
7903 0
7904 1
7905 0
7906 0
7907 0
7908 3
7909 1
7910 1
7911 2
7912 1
7913 2
7914 1
7915 2
7916 2
7917 1
7918 1
7919 1
7920 1
7921 1
7922 0
7923 0
7924 0
7925 1
7926 0
7927 0
7928 0
7929 1
7930 3
7931 2
7932 1
7933 2
7934 1
7935 1
7936 2
7937 1
7938 0
7939 2
7940 1
7941 1
7942 3
7943 0
7944 2
7945 2
7946 1
7947 0
7948 2
7949 1
7950 2
7951 2
7952 0
7953 0
7954 0
7955 0
7956 1
7957 0
7958 0
7959 0
7960 4
7961 1
7962 1
7963 0
7964 0
7965 1
7966 0
7967 2
7968 0
7969 0
7970 0
7971 1
7972 0
7973 2
7974 1
7975 1
7976 2
7977 0
7978 1
7979 2
7980 0
7981 2
7982 0
7983 0
7984 1
7985 0
7986 1
7987 1
7988 1
7989 1
7990 1
7991 1
7992 0
7993 0
7994 0
7995 2
7996 2
7997 1
7998 3
7999 1
8000 0
8001 3
8002 1
8003 1
8004 0
8005 1
8006 2
8007 2
8008 1
8009 1
8010 2
8011 0
8012 0
8013 1
8014 0
8015 0
8016 0
8017 3
8018 1
8019 0
8020 0
8021 1
8022 1
8023 0
8024 0
8025 0
8026 1
8027 1
8028 0
8029 0
8030 1
8031 0
8032 1
8033 0
8034 0
8035 1
8036 1
8037 0
8038 1
8039 0
8040 2
8041 0
8042 0
8043 0
8044 0
8045 1
8046 0
8047 1
8048 1
8049 3
8050 0
8051 0
8052 2
8053 1
8054 1
8055 1
8056 1
8057 2
8058 0
8059 0
8060 1
8061 2
8062 1
8063 1
8064 0
8065 0
8066 0
8067 1
8068 0
8069 0
8070 1
8071 0
8072 0
8073 2
8074 0
8075 1
8076 1
8077 2
8078 0
8079 0
8080 1
8081 1
8082 0
8083 1
8084 0
8085 0
8086 0
8087 0
8088 0
8089 0
8090 0
8091 1
8092 0
8093 1
8094 1
8095 0
8096 0
8097 1
8098 0
8099 1
8100 0
8101 3
8102 0
8103 2
8104 1
8105 1
8106 0
8107 0
8108 0
8109 1
8110 0
8111 2
8112 0
8113 0
8114 0
8115 1
8116 0
8117 1
8118 0
8119 2
8120 1
8121 0
8122 0
8123 1
8124 1
8125 0
8126 2
8127 0
8128 1
8129 0
8130 0
8131 2
8132 0
8133 1
8134 1
8135 0
8136 2
8137 0
8138 0
8139 0
8140 1
8141 1
8142 1
8143 1
8144 0
8145 0
8146 1
8147 0
8148 1
8149 0
8150 1
8151 0
8152 0
8153 0
8154 0
8155 0
8156 0
8157 0
8158 0
8159 0
8160 0
8161 2
8162 2
8163 1
8164 0
8165 1
8166 0
8167 0
8168 0
8169 1
8170 0
8171 2
8172 0
8173 2
8174 0
8175 0
8176 0
8177 0
8178 0
8179 1
8180 1
8181 1
8182 2
8183 0
8184 0
8185 1
8186 0
8187 2
8188 2
8189 0
8190 1
8191 0
8192 1
8193 0
8194 0
8195 2
8196 0
8197 0
8198 1
8199 1
8200 1
8201 0
8202 1
8203 2
8204 0
8205 1
8206 0
8207 1
8208 1
8209 2
8210 2
8211 0
8212 0
8213 0
8214 1
8215 0
8216 0
8217 0
8218 2
8219 0
8220 0
8221 1
8222 0
8223 1
8224 1
8225 0
8226 1
8227 1
8228 0
8229 1
8230 2
8231 0
8232 1
8233 1
8234 0
8235 0
8236 1
8237 0
8238 1
8239 1
8240 1
8241 0
8242 1
8243 0
8244 1
8245 1
8246 1
8247 1
8248 1
8249 0
8250 0
8251 0
8252 1
8253 1
8254 1
8255 0
8256 0
8257 1
8258 0
8259 0
8260 2
8261 0
8262 0
8263 0
8264 1
8265 2
8266 1
8267 1
8268 0
8269 3
8270 0
8271 0
8272 0
8273 1
8274 1
8275 0
8276 0
8277 1
8278 2
8279 1
8280 0
8281 2
8282 0
8283 0
8284 2
8285 1
8286 1
8287 1
8288 0
8289 2
8290 0
8291 2
8292 0
8293 0
8294 1
8295 2
8296 1
8297 1
8298 0
8299 0
8300 2
8301 1
8302 0
8303 0
8304 3
8305 0
8306 0
8307 1
8308 1
8309 0
8310 3
8311 1
8312 0
8313 2
8314 1
8315 0
8316 0
8317 0
8318 2
8319 0
8320 1
8321 1
8322 1
8323 1
8324 0
8325 1
8326 0
8327 0
8328 0
8329 2
8330 1
8331 0
8332 2
8333 0
8334 0
8335 2
8336 0
8337 1
8338 0
8339 1
8340 0
8341 3
8342 2
8343 0
8344 1
8345 1
8346 0
8347 0
8348 1
8349 0
8350 0
8351 1
8352 0
8353 0
8354 0
8355 1
8356 1
8357 1
8358 1
8359 0
8360 1
8361 2
8362 0
8363 1
8364 0
8365 2
8366 0
8367 0
8368 0
8369 2
8370 4
8371 0
8372 1
8373 0
8374 0
8375 0
8376 0
8377 1
8378 1
8379 0
8380 0
8381 1
8382 0
8383 0
8384 0
8385 0
8386 1
8387 0
8388 0
8389 0
8390 3
8391 1
8392 0
8393 0
8394 0
8395 0
8396 0
8397 0
8398 0
8399 0
8400 0
8401 3
8402 1
8403 1
8404 1
8405 1
8406 0
8407 1
8408 0
8409 0
8410 0
8411 1
8412 0
8413 0
8414 0
8415 1
8416 2
8417 0
8418 0
8419 1
8420 0
8421 1
8422 4
8423 1
8424 2
8425 1
8426 1
8427 1
8428 1
8429 0
8430 0
8431 0
8432 0
8433 1
8434 1
8435 1
8436 0
8437 2
8438 0
8439 1
8440 0
8441 0
8442 0
8443 0
8444 0
8445 3
8446 2
8447 0
8448 1
8449 0
8450 4
8451 0
8452 0
8453 0
8454 0
8455 1
8456 2
8457 0
8458 1
8459 0
8460 1
8461 1
8462 2
8463 3
8464 0
8465 3
8466 0
8467 1
8468 1
8469 0
8470 1
8471 1
8472 0
8473 0
8474 0
8475 0
8476 1
8477 1
8478 0
8479 0
8480 0
8481 0
8482 0
8483 1
8484 0
8485 0
8486 1
8487 1
8488 0
8489 3
8490 0
8491 1
8492 0
8493 0
8494 0
8495 1
8496 1
8497 0
8498 1
8499 2
8500 0
8501 1
8502 1
8503 0
8504 3
8505 0
8506 0
8507 0
8508 0
8509 3
8510 0
8511 0
8512 1
8513 1
8514 1
8515 0
8516 0
8517 0
8518 0
8519 1
8520 0
8521 1
8522 0
8523 0
8524 1
8525 1
8526 0
8527 0
8528 1
8529 0
8530 2
8531 0
8532 1
8533 0
8534 0
8535 0
8536 1
8537 0
8538 0
8539 1
8540 0
8541 2
8542 0
8543 1
8544 0
8545 0
8546 1
8547 0
8548 0
8549 0
8550 0
8551 1
8552 2
8553 2
8554 0
8555 0
8556 0
8557 1
8558 2
8559 2
8560 0
8561 3
8562 1
8563 1
8564 0
8565 0
8566 0
8567 0
8568 0
8569 1
8570 0
8571 2
8572 0
8573 0
8574 0
8575 0
8576 0
8577 2
8578 0
8579 0
8580 0
8581 0
8582 0
8583 0
8584 0
8585 2
8586 0
8587 1
8588 0
8589 0
8590 0
8591 0
8592 2
8593 0
8594 1
8595 0
8596 0
8597 0
8598 0
8599 0
8600 1
8601 0
8602 1
8603 0
8604 0
8605 0
8606 0
8607 0
8608 0
8609 2
8610 0
8611 0
8612 0
8613 0
8614 1
8615 0
8616 1
8617 0
8618 1
8619 1
8620 0
8621 0
8622 0
8623 0
8624 0
8625 0
8626 1
8627 1
8628 2
8629 1
8630 1
8631 0
8632 1
8633 0
8634 0
8635 1
8636 1
8637 0
8638 1
8639 1
8640 3
8641 0
8642 0
8643 1
8644 3
8645 0
8646 2
8647 0
8648 0
8649 2
8650 0
8651 2
8652 1
8653 1
8654 0
8655 2
8656 2
8657 1
8658 0
8659 0
8660 0
8661 0
8662 1
8663 0
8664 1
8665 0
8666 1
8667 0
8668 1
8669 2
8670 1
8671 0
8672 1
8673 3
8674 3
8675 2
8676 0
8677 1
8678 0
8679 1
8680 1
8681 3
8682 0
8683 0
8684 2
8685 3
8686 1
8687 0
8688 2
8689 0
8690 0
8691 1
8692 0
8693 0
8694 0
8695 1
8696 1
8697 0
8698 0
8699 1
8700 3
8701 1
8702 0
8703 0
8704 3
8705 2
8706 0
8707 0
8708 0
8709 0
8710 0
8711 1
8712 1
8713 2
8714 0
8715 0
8716 0
8717 1
8718 0
8719 1
8720 1
8721 0
8722 1
8723 0
8724 1
8725 0
8726 0
8727 0
8728 1
8729 0
8730 0
8731 1
8732 1
8733 0
8734 1
8735 0
8736 0
8737 0
8738 0
8739 2
8740 2
8741 1
8742 0
8743 0
8744 0
8745 1
8746 0
8747 1
8748 0
8749 0
8750 0
8751 0
8752 1
8753 0
8754 0
8755 0
8756 1
8757 1
8758 0
8759 0
8760 1
8761 0
8762 0
8763 0
8764 1
8765 1
8766 0
8767 0
8768 0
8769 1
8770 1
8771 1
8772 0
8773 1
8774 0
8775 0
8776 1
8777 1
8778 0
8779 0
8780 1
8781 0
8782 1
8783 0
8784 0
8785 0
8786 0
8787 1
8788 0
8789 1
8790 0
8791 2
8792 0
8793 0
8794 2
8795 1
8796 1
8797 0
8798 1
8799 1
8800 1
8801 0
8802 0
8803 0
8804 0
8805 0
8806 0
8807 0
8808 0
8809 3
8810 0
8811 0
8812 0
8813 1
8814 0
8815 0
8816 0
8817 0
8818 0
8819 0
8820 1
8821 0
8822 0
8823 1
8824 2
8825 0
8826 1
8827 0
8828 0
8829 1
8830 0
8831 2
8832 1
8833 0
8834 1
8835 0
8836 0
8837 0
8838 0
8839 0
8840 1
8841 1
8842 0
8843 0
8844 1
8845 0
8846 0
8847 0
8848 0
8849 2
8850 1
8851 0
8852 2
8853 0
8854 0
8855 1
8856 0
8857 1
8858 0
8859 0
8860 0
8861 0
8862 0
8863 0
8864 0
8865 1
8866 0
8867 0
8868 0
8869 0
8870 1
8871 0
8872 0
8873 0
8874 1
8875 3
8876 0
8877 2
8878 2
8879 0
8880 0
8881 0
8882 1
8883 0
8884 1
8885 0
8886 0
8887 0
8888 1
8889 1
8890 1
8891 1
8892 1
8893 1
8894 0
8895 0
8896 1
8897 0
8898 1
8899 0
8900 0
8901 0
8902 2
8903 0
8904 2
8905 0
8906 1
8907 0
8908 4
8909 1
8910 1
8911 0
8912 0
8913 1
8914 0
8915 2
8916 1
8917 0
8918 1
8919 3
8920 1
8921 1
8922 0
8923 0
8924 0
8925 1
8926 0
8927 2
8928 0
8929 0
8930 0
8931 1
8932 3
8933 0
8934 1
8935 0
8936 0
8937 1
8938 0
8939 1
8940 0
8941 1
8942 2
8943 0
8944 1
8945 0
8946 1
8947 1
8948 1
8949 0
8950 0
8951 1
8952 2
8953 2
8954 0
8955 1
8956 1
8957 1
8958 1
8959 0
8960 0
8961 1
8962 0
8963 0
8964 2
8965 1
8966 0
8967 1
8968 1
8969 1
8970 0
8971 1
8972 0
8973 1
8974 0
8975 0
8976 0
8977 1
8978 0
8979 0
8980 2
8981 1
8982 0
8983 0
8984 1
8985 0
8986 0
8987 2
8988 1
8989 1
8990 0
8991 0
8992 0
8993 0
8994 0
8995 0
8996 0
8997 2
8998 0
8999 1
9000 1
9001 0
9002 1
9003 2
9004 1
9005 0
9006 2
9007 0
9008 0
9009 0
9010 0
9011 2
9012 0
9013 0
9014 0
9015 0
9016 0
9017 1
9018 0
9019 1
9020 1
9021 1
9022 1
9023 0
9024 0
9025 1
9026 0
9027 0
9028 0
9029 1
9030 1
9031 2
9032 1
9033 2
9034 0
9035 2
9036 1
9037 2
9038 0
9039 0
9040 0
9041 1
9042 2
9043 0
9044 0
9045 0
9046 1
9047 2
9048 1
9049 0
9050 0
9051 1
9052 0
9053 1
9054 0
9055 1
9056 1
9057 0
9058 0
9059 0
9060 1
9061 0
9062 0
9063 1
9064 2
9065 0
9066 0
9067 0
9068 0
9069 2
9070 0
9071 0
9072 1
9073 1
9074 0
9075 1
9076 0
9077 0
9078 0
9079 1
9080 1
9081 1
9082 2
9083 1
9084 0
9085 1
9086 0
9087 1
9088 1
9089 0
9090 1
9091 0
9092 0
9093 0
9094 0
9095 0
9096 0
9097 1
9098 0
9099 0
9100 0
9101 1
9102 0
9103 0
9104 0
9105 0
9106 1
9107 1
9108 0
9109 0
9110 0
9111 3
9112 0
9113 0
9114 0
9115 1
9116 0
9117 2
9118 0
9119 0
9120 1
9121 0
9122 0
9123 2
9124 1
9125 0
9126 0
9127 0
9128 2
9129 0
9130 1
9131 0
9132 1
9133 1
9134 0
9135 0
9136 1
9137 0
9138 1
9139 0
9140 1
9141 0
9142 1
9143 0
9144 0
9145 0
9146 0
9147 1
9148 0
9149 1
9150 0
9151 0
9152 1
9153 0
9154 0
9155 5
9156 0
9157 0
9158 1
9159 1
9160 0
9161 0
9162 1
9163 0
9164 1
9165 2
9166 1
9167 1
9168 2
9169 0
9170 2
9171 0
9172 1
9173 0
9174 1
9175 1
9176 0
9177 2
9178 0
9179 0
9180 4
9181 0
9182 3
9183 0
9184 0
9185 0
9186 0
9187 0
9188 1
9189 1
9190 0
9191 1
9192 0
9193 0
9194 1
9195 2
9196 1
9197 1
9198 2
9199 0
9200 1
9201 0
9202 2
9203 1
9204 1
9205 1
9206 3
9207 1
9208 0
9209 1
9210 1
9211 0
9212 3
9213 2
9214 1
9215 1
9216 1
9217 0
9218 2
9219 1
9220 1
9221 0
9222 3
9223 1
9224 2
9225 4
9226 1
9227 0
9228 1
9229 2
9230 0
9231 0
9232 2
9233 0
9234 1
9235 1
9236 1
9237 0
9238 1
9239 0
9240 2
9241 2
9242 1
9243 0
9244 1
9245 1
9246 0
9247 1
9248 1
9249 0
9250 0
9251 1
9252 0
9253 0
9254 0
9255 2
9256 1
9257 1
9258 2
9259 1
9260 2
9261 1
9262 1
9263 0
9264 1
9265 0
9266 0
9267 2
9268 1
9269 2
9270 1
9271 0
9272 1
9273 0
9274 2
9275 5
9276 1
9277 0
9278 1
9279 1
9280 0
9281 3
9282 0
9283 0
9284 1
9285 2
9286 1
9287 0
9288 1
9289 0
9290 1
9291 2
9292 1
9293 1
9294 0
9295 1
9296 2
9297 2
9298 2
9299 1
9300 1
9301 0
9302 2
9303 1
9304 3
9305 0
9306 0
9307 1
9308 2
9309 3
9310 0
9311 0
9312 1
9313 1
9314 3
9315 4
9316 0
9317 0
9318 2
9319 1
9320 0
9321 3
9322 2
9323 0
9324 0
9325 0
9326 0
9327 1
9328 1
9329 1
9330 0
9331 0
9332 0
9333 1
9334 1
9335 0
9336 1
9337 0
9338 0
9339 3
9340 2
9341 1
9342 2
9343 0
9344 1
9345 0
9346 1
9347 0
9348 2
9349 1
9350 1
9351 0
9352 2
9353 0
9354 0
9355 2
9356 3
9357 1
9358 0
9359 3
9360 1
9361 2
9362 0
9363 1
9364 1
9365 1
9366 0
9367 1
9368 1
9369 1
9370 1
9371 0
9372 1
9373 1
9374 1
9375 0
9376 1
9377 0
9378 0
9379 3
9380 1
9381 1
9382 1
9383 1
9384 0
9385 1
9386 1
9387 1
9388 0
9389 2
9390 1
9391 1
9392 1
9393 2
9394 0
9395 1
9396 0
9397 0
9398 0
9399 2
9400 1
9401 0
9402 3
9403 0
9404 0
9405 0
9406 1
9407 0
9408 1
9409 0
9410 0
9411 0
9412 0
9413 0
9414 0
9415 0
9416 0
9417 0
9418 0
9419 1
9420 1
9421 1
9422 1
9423 1
9424 1
9425 1
9426 0
9427 0
9428 2
9429 0
9430 2
9431 2
9432 1
9433 0
9434 0
9435 1
9436 0
9437 2
9438 0
9439 0
9440 0
9441 2
9442 1
9443 0
9444 2
9445 0
9446 1
9447 0
9448 0
9449 1
9450 1
9451 1
9452 0
9453 1
9454 0
9455 0
9456 0
9457 0
9458 0
9459 0
9460 0
9461 0
9462 1
9463 0
9464 0
9465 0
9466 0
9467 0
9468 0
9469 1
9470 1
9471 1
9472 0
9473 1
9474 0
9475 1
9476 1
9477 1
9478 3
9479 1
9480 0
9481 0
9482 1
9483 0
9484 1
9485 0
9486 0
9487 1
9488 1
9489 1
9490 3
9491 2
9492 0
9493 2
9494 0
9495 0
9496 0
9497 0
9498 0
9499 0
9500 2
9501 0
9502 0
9503 0
9504 1
9505 0
9506 1
9507 1
9508 2
9509 1
9510 1
9511 1
9512 0
9513 0
9514 1
9515 0
9516 0
9517 0
9518 1
9519 0
9520 2
9521 0
9522 0
9523 1
9524 1
9525 0
9526 0
9527 0
9528 0
9529 1
9530 0
9531 0
9532 0
9533 0
9534 0
9535 0
9536 1
9537 0
9538 1
9539 0
9540 0
9541 2
9542 1
9543 1
9544 1
9545 1
9546 0
9547 2
9548 0
9549 0
9550 0
9551 1
9552 0
9553 2
9554 1
9555 1
9556 1
9557 1
9558 1
9559 0
9560 0
9561 1
9562 0
9563 0
9564 0
9565 0
9566 1
9567 1
9568 0
9569 0
9570 0
9571 0
9572 0
9573 0
9574 0
9575 0
9576 0
9577 2
9578 0
9579 1
9580 1
9581 0
9582 0
9583 1
9584 0
9585 0
9586 0
9587 0
9588 0
9589 1
9590 1
9591 1
9592 0
9593 0
9594 0
9595 0
9596 1
9597 1
9598 0
9599 0
9600 3
9601 1
9602 0
9603 1
9604 0
9605 0
9606 0
9607 0
9608 0
9609 2
9610 1
9611 1
9612 0
9613 1
9614 0
9615 1
9616 1
9617 0
9618 0
9619 0
9620 1
9621 3
9622 2
9623 0
9624 0
9625 1
9626 0
9627 2
9628 1
9629 1
9630 0
9631 1
9632 0
9633 0
9634 0
9635 0
9636 0
9637 0
9638 0
9639 1
9640 0
9641 0
9642 0
9643 1
9644 1
9645 1
9646 0
9647 0
9648 0
9649 1
9650 0
9651 0
9652 1
9653 0
9654 1
9655 0
9656 0
9657 0
9658 0
9659 0
9660 1
9661 0
9662 0
9663 0
9664 0
9665 1
9666 0
9667 0
9668 1
9669 0
9670 1
9671 1
9672 0
9673 2
9674 0
9675 0
9676 0
9677 1
9678 1
9679 0
9680 2
9681 0
9682 1
9683 2
9684 0
9685 3
9686 2
9687 0
9688 2
9689 0
9690 2
9691 1
9692 2
9693 1
9694 1
9695 3
9696 1
9697 0
9698 1
9699 0
9700 0
9701 0
9702 2
9703 2
9704 0
9705 0
9706 0
9707 0
9708 0
9709 0
9710 0
9711 1
9712 0
9713 0
9714 2
9715 1
9716 1
9717 0
9718 1
9719 0
9720 1
9721 0
9722 1
9723 1
9724 0
9725 2
9726 1
9727 0
9728 1
9729 1
9730 1
9731 0
9732 1
9733 2
9734 0
9735 0
9736 0
9737 0
9738 1
9739 0
9740 0
9741 0
9742 1
9743 1
9744 0
9745 2
9746 0
9747 0
9748 0
9749 0
9750 2
9751 0
9752 0
9753 0
9754 1
9755 0
9756 0
9757 0
9758 2
9759 1
9760 0
9761 1
9762 0
9763 0
9764 1
9765 1
9766 1
9767 0
9768 3
9769 0
9770 2
9771 2
9772 0
9773 0
9774 0
9775 1
9776 0
9777 0
9778 0
9779 2
9780 0
9781 0
9782 0
9783 2
9784 0
9785 1
9786 2
9787 0
9788 0
9789 0
9790 2
9791 1
9792 1
9793 0
9794 2
9795 2
9796 0
9797 0
9798 0
9799 0
9800 1
9801 1
9802 2
9803 0
9804 2
9805 0
9806 1
9807 0
9808 2
9809 0
9810 2
9811 0
9812 2
9813 0
9814 0
9815 1
9816 0
9817 0
9818 2
9819 2
9820 0
9821 0
9822 0
9823 2
9824 1
9825 2
9826 1
9827 1
9828 0
9829 0
9830 0
9831 0
9832 1
9833 0
9834 1
9835 1
9836 1
9837 0
9838 2
9839 0
9840 0
9841 0
9842 1
9843 1
9844 0
9845 0
9846 0
9847 1
9848 2
9849 0
9850 0
9851 0
9852 1
9853 1
9854 1
9855 0
9856 1
9857 0
9858 0
9859 0
9860 0
9861 1
9862 0
9863 1
9864 1
9865 1
9866 0
9867 1
9868 2
9869 1
9870 2
9871 0
9872 1
9873 0
9874 1
9875 0
9876 1
9877 1
9878 0
9879 0
9880 0
9881 0
9882 0
9883 2
9884 1
9885 0
9886 0
9887 0
9888 1
9889 1
9890 0
9891 2
9892 1
9893 1
9894 0
9895 0
9896 0
9897 0
9898 0
9899 1
9900 0
9901 0
9902 0
9903 0
9904 1
9905 0
9906 1
9907 1
9908 0
9909 0
9910 0
9911 2
9912 0
9913 0
9914 2
9915 0
9916 2
9917 0
9918 1
9919 0
9920 1
9921 0
9922 1
9923 0
9924 1
9925 0
9926 0
9927 1
9928 1
9929 0
9930 0
9931 0
9932 0
9933 0
9934 1
9935 0
9936 0
9937 0
9938 0
9939 0
9940 0
9941 1
9942 0
9943 1
9944 0
9945 0
9946 1
9947 1
9948 0
9949 2
9950 2
9951 1
9952 0
9953 0
9954 0
9955 0
9956 1
9957 0
9958 0
9959 0
9960 0
9961 1
9962 0
9963 0
9964 1
9965 0
9966 1
9967 2
9968 0
9969 0
9970 1
9971 0
9972 0
9973 1
9974 0
9975 2
9976 2
9977 1
9978 2
9979 0
9980 0
9981 0
9982 2
9983 2
9984 0
9985 0
9986 2
9987 1
9988 0
9989 0
9990 1
9991 0
9992 1
9993 0
9994 0
9995 0
9996 0
9997 0
9998 1
9999 2
10000 2
10001 3707
