Sample	Merged.Kept	Merged.Lost	Paired.Kept	Paired.Lost
LAN131	4241428	197677	2653705	1632285
LAN098	1529014	60137	703803	522479
THU168	3546393	168844	2668539	1466256
LAN132	3322241	166230	2809423	1473785
LAN119	5001387	201354	2586171	1400364
LAN099	4623433	220766	2917452	1760792
THU182	3823919	161225	2185949	1168435
LAN133	3889337	145021	1916376	1077891
THU183	4315532	203868	2951095	1697792
LAN134	5364733	236374	3073480	1973327
LAN135	6714920	254431	3334549	2298240
THU185	5527069	240851	3477970	2061919
THU187	5263435	184161	2484525	1779142
SUO001	5627891	286322	3588101	2208443
SUO002	3402240	149185	1731432	1141647
BRZ001	4405044	209456	2781966	1671616
SUO003	4360496	188594	2335450	1483105
SUO004	6506118	305344	4046780	2464299
THU010	2663997	124770	1429360	947241
SUO005	4362058	241511	3575397	1884058
BRZ004	5876102	326561	5080666	2632263
THU011	5160390	260425	3502681	2000377
SUO006	1652485	73005	659120	525337
BRZ005	5382947	250847	3487324	1998368
SUO020	5383760	296085	3787154	2145932
BRZ006	7093596	333047	4335548	2678136
BRZ020	5281694	242349	2593866	1779154
THU014	3530725	184148	2556051	1416690
SUO022	2553722	101434	1429739	941700
SUO009	5068845	244730	3030613	1848299
BRZ021	3399148	167557	1660059	1183144
BRZ008	5909417	286921	3795870	2284563
SUO023	3670645	170225	2304830	1402862
BIE030	2492173	103136	1202711	872495
BRZ025	2757345	129497	1508601	1007986
THU019	4753251	266979	3579204	1992150
SUO027	3895372	216412	2856913	1573141
BRZ026	3011774	154620	2053739	1201354
WAL003	6293560	338115	5313085	2725214
BRZ040	2066275	94016	943600	671498
BRZ027	3343229	133118	1574818	1141444
WAL004	7461994	364933	5343511	2931464
BRZ028	4395059	231718	2847376	1675667
BRZ041	3003876	134085	1520449	1061814
SUO043	6736481	297671	3965567	2428669
BIE050	4232572	206360	2856374	1660180
WAL006	8980626	452699	7257049	3800182
WAL007	4288190	258301	3949516	1966625
BRZ044	2420315	123362	1482177	946615
WAL021	1822766	74588	1470522	533314
THU038	8713088	449850	6098995	3515264
BRZ045	1117655	42554	400966	277511
WAL022	5068150	233204	3461304	2054061
WAL009	6099235	345282	4827162	2607594
THU039	5195541	280211	3485819	2062612
SUO060	3118787	145836	1510704	1087102
SUO047	3437048	190664	2934182	1436118
BRZ046	4023111	181822	2256408	1464677
SUO061	2998150	132759	1459262	1041246
SUO048	4779927	220172	2621975	1767759
BRZ047	2974487	132122	1614579	1095998
WAL024	4732302	251654	4075519	1987009
SUO049	4021262	185848	2169524	1459839
LAN005	4424408	222843	2885274	1716590
THU056	4007270	205402	2936580	1665473
WAL040	5991014	284000	3852368	2238694
WAL041	5589572	259105	3477034	2049794
LAN022	4230658	217215	2806657	1635323
WAL042	2450542	131266	2473598	1179600
SUO100	5530958	234917	3071228	1935022
SUO080	4864542	208199	2115595	1579917
BRZ066	1306454	43138	551076	428535
THU073	3224068	130760	2465904	905848
SUO101	4970133	248816	4029478	2159440
SUO081	3189960	116676	1056133	978988
SUO102	6094039	273134	3808741	2250552
SUO082	3939002	151281	1377358	1229982
BRZ068	3372552	155409	1827228	1204682
WAL045	5887340	338605	6496314	2974202
SUO083	905597	33547	247839	258638
SUO104	4794667	224752	3554421	2021401
SUO084	4515956	188712	1786248	1411886
LAN040	7839456	381153	5219507	3013521
BRZ083	6101398	295085	3691150	2208722
THU110	1427714	63133	950588	553114
THU077	4442442	168664	2227858	1586516
SUO105	4824102	196668	2755285	1784595
LAN041	5856830	279522	3496623	2196504
BIE092	5781128	226252	2892889	2061390
THU111	3514837	198122	3270984	1626311
THU091	3395687	166801	1989893	1290127
LAN042	7486597	334840	3370491	2522043
LAN029	584337	26488	204693	211965
THU079	4184600	204338	2674562	1541497
SUO120	3500133	161399	2347735	1380675
SUO087	5114338	235459	3476227	1995965
LAN043	6444143	296920	4135810	2529002
THU113	2787115	121082	1423715	998030
SUO108	1639936	110406	2972711	1125175
SUO088	4925990	222197	3119394	1862638
LAN044	1905966	69166	660224	590643
BRZ107	4167594	185672	2400956	1520581
THU114	5087505	206807	2654138	1881705
SUO122	2733772	127620	1747333	1059151
LAN045	1487811	85911	943182	568939
BRZ108	607960	31319	417954	242666
SUO124	5452145	232011	2810979	1931503
LAN060	4967316	235186	2988147	1871776
LAN047	1685211	89613	1035699	643479
THU097	4764491	249045	3039408	1890301
SUO125	4605286	206508	2655314	1717245
LAN061	3848883	176854	2238312	1127104
LAN048	1631839	56904	843011	387080
THU118	2760803	109001	1320701	979261
SUO126	5159547	228223	2952463	1873083
LAN062	2265715	85978	766008	546023
LAN049	3559070	124173	1194604	1067680
THU119	2167573	105341	1579840	889796
THU099	4346275	199037	2476225	1575333
SUO127	6184545	265382	3433543	2218947
LAN063	3463577	150621	1501144	1134570
LAN064	3163108	121167	1110550	980412
WAL084	3904598	204306	3545193	1713090
LAN065	4743870	219570	2104354	1614998
WAL086	4463911	219292	3288095	1805905
LAN067	6098421	255069	2516065	2047626
WAL088	5245942	247852	3842085	2114273
LAN102	3292483	143972	2254909	1271653
LAN103	4283588	223970	3253508	1731452
LAN087	4825611	237857	2972543	1876609
LAN088	4837941	222452	2640331	1690332
LAN089	6487546	226235	2547713	2042461
THU173	381630	25459	1603022	498274
THU190	3125186	147207	2067138	1245983
THU177	4860660	233614	3731036	2079846
THU179	3425149	148785	2048494	1296086
BIE002	2625990	124522	1534197	976023
THU001	1040691	43840	409325	341171
THU002	3632696	173488	2237067	1341856
BIE004	2282731	98538	1149825	789475
THU197	3105512	144294	2060409	1215016
SUO011	6024172	306657	4398436	2402794
BIE005	1313116	54852	491630	419103
THU198	2548483	113228	1412719	951203
THU004	2230442	95318	1067405	750008
SUO012	2976980	156724	1758796	1158981
BIE006	762756	33453	301182	250777
BRZ011	3914825	205785	2647741	1584179
THU199	1327411	50121	574946	466442
THU005	3651698	176391	2099876	1339153
BIE007	1928004	100231	975923	685333
BRZ013	3520878	175836	2452871	1386396
BIE008	1082856	45339	370476	341062
THU007	4685364	238798	3330489	1925606
BRZ014	1478895	71989	731190	529519
SUO016	8819947	404917	5248378	3238944
BRZ015	2565254	140169	1525171	965003
SUO030	6075430	356148	5373702	2761750
SUO031	1572642	53670	736397	363322
SUO019	7321521	363049	5622690	2967357
BRZ031	2279109	83304	1066836	521397
BRZ019	1770859	95756	964350	650919
SUO034	5717206	238809	2762125	1931645
BIE028	4903024	217760	2852752	1822106
BRZ033	1405241	48863	695839	336608
WAL010	6896050	361275	5106825	2810605
THU027	3162776	171329	2238244	1278675
BRZ034	1817247	62745	922300	420096
BIE044	2650916	128293	2071855	752374
BIE045	1134579	38579	413582	242800
WAL014	4738487	220719	3476535	1933158
BRZ052	5273320	244809	3023619	1953401
BRZ039	3144107	142697	1630542	1045505
ZUR011	7011970	237921	3108951	2328306
WAL016	8006655	431231	5491917	3155953
BIE048	4692038	228138	2806027	1702796
WAL030	3341907	135489	1545496	889674
THU060	4035501	205216	3428592	1766300
BRZ054	4744475	211209	2477157	1704811
BIE049	2190622	116217	1282098	848903
WAL031	5948534	294721	4274951	2367563
THU061	3565561	249887	5328510	2173167
SUO056	5416320	259738	3610845	1669158
WAL033	6368566	289819	3727040	2428700
SUO058	3456802	142993	1656354	907257
BRZ070	4271159	194094	2142840	1521610
BRZ057	5668201	284635	3514771	2237048
SUO059	6189301	283378	3966146	2381398
BRZ071	2462184	108688	1187545	871851
ZUR018	4921139	218719	2943673	1839296
WAL036	5027889	293439	4386488	2315115
THU066	769013	35690	438070	287976
LAN017	6468738	297817	4234618	2398762
THU080	4194855	214205	2846767	1594111
THU067	5216939	254378	3465781	1383047
LAN018	4772790	224126	3015860	1765468
THU081	3724506	181882	2402018	1444260
SUO076	5575238	227317	2208067	1835777
LAN019	7507759	346776	4543264	2844592
THU082	5393623	232201	3109338	1549937
SUO090	5157439	278682	4409029	2183299
SUO077	4599898	194123	2145265	1496833
LAN033	2961115	143296	1408073	1009464
THU083	3678714	168145	2224912	1104711
SUO111	500964	29408	1640549	523312
BRZ110	1318187	56926	613950	448510
THU104	4527874	228815	3113722	1780019
THU084	4263656	220111	3090045	1718380
SUO112	5366360	224312	2864830	1959359
SUO092	4808661	202808	2734506	1773152
BRZ111	1351214	40743	503966	439797
THU106	5762953	291874	3932821	2319227
THU086	3924939	199417	2914437	1596403
SUO114	5037129	235336	3680502	2123634
SUO094	7263022	294433	3866733	2682452
LAN050	5976072	224756	2616045	2050357
THU120	3229270	147102	2411662	1287928
THU107	4944517	229525	3174606	1912148
THU087	4639975	236358	2922116	1797117
SUO115	6424557	293143	4073937	2513904
SUO095	103997	3352	27171	32591
LAN038	4342927	219739	2696647	1680952
BRZ114	3250965	132316	1698870	1180593
THU108	6105087	292719	3636150	2268552
SUO116	4765379	225598	3327435	1890317
LAN052	2218854	107794	1277299	799603
LAN039	6439196	349537	4262647	2557364
BRZ115	1581227	68274	860715	589331
THU109	4528234	251043	4015704	2007154
SUO117	3309185	143035	1980939	1245431
SUO097	2771099	104517	1716842	710325
SUO118	4167739	188665	2737081	1626663
THU124	1902658	87563	1297018	739890
SUO119	5483999	266873	3571750	2157576
SUO099	3955320	182311	3066705	1615429
BRZ099	3849340	197635	2866558	1527003
THU127	3450575	173936	2801122	1490473
LAN071	4742490	256025	3400617	1937151
WAL078	6553705	283164	3986610	2500347
THU128	4663331	230865	3748834	1999827
LAN072	3755047	168214	2207353	1360479
LAN059	5478714	247452	3167258	2061375
WAL079	3998017	207473	2962659	1646685
THU143	2401902	100694	1389864	901861
LAN074	5420215	243344	3132173	2024592
LAN090	4642744	220696	3978873	2032256
LAN111	3057010	158835	2565532	1331711
LAN092	4434546	215681	2889990	1717291
LAN113	3020946	140232	2081392	1198638
LAN093	3751239	222575	4348830	1954104
LAN114	4613508	193707	2844143	1746776
THU164	4809323	220847	3459641	1960165
LAN115	6074076	277896	4060630	2391306
LAN095	5838323	347751	4851252	2566685
THU165	2725668	163922	3156450	1407808
LAN130	3478867	145224	1899382	1276801
LAN117	1100264	69078	1425408	599406
LAN097	5766422	218931	2513377	1967360
175600	5563053	263412	3921632	2167535
175601	2917937	115645	2036842	798474
175602	2431999	97002	1827522	696440
175603	4519336	210111	3258121	1257627
175604	5717087	257145	3713733	2159005
175605	5240525	250683	3793384	2071795
175606	7406463	328771	4718595	2677749
175607	4587640	197280	2900705	1772074
175608	4377538	191670	2742488	1698991
175609	5313120	237488	3490863	2088587
175610	6986476	287356	3940981	1998886
175611	5730039	251380	3646489	1748038
175612	6233532	253513	3690974	1809191
175613	6295625	261888	3714928	2305939
175614	6002616	263801	3866896	2298647
175615	6536545	282896	4070034	2490350
175616	6850100	301814	4230497	2634317
175617	5989397	271893	3964748	2402981
175618	7916815	309507	4468247	2886760
175619	6864385	299032	4310103	2684675
175620	6400290	265716	3214416	2198470
175621	5457298	232884	4376463	2298381
